# q:-1.000000e+00, m:1.000000e+00, N:480 - x,px,py,pz,w
1.872915904021070901e+02 2.445526585374547812e-01 1.320174581887552899e-02 0.000000000000000000e+00 1.963495408493620871e-03
1.637946712930765045e+02 -8.527901062499004814e-02 -1.658377575992964637e-03 0.000000000000000000e+00 1.963495408493620871e-03
1.984381425946489230e+02 3.003792375190221797e-01 -3.861269824629646324e-03 0.000000000000000000e+00 1.963495408493620871e-03
2.130190740063908663e+02 1.163422070358704208e-01 7.687647344413146150e-03 0.000000000000000000e+00 1.963495408493620871e-03
2.059408465386457294e+02 1.263751703893464251e-01 6.931326904836996802e-03 0.000000000000000000e+00 1.963495408493620871e-03
1.977312519607118020e+02 1.532165302682915453e-01 -8.603782116458728868e-03 0.000000000000000000e+00 1.963495408493620871e-03
1.909646252785643981e+02 5.074494446130666664e-02 -1.444204859657489438e-02 0.000000000000000000e+00 1.963495408493620871e-03
1.898165892445246072e+02 1.037963739136553709e-01 -8.511039365139604074e-03 0.000000000000000000e+00 1.963495408493620871e-03
1.941540704443812047e+02 2.383222095429052279e-01 1.305955754707244926e-02 0.000000000000000000e+00 1.963495408493620871e-03
1.927659091859742659e+02 1.313051617740074173e-01 7.937499643942158914e-03 0.000000000000000000e+00 1.963495408493620871e-03
1.893026807420829982e+02 8.656319785659179200e-02 -2.573785476152838821e-03 0.000000000000000000e+00 1.963495408493620871e-03
1.881058414120127793e+02 6.061152467510874664e-02 1.313071197205697982e-02 0.000000000000000000e+00 1.963495408493620871e-03
1.855978421084273862e+02 -8.130362120269146731e-02 -7.238840190270798974e-03 0.000000000000000000e+00 1.963495408493620871e-03
1.855989541728387167e+02 -8.285366548505304629e-02 -6.273318443680515888e-03 0.000000000000000000e+00 1.963495408493620871e-03
1.870116167671133383e+02 -9.195825961941645615e-03 1.106136560488686638e-02 0.000000000000000000e+00 1.963495408493620871e-03
1.879830442696035107e+02 4.755796539815456553e-02 1.386975770472034797e-02 0.000000000000000000e+00 1.963495408493620871e-03
1.890217077934524355e+02 6.870785920316074824e-02 1.566180517689523544e-03 0.000000000000000000e+00 1.963495408493620871e-03
1.894137738487156923e+02 7.255806262266040196e-02 -3.170657641635471653e-03 0.000000000000000000e+00 1.963495408493620871e-03
1.898781352533051461e+02 6.747676181725136002e-02 -1.005693995125497668e-02 0.000000000000000000e+00 1.963495408493620871e-03
1.900872199689117679e+02 5.821020653861603417e-02 -1.126205729600097960e-02 0.000000000000000000e+00 1.963495408493620871e-03
1.905913389538874014e+02 4.204493109933376410e-02 -1.477694570357549961e-02 0.000000000000000000e+00 1.963495408493620871e-03
1.908643033959278910e+02 4.215440786909791654e-02 -1.383610935163662008e-02 0.000000000000000000e+00 1.963495408493620871e-03
1.914601331204422081e+02 4.342530124735761304e-02 -1.077030071115983069e-02 0.000000000000000000e+00 1.963495408493620871e-03
1.916722348801085616e+02 4.250392601101104367e-02 -7.473860054544293266e-03 0.000000000000000000e+00 1.963495408493620871e-03
1.920254173294180191e+02 4.544054284140093547e-02 -3.569936198664734953e-03 0.000000000000000000e+00 1.963495408493620871e-03
1.922501232540298872e+02 4.899954747085565054e-02 5.806712312072370014e-04 0.000000000000000000e+00 1.963495408493620871e-03
1.925984408274363489e+02 5.706151082405704067e-02 4.635582432548516173e-03 0.000000000000000000e+00 1.963495408493620871e-03
1.927641884943171249e+02 6.099916162513140117e-02 7.664040567222960877e-03 0.000000000000000000e+00 1.963495408493620871e-03
1.930852689370342432e+02 6.877006315214653775e-02 1.041479377715492927e-02 0.000000000000000000e+00 1.963495408493620871e-03
1.932259392740649560e+02 7.138497272054802889e-02 1.256162260378934463e-02 0.000000000000000000e+00 1.963495408493620871e-03
1.935045626980048041e+02 7.774109988214730760e-02 1.350049914403096338e-02 0.000000000000000000e+00 1.963495408493620871e-03
1.936489494987692694e+02 8.102505791867760376e-02 1.485234911843001139e-02 0.000000000000000000e+00 1.963495408493620871e-03
1.938929139978761214e+02 8.681667755657052066e-02 1.404622620279492862e-02 0.000000000000000000e+00 1.963495408493620871e-03
1.940116396811976927e+02 8.868144048677509272e-02 1.455809754717957843e-02 0.000000000000000000e+00 1.963495408493620871e-03
1.942400779452346740e+02 9.249892703922686643e-02 1.262181748873885019e-02 0.000000000000000000e+00 1.963495408493620871e-03
1.943523910230882734e+02 9.294188044374923630e-02 1.248374791123985431e-02 0.000000000000000000e+00 1.963495408493620871e-03
1.945606548798096753e+02 9.275978403142981499e-02 9.731891767308729901e-03 0.000000000000000000e+00 1.963495408493620871e-03
1.946822305115815652e+02 9.181636198984308161e-02 9.009579096873304715e-03 0.000000000000000000e+00 1.963495408493620871e-03
1.948943245523196879e+02 8.891288684579315427e-02 5.624745354560752725e-03 0.000000000000000000e+00 1.963495408493620871e-03
1.950248470342110920e+02 8.634026502080016652e-02 4.620040966130944948e-03 0.000000000000000000e+00 1.963495408493620871e-03
1.952749960568561676e+02 8.174999704524164856e-02 4.763003019911688646e-04 0.000000000000000000e+00 1.963495408493620871e-03
1.954182255181025880e+02 7.855616861850897581e-02 -8.494468995541388720e-04 0.000000000000000000e+00 1.963495408493620871e-03
1.957014366044188307e+02 7.427444299522353854e-02 -5.423497319868967464e-03 0.000000000000000000e+00 1.963495408493620871e-03
1.958728206991850698e+02 7.221334051296007805e-02 -7.053090200496995449e-03 0.000000000000000000e+00 1.963495408493620871e-03
1.961867035398577173e+02 7.086446655968695052e-02 -1.130381880723393961e-02 0.000000000000000000e+00 1.963495408493620871e-03
1.963580254735996107e+02 7.072635276168517948e-02 -1.219423488474010928e-02 0.000000000000000000e+00 1.963495408493620871e-03
1.966741881641232226e+02 7.328768563716898943e-02 -1.459729015711295867e-02 0.000000000000000000e+00 1.963495408493620871e-03
1.968483376418653563e+02 7.590543993425312441e-02 -1.428646489521124587e-02 0.000000000000000000e+00 1.963495408493620871e-03
1.971425542026991309e+02 8.238921151661418585e-02 -1.437741615179260850e-02 0.000000000000000000e+00 1.963495408493620871e-03
1.972963688578877282e+02 8.632600059564490835e-02 -1.289840670416939755e-02 0.000000000000000000e+00 1.963495408493620871e-03
1.975573372590860401e+02 9.451935575159391145e-02 -1.133656912105925063e-02 0.000000000000000000e+00 1.963495408493620871e-03
1.976952616770030318e+02 9.846539450575975128e-02 -9.319177409437042967e-03 0.000000000000000000e+00 1.963495408493620871e-03
1.979249553136002078e+02 1.043674327658009465e-01 -7.163529932987331567e-03 0.000000000000000000e+00 1.963495408493620871e-03
1.980488199292077240e+02 1.064919480977617461e-01 -5.047463442851337495e-03 0.000000000000000000e+00 1.963495408493620871e-03
1.982637344183742130e+02 1.098218415425639138e-01 -2.794924939597608765e-03 0.000000000000000000e+00 1.963495408493620871e-03
1.983827825876030886e+02 1.107660382982082331e-01 -6.227882296833053485e-04 0.000000000000000000e+00 1.963495408493620871e-03
1.985907727451723019e+02 1.123333409070237376e-01 1.538717426153067037e-03 0.000000000000000000e+00 1.963495408493620871e-03
1.987066106170929629e+02 1.124075420481556870e-01 3.619910403272497915e-03 0.000000000000000000e+00 1.963495408493620871e-03
1.989086515868147274e+02 1.127736603693963308e-01 5.486028640161856249e-03 0.000000000000000000e+00 1.963495408493620871e-03
1.990261403374672682e+02 1.124071093640718749e-01 7.321449396815642684e-03 0.000000000000000000e+00 1.963495408493620871e-03
1.992249815822233927e+02 1.120051467553702385e-01 8.984960840550278854e-03 0.000000000000000000e+00 1.963495408493620871e-03
1.993395856443725336e+02 1.112235962495881220e-01 1.052981226247528233e-02 0.000000000000000000e+00 1.963495408493620871e-03
1.995361559554741291e+02 1.103677435188944456e-01 1.169196616422686283e-02 0.000000000000000000e+00 1.963495408493620871e-03
1.996514619942406057e+02 1.093157767962443933e-01 1.279499005618610352e-02 0.000000000000000000e+00 1.963495408493620871e-03
1.998463395124817623e+02 1.078414552082385125e-01 1.316872920739532021e-02 0.000000000000000000e+00 1.963495408493620871e-03
1.999617992220715337e+02 1.063855366982616735e-01 1.381610290230288196e-02 0.000000000000000000e+00 1.963495408493620871e-03
2.001538888231835926e+02 1.042189223157782146e-01 1.339388058213954180e-02 0.000000000000000000e+00 1.963495408493620871e-03
2.002703453656461932e+02 1.023594205018364678e-01 1.346607527694911044e-02 0.000000000000000000e+00 1.963495408493620871e-03
2.004628114202797065e+02 9.955283713118437405e-02 1.224924018599823222e-02 0.000000000000000000e+00 1.963495408493620871e-03
2.005819177775954643e+02 9.731305426549155535e-02 1.171660624824101375e-02 0.000000000000000000e+00 1.963495408493620871e-03
2.007738958534503411e+02 9.374095146942229562e-02 9.808167242895602517e-03 0.000000000000000000e+00 1.963495408493620871e-03
2.008931115516675163e+02 9.094017379782101673e-02 8.835425488634666633e-03 0.000000000000000000e+00 1.963495408493620871e-03
2.010890232077511257e+02 8.665267453158073674e-02 6.437015950040616413e-03 0.000000000000000000e+00 1.963495408493620871e-03
2.012123544852917689e+02 8.344710398052265776e-02 5.296749233063054868e-03 0.000000000000000000e+00 1.963495408493620871e-03
2.014088902171635027e+02 7.843844385861467594e-02 2.734051407038029513e-03 0.000000000000000000e+00 1.963495408493620871e-03
2.015385281336788523e+02 7.476263647042871718e-02 1.542598599654172731e-03 0.000000000000000000e+00 1.963495408493620871e-03
2.017391257148933050e+02 6.894065757723090437e-02 -1.077184170004686671e-03 0.000000000000000000e+00 1.963495408493620871e-03
2.018738808694768920e+02 6.478810496175993472e-02 -2.339940863370384722e-03 0.000000000000000000e+00 1.963495408493620871e-03
2.020875693256494685e+02 5.849156979925033972e-02 -5.002374043871979370e-03 0.000000000000000000e+00 1.963495408493620871e-03
2.022225071475260165e+02 5.382131520315178164e-02 -6.165806384736202336e-03 0.000000000000000000e+00 1.963495408493620871e-03
2.024471860546939581e+02 4.704500791305457619e-02 -8.424559445145078651e-03 0.000000000000000000e+00 1.963495408493620871e-03
2.026001990269933799e+02 4.225521423990264563e-02 -9.488827349111828013e-03 0.000000000000000000e+00 1.963495408493620871e-03
2.028308540034705061e+02 3.525209030611079625e-02 -1.092761957371179982e-02 0.000000000000000000e+00 1.963495408493620871e-03
2.029931453567267852e+02 3.051094169131172290e-02 -1.146455252504785874e-02 0.000000000000000000e+00 1.963495408493620871e-03
2.032407530094376114e+02 2.394631762179331297e-02 -1.193695159857630084e-02 0.000000000000000000e+00 1.963495408493620871e-03
2.034127437324552830e+02 1.956501783251077264e-02 -1.168137703161638112e-02 0.000000000000000000e+00 1.963495408493620871e-03
2.036711619262381703e+02 1.394404935249792671e-02 -1.076245205453959380e-02 0.000000000000000000e+00 1.963495408493620871e-03
2.038500187661342125e+02 1.040183030358281593e-02 -9.614345640840821217e-03 0.000000000000000000e+00 1.963495408493620871e-03
2.041143496071064760e+02 6.143603665607806803e-03 -7.671907421398917876e-03 0.000000000000000000e+00 1.963495408493620871e-03
2.042956098196237065e+02 3.524045742891771926e-03 -6.081693879174961126e-03 0.000000000000000000e+00 1.963495408493620871e-03
2.045573994072796040e+02 6.762554253789349393e-04 -3.570728918515805525e-03 0.000000000000000000e+00 1.963495408493620871e-03
2.047366197079871597e+02 -1.109238638878479871e-03 -1.777825990635203447e-03 0.000000000000000000e+00 1.963495408493620871e-03
2.049902806701844327e+02 -2.948205132329380709e-03 7.524413907570733605e-04 0.000000000000000000e+00 1.963495408493620871e-03
2.051664111389567893e+02 -3.993092087449775021e-03 2.465754948574146004e-03 0.000000000000000000e+00 1.963495408493620871e-03
2.054088244567592199e+02 -5.521267440611359739e-03 4.675424144660286427e-03 0.000000000000000000e+00 1.963495408493620871e-03
2.055787714405271913e+02 -6.822449778054864855e-03 6.074151651138426887e-03 0.000000000000000000e+00 1.963495408493620871e-03
2.058146283449967200e+02 -8.389785819029868530e-03 7.747540669996278752e-03 0.000000000000000000e+00 1.963495408493620871e-03
2.059825288800090277e+02 -1.047855687027543156e-02 8.570965972073400774e-03 0.000000000000000000e+00 1.963495408493620871e-03
2.062151658379318633e+02 -1.426551480032462599e-02 9.442182592535432531e-03 0.000000000000000000e+00 1.963495408493620871e-03
2.063848422137420755e+02 -1.749901865326939504e-02 9.607151197560795386e-03 0.000000000000000000e+00 1.963495408493620871e-03
2.066202115877635208e+02 -2.216683794888440334e-02 9.588355160385345424e-03 0.000000000000000000e+00 1.963495408493620871e-03
2.067944377966522325e+02 -2.575576237539968505e-02 8.932317944999415907e-03 0.000000000000000000e+00 1.963495408493620871e-03
2.070328229996994480e+02 -3.050775387694686092e-02 8.074769654527897897e-03 0.000000000000000000e+00 1.963495408493620871e-03
2.072123932792686105e+02 -3.402460033208694334e-02 6.875066585044501549e-03 0.000000000000000000e+00 1.963495408493620871e-03
2.074529075636853577e+02 -3.866871798655187320e-02 5.522481009316845130e-03 0.000000000000000000e+00 1.963495408493620871e-03
2.076361408272947244e+02 -4.205641528329040479e-02 4.021365981899694200e-03 0.000000000000000000e+00 1.963495408493620871e-03
2.078811474835513025e+02 -4.641404782721424149e-02 2.511978530464540997e-03 0.000000000000000000e+00 1.963495408493620871e-03
2.080640952158196910e+02 -4.973871390679326931e-02 9.389782114201930194e-04 0.000000000000000000e+00 1.963495408493620871e-03
2.083153730527844516e+02 -5.366267374831480697e-02 -7.920726176888937421e-04 0.000000000000000000e+00 1.963495408493620871e-03
2.085016723116434036e+02 -5.676836393475741260e-02 -2.502831157857320164e-03 0.000000000000000000e+00 1.963495408493620871e-03
2.087492595998671163e+02 -6.053299117433835752e-02 -4.118533186246085137e-03 0.000000000000000000e+00 1.963495408493620871e-03
2.089453977192054310e+02 -6.314138059445081885e-02 -5.727665678290076723e-03 0.000000000000000000e+00 1.963495408493620871e-03
2.091953866133471251e+02 -6.656686107460793589e-02 -6.880822754864158140e-03 0.000000000000000000e+00 1.963495408493620871e-03
2.093887739745867123e+02 -6.918378118354079342e-02 -7.842214270987189415e-03 0.000000000000000000e+00 1.963495408493620871e-03
2.096464469227000507e+02 -7.205965684663243054e-02 -7.956962683984953461e-03 0.000000000000000000e+00 1.963495408493620871e-03
2.098470777725897847e+02 -7.419321335948797502e-02 -8.073174715480765581e-03 0.000000000000000000e+00 1.963495408493620871e-03
2.101026662142915313e+02 -7.679748614108070082e-02 -6.994234411113013639e-03 0.000000000000000000e+00 1.963495408493620871e-03
2.103041609767397517e+02 -7.866930844471103912e-02 -6.510243309929100372e-03 0.000000000000000000e+00 1.963495408493620871e-03
2.105634744115120043e+02 -8.060923150438786822e-02 -4.892977102432609013e-03 0.000000000000000000e+00 1.963495408493620871e-03
2.107678939174235495e+02 -8.190251185387578681e-02 -4.206693156484322960e-03 0.000000000000000000e+00 1.963495408493620871e-03
2.110241146753305088e+02 -8.327576430626537629e-02 -2.324678252403599051e-03 0.000000000000000000e+00 1.963495408493620871e-03
2.112257617494860540e+02 -8.423026595285096341e-02 -1.535317685734574611e-03 0.000000000000000000e+00 1.963495408493620871e-03
2.114772506299367194e+02 -8.512818615089848273e-02 6.866403312977334677e-04 0.000000000000000000e+00 1.963495408493620871e-03
2.116772085596823558e+02 -8.558185795476716540e-02 1.671288934137729349e-03 0.000000000000000000e+00 1.963495408493620871e-03
2.119237355948463915e+02 -8.583376004251797031e-02 3.714897605764282910e-03 0.000000000000000000e+00 1.963495408493620871e-03
2.121193128382119255e+02 -8.601538923382262558e-02 4.377005916695828405e-03 0.000000000000000000e+00 1.963495408493620871e-03
2.123586021733132725e+02 -8.632222959236754423e-02 5.825011453518992056e-03 0.000000000000000000e+00 1.963495408493620871e-03
2.125516775804227052e+02 -8.638936343931205575e-02 5.938430166638212528e-03 0.000000000000000000e+00 1.963495408493620871e-03
2.127880372346098454e+02 -8.637726919359264843e-02 6.601126521561495944e-03 0.000000000000000000e+00 1.963495408493620871e-03
2.129796815724278076e+02 -8.693261516861577887e-02 6.167902224225493488e-03 0.000000000000000000e+00 1.963495408493620871e-03
2.132149479271227221e+02 -8.827010519953942813e-02 6.357434656077541602e-03 0.000000000000000000e+00 1.963495408493620871e-03
2.134087483660172211e+02 -8.968671746050954630e-02 5.516927973651783793e-03 0.000000000000000000e+00 1.963495408493620871e-03
2.136465809078581515e+02 -9.177627140707289577e-02 5.280330427436358623e-03 0.000000000000000000e+00 1.963495408493620871e-03
2.138434642727535504e+02 -9.352958249030188242e-02 3.930053170310613027e-03 0.000000000000000000e+00 1.963495408493620871e-03
2.140834303916477666e+02 -9.561713634429230835e-02 3.188856211087656364e-03 0.000000000000000000e+00 1.963495408493620871e-03
2.142821191630899023e+02 -9.725958048712224358e-02 1.346737326102415665e-03 0.000000000000000000e+00 1.963495408493620871e-03
2.145218749134063501e+02 -9.919194539013209688e-02 2.923950173015043945e-04 0.000000000000000000e+00 1.963495408493620871e-03
2.147202822526343198e+02 -1.007143043589570353e-01 -1.758686072088205387e-03 0.000000000000000000e+00 1.963495408493620871e-03
2.149575043576312225e+02 -1.025035011766514959e-01 -2.705877407681743594e-03 0.000000000000000000e+00 1.963495408493620871e-03
2.151540426193706139e+02 -1.039298515512795673e-01 -4.382223812565508997e-03 0.000000000000000000e+00 1.963495408493620871e-03
2.153877231252433262e+02 -1.056209052122462078e-01 -4.926125590015669950e-03 0.000000000000000000e+00 1.963495408493620871e-03
2.155822839773934163e+02 -1.069939308214725160e-01 -6.205663381790063257e-03 0.000000000000000000e+00 1.963495408493620871e-03
2.158136140533385969e+02 -1.086470951141587649e-01 -6.158583079319098624e-03 0.000000000000000000e+00 1.963495408493620871e-03
2.160079159585810373e+02 -1.100133875992855281e-01 -6.889242054415723945e-03 0.000000000000000000e+00 1.963495408493620871e-03
2.162400324057823298e+02 -1.116679217129634694e-01 -6.257746013887941806e-03 0.000000000000000000e+00 1.963495408493620871e-03
2.164368573140790772e+02 -1.130346395535693771e-01 -6.480768888703422950e-03 0.000000000000000000e+00 1.963495408493620871e-03
2.166732219549669480e+02 -1.146566368941032699e-01 -5.218102438689998027e-03 0.000000000000000000e+00 1.963495408493620871e-03
2.168746224277719250e+02 -1.159505528430112009e-01 -4.960387121935641401e-03 0.000000000000000000e+00 1.963495408493620871e-03
2.171165470193639635e+02 -1.174194059755642172e-01 -3.069850139163614496e-03 0.000000000000000000e+00 1.963495408493620871e-03
2.173221424561764081e+02 -1.185239512970697739e-01 -2.513874115538517265e-03 0.000000000000000000e+00 1.963495408493620871e-03
2.175675166872520947e+02 -1.197409116001042495e-01 -1.990766292140244871e-04 0.000000000000000000e+00 1.963495408493620871e-03
2.177746258177969025e+02 -1.206310946418711061e-01 4.265071795747563382e-04 0.000000000000000000e+00 1.963495408493620871e-03
2.180195583423673327e+02 -1.216462237136375912e-01 2.732787834769163926e-03 0.000000000000000000e+00 1.963495408493620871e-03
2.182250012785094100e+02 -1.224178329158934486e-01 3.173341571802767991e-03 0.000000000000000000e+00 1.963495408493620871e-03
2.184658996356049556e+02 -1.233684140175566879e-01 5.144282765927913996e-03 0.000000000000000000e+00 1.963495408493620871e-03
2.186672200496731477e+02 -1.241367228306813064e-01 5.306428286861473130e-03 0.000000000000000000e+00 1.963495408493620871e-03
2.189023260445779329e+02 -1.251281301971919613e-01 6.738258547832072683e-03 0.000000000000000000e+00 1.963495408493620871e-03
2.190992705420390791e+02 -1.259543012370851200e-01 6.396040215201017134e-03 0.000000000000000000e+00 1.963495408493620871e-03
2.193302327421819484e+02 -1.270201366329885284e-01 7.216054488033935704e-03 0.000000000000000000e+00 1.963495408493620871e-03
2.195256475233622950e+02 -1.279009098477672801e-01 6.394987714215776345e-03 0.000000000000000000e+00 1.963495408493620871e-03
2.197573822877035070e+02 -1.289996877248918150e-01 6.548842783909610867e-03 0.000000000000000000e+00 1.963495408493620871e-03
2.199557272823576568e+02 -1.298637206159960478e-01 5.100113025088633296e-03 0.000000000000000000e+00 1.963495408493620871e-03
2.201939306019722267e+02 -1.308370533555655579e-01 4.574829049433622001e-03 0.000000000000000000e+00 1.963495408493620871e-03
2.203986396598898807e+02 -1.314886660870914215e-01 2.559941200748175501e-03 0.000000000000000000e+00 1.963495408493620871e-03
2.206454622651789350e+02 -1.320541862489578722e-01 1.682968504134700095e-03 0.000000000000000000e+00 1.963495408493620871e-03
2.208557899670190920e+02 -1.322624563917501328e-01 -5.849083369508008973e-04 0.000000000000000000e+00 1.963495408493620871e-03
2.211073115908887132e+02 -1.322832169145028713e-01 -1.317997555534766198e-03 0.000000000000000000e+00 1.963495408493620871e-03
2.213186580344314507e+02 -1.321072846023884084e-01 -3.441871665524455417e-03 0.000000000000000000e+00 1.963495408493620871e-03
2.215689739142099484e+02 -1.318532214791329482e-01 -3.850754767415909535e-03 0.000000000000000000e+00 1.963495408493620871e-03
2.217773179881834551e+02 -1.316382637250942123e-01 -5.670051976247808892e-03 0.000000000000000000e+00 1.963495408493620871e-03
2.220220429648573486e+02 -1.315354687785138532e-01 -5.631345692227087557e-03 0.000000000000000000e+00 1.963495408493620871e-03
2.222242498363658285e+02 -1.315850879520550909e-01 -6.956217594367097856e-03 0.000000000000000000e+00 1.963495408493620871e-03
2.224601992269745949e+02 -1.318639748538115997e-01 -6.276227323278428874e-03 0.000000000000000000e+00 1.963495408493620871e-03
2.226555221193147531e+02 -1.322412336934407351e-01 -7.025356407060621283e-03 0.000000000000000000e+00 1.963495408493620871e-03
2.228843885168680288e+02 -1.328515483978173206e-01 -5.693736324596552351e-03 0.000000000000000000e+00 1.963495408493620871e-03
2.230769155093105951e+02 -1.334215912208793486e-01 -5.959392568839665463e-03 0.000000000000000000e+00 1.963495408493620871e-03
2.233056094784038237e+02 -1.341501801991606957e-01 -4.113849646847100340e-03 0.000000000000000000e+00 1.963495408493620871e-03
2.235017893147844745e+02 -1.346885238347844127e-01 -4.052295848183048131e-03 0.000000000000000000e+00 1.963495408493620871e-03
2.237394938259028550e+02 -1.351292200176702485e-01 -1.826100537292442080e-03 0.000000000000000000e+00 1.963495408493620871e-03
2.239453126589576470e+02 -1.351667119123420580e-01 -1.562078750423061095e-03 0.000000000000000000e+00 1.963495408493620871e-03
2.241957717983499094e+02 -1.346878303733357596e-01 9.109140813275300782e-04 0.000000000000000000e+00 1.963495408493620871e-03
2.244087903472791936e+02 -1.337707623361752973e-01 1.121718531917489936e-03 0.000000000000000000e+00 1.963495408493620871e-03
2.246635106390610019e+02 -1.321885946479632867e-01 3.481092033299453339e-03 0.000000000000000000e+00 1.963495408493620871e-03
2.248759240358951956e+02 -1.305356802580807107e-01 3.254982866373637342e-03 0.000000000000000000e+00 1.963495408493620871e-03
2.251273953453379590e+02 -1.285583627326910561e-01 5.146143982513350784e-03 0.000000000000000000e+00 1.963495408493620871e-03
2.253365991353394691e+02 -1.270059900998053992e-01 4.496219912673454257e-03 0.000000000000000000e+00 1.963495408493620871e-03
2.255824946237330551e+02 -1.256166719089759909e-01 5.882291729209057282e-03 0.000000000000000000e+00 1.963495408493620871e-03
2.257849987109691199e+02 -1.248665940714534933e-01 4.843762109441540620e-03 0.000000000000000000e+00 1.963495408493620871e-03
2.260190866972743322e+02 -1.245763553995861694e-01 5.791031410829559911e-03 0.000000000000000000e+00 1.963495408493620871e-03
2.262124308165008415e+02 -1.247007083670967770e-01 4.412912680041105630e-03 0.000000000000000000e+00 1.963495408493620871e-03
2.264359582521876177e+02 -1.252628904795195786e-01 5.106559616630299871e-03 0.000000000000000000e+00 1.963495408493620871e-03
2.266250072237028519e+02 -1.258878049548187161e-01 3.478594083044586616e-03 0.000000000000000000e+00 1.963495408493620871e-03
2.268462541933073453e+02 -1.267597754123814535e-01 3.992956751161375051e-03 0.000000000000000000e+00 1.963495408493620871e-03
2.270396837101442600e+02 -1.273480159626465269e-01 2.175996662414427484e-03 0.000000000000000000e+00 1.963495408493620871e-03
2.272714214813694582e+02 -1.277030592132583076e-01 2.500476434885163211e-03 0.000000000000000000e+00 1.963495408493620871e-03
2.274791886453856478e+02 -1.273372627849233552e-01 5.395867804540619393e-04 0.000000000000000000e+00 1.963495408493620871e-03
2.277307700886255191e+02 -1.258460926004020264e-01 7.663338306182370697e-04 0.000000000000000000e+00 1.963495408493620871e-03
2.279483446358356105e+02 -1.235327476350382980e-01 -1.304059697093680080e-03 0.000000000000000000e+00 1.963495408493620871e-03
2.281988728614101660e+02 -1.198960937416010397e-01 -9.029807912044800298e-04 0.000000000000000000e+00 1.963495408493620871e-03
2.284076745298292224e+02 -1.162603419637437824e-01 -2.861958229584020581e-03 0.000000000000000000e+00 1.963495408493620871e-03
2.286479731457862385e+02 -1.120552219614764644e-01 -2.087059522816586948e-03 0.000000000000000000e+00 1.963495408493620871e-03
2.288556565934513003e+02 -1.086505908643546903e-01 -3.792908089991140624e-03 0.000000000000000000e+00 1.963495408493620871e-03
2.290976618925409127e+02 -1.055279604582620434e-01 -2.719284243100924137e-03 0.000000000000000000e+00 1.963495408493620871e-03
2.293033043186658801e+02 -1.037795451357578919e-01 -4.149861867596826327e-03 0.000000000000000000e+00 1.963495408493620871e-03
2.295327755371409069e+02 -1.030429251992291961e-01 -2.806226464011037265e-03 0.000000000000000000e+00 1.963495408493620871e-03
2.297273791264766487e+02 -1.032514837882297087e-01 -4.066671127869489304e-03 0.000000000000000000e+00 1.963495408493620871e-03
2.299436097298125219e+02 -1.042934624706205737e-01 -2.496326320684817343e-03 0.000000000000000000e+00 1.963495408493620871e-03
2.301326741791716870e+02 -1.055208182273969092e-01 -3.677105158395334999e-03 0.000000000000000000e+00 1.963495408493620871e-03
2.303435833252922862e+02 -1.071972542552573904e-01 -1.903389684858293896e-03 0.000000000000000000e+00 1.963495408493620871e-03
2.305367225707279601e+02 -1.085380683025817528e-01 -2.981984315154175350e-03 0.000000000000000000e+00 1.963495408493620871e-03
2.307561861845357782e+02 -1.096940614946647075e-01 -1.047005788041095644e-03 0.000000000000000000e+00 1.963495408493620871e-03
2.309692196830332023e+02 -1.095399333967913696e-01 -1.935906472496813635e-03 0.000000000000000000e+00 1.963495408493620871e-03
2.312213772361656652e+02 -1.073617373940039116e-01 2.015216129694267057e-04 0.000000000000000000e+00 1.963495408493620871e-03
2.314524234651005088e+02 -1.031811186270525371e-01 -6.317923485204949598e-04 0.000000000000000000e+00 1.963495408493620871e-03
2.316904668074189431e+02 -9.700701308645973131e-02 1.475982943805152119e-03 0.000000000000000000e+00 1.963495408493620871e-03
2.318835490890513995e+02 -9.099871347955762468e-02 3.362711454765437546e-04 0.000000000000000000e+00 1.963495408493620871e-03
2.320834068039299325e+02 -8.483900117566643695e-02 2.229419526134569784e-03 0.000000000000000000e+00 1.963495408493620871e-03
2.322796432209106570e+02 -7.891130829244605294e-02 9.118557004682673094e-04 0.000000000000000000e+00 1.963495408493620871e-03
2.325098927960637241e+02 -7.324896471714355262e-02 2.592852844072942708e-03 0.000000000000000000e+00 1.963495408493620871e-03
2.327254008754616166e+02 -6.966062949802563631e-02 1.137855352504709783e-03 0.000000000000000000e+00 1.963495408493620871e-03
2.329502568025301343e+02 -6.838880509091631310e-02 2.693248289031146755e-03 0.000000000000000000e+00 1.963495408493620871e-03
2.331522763454191534e+02 -6.893937873526735649e-02 1.053753540469417639e-03 0.000000000000000000e+00 1.963495408493620871e-03
2.333632456662737127e+02 -7.103920632312252237e-02 2.597320196775971136e-03 0.000000000000000000e+00 1.963495408493620871e-03
2.335607036187235792e+02 -7.341870367889041793e-02 8.048783370697663864e-04 0.000000000000000000e+00 1.963495408493620871e-03
2.337658483101168088e+02 -7.637958219549867422e-02 2.346460189684859698e-03 0.000000000000000000e+00 1.963495408493620871e-03
2.339662574755811306e+02 -7.924087893033904262e-02 4.757431829256336675e-04 0.000000000000000000e+00 1.963495408493620871e-03
2.341697699424593395e+02 -8.240569360064733950e-02 2.000976001617009274e-03 0.000000000000000000e+00 1.963495408493620871e-03
2.343919307467908766e+02 -8.385629886908471664e-02 1.311763172139790348e-04 0.000000000000000000e+00 1.963495408493620871e-03
2.346516067494395656e+02 -8.179173069809772545e-02 1.541858559257580467e-03 0.000000000000000000e+00 1.963495408493620871e-03
2.349248879200868316e+02 -7.386574945413564020e-02 -2.556611560986684598e-04 0.000000000000000000e+00 1.963495408493620871e-03
2.351520192576160184e+02 -6.347356827593578221e-02 1.222036525825437574e-03 0.000000000000000000e+00 1.963495408493620871e-03
2.352976110730384960e+02 -5.624608882024322021e-02 -5.011242423202936407e-04 0.000000000000000000e+00 1.963495408493620871e-03
2.353962255173457550e+02 -5.217163741287950823e-02 1.149203639961829740e-03 0.000000000000000000e+00 1.963495408493620871e-03
2.355457670219415718e+02 -4.472690545211802093e-02 -5.534847398664716114e-04 0.000000000000000000e+00 1.963495408493620871e-03
2.357487488197701850e+02 -3.515613052138316652e-02 1.117460395134440166e-03 0.000000000000000000e+00 1.963495408493620871e-03
2.359861925934540352e+02 -2.689679204598198134e-02 -6.631981293278089214e-04 0.000000000000000000e+00 1.963495408493620871e-03
2.362116922493213451e+02 -2.379793397311468633e-02 1.266634901529753183e-03 0.000000000000000000e+00 1.963495408493620871e-03
2.364283685362125595e+02 -2.456351696259748488e-02 -6.279148932533658387e-04 0.000000000000000000e+00 1.963495408493620871e-03
2.366412262428976021e+02 -2.840747865195419886e-02 1.411726556873242264e-03 0.000000000000000000e+00 1.963495408493620871e-03
2.368638718860575523e+02 -3.252810900903749247e-02 -5.217631377075429176e-04 0.000000000000000000e+00 1.963495408493620871e-03
2.370773145594363029e+02 -3.627417280663645244e-02 1.436943534244984177e-03 0.000000000000000000e+00 1.963495408493620871e-03
2.373033711075300971e+02 -4.013511030517172284e-02 -5.559804856167225879e-04 0.000000000000000000e+00 1.963495408493620871e-03
2.375019548290972011e+02 -4.524588624034138473e-02 1.332999057926372109e-03 0.000000000000000000e+00 1.963495408493620871e-03
2.377392614954857493e+02 -5.094245598716383439e-02 -6.535081668538087829e-04 0.000000000000000000e+00 1.963495408493620871e-03
2.380269520241394048e+02 -4.992187429334404847e-02 9.067280207036999135e-04 0.000000000000000000e+00 1.963495408493620871e-03
2.384234892281096165e+02 -2.793957413863931705e-02 -9.460495382208741408e-04 0.000000000000000000e+00 1.963495408493620871e-03
2.386552768384868557e+02 -9.786857178778064770e-03 5.031175550821171804e-04 0.000000000000000000e+00 1.963495408493620871e-03
2.386735006475038290e+02 -1.005399332431572770e-02 -1.152322616753229112e-03 0.000000000000000000e+00 1.963495408493620871e-03
2.385669586887126741e+02 -2.202640501748025226e-02 6.076627295270985857e-04 0.000000000000000000e+00 1.963495408493620871e-03
2.385984509309809596e+02 -2.139493122379879791e-02 -1.157526471792380855e-03 0.000000000000000000e+00 1.963495408493620871e-03
2.387486744670512735e+02 -9.774872006639050842e-03 6.131059249767369882e-04 0.000000000000000000e+00 1.963495408493620871e-03
2.390223249111190569e+02 1.117798175771345451e-02 -1.610846909662928296e-03 0.000000000000000000e+00 1.963495408493620871e-03
2.392480210840443533e+02 2.130426543788740967e-02 6.013813787655458449e-04 0.000000000000000000e+00 1.963495408493620871e-03
2.394751111099489265e+02 2.356005651567157078e-02 -2.021291939566182382e-03 0.000000000000000000e+00 1.963495408493620871e-03
2.397008173230471755e+02 1.656571113311113702e-02 4.026275519057359760e-04 0.000000000000000000e+00 1.963495408493620871e-03
2.400005685059668963e+02 6.630240985034837470e-03 -2.065929424679689187e-03 0.000000000000000000e+00 1.963495408493620871e-03
2.402916543723281961e+02 4.953603936595694229e-03 2.140498516207114336e-04 0.000000000000000000e+00 1.963495408493620871e-03
2.405084336109769936e+02 6.660753953625260515e-03 -1.843662612911052025e-03 0.000000000000000000e+00 1.963495408493620871e-03
2.406420485757108736e+02 6.725563238692222612e-03 3.504541768407916738e-04 0.000000000000000000e+00 1.963495408493620871e-03
2.410202884787940718e+02 -5.685954427656824892e-04 -1.396431216113794890e-03 0.000000000000000000e+00 1.963495408493620871e-03
2.413826331220093095e+02 1.267607690801392240e-03 7.672561189994368380e-04 0.000000000000000000e+00 1.963495408493620871e-03
2.420460413062303928e+02 5.729948357839809159e-02 -1.673293458122578677e-04 0.000000000000000000e+00 1.963495408493620871e-03
2.422675062246864570e+02 7.594423664988936284e-02 1.494841304651802275e-03 0.000000000000000000e+00 1.963495408493620871e-03
2.419987353323249408e+02 4.751165175530852602e-02 -2.219571390271596334e-04 0.000000000000000000e+00 1.963495408493620871e-03
2.415539456060332100e+02 4.316505371952175651e-04 8.873956489385843166e-04 0.000000000000000000e+00 1.963495408493620871e-03
2.414210264393375667e+02 -1.455463669914305522e-02 -9.015551385810475268e-04 0.000000000000000000e+00 1.963495408493620871e-03
2.415507031654855723e+02 -6.003411341042501695e-03 1.192187918403159012e-03 0.000000000000000000e+00 1.963495408493620871e-03
2.418781671113219716e+02 2.285657264686345724e-02 -9.096238618372613077e-04 0.000000000000000000e+00 1.963495408493620871e-03
2.420572091568889448e+02 3.677256653069842229e-02 2.028812779937444119e-03 0.000000000000000000e+00 1.963495408493620871e-03
2.422225492858385678e+02 4.490152982438416762e-02 -7.748896679444236893e-04 0.000000000000000000e+00 1.963495408493620871e-03
2.427620523452381747e+02 5.286640576007926862e-02 2.646784021905363056e-03 0.000000000000000000e+00 1.963495408493620871e-03
2.438925489250705141e+02 6.236749525235749103e-02 -1.653226249147321850e-04 0.000000000000000000e+00 1.963495408493620871e-03
2.446762059511025882e+02 9.009248521636548102e-02 2.379742717768799920e-03 0.000000000000000000e+00 1.963495408493620871e-03
2.442802326760120479e+02 6.997407058283311443e-02 1.249095550607475609e-04 0.000000000000000000e+00 1.963495408493620871e-03
2.432203932713863139e+02 5.679555647387296569e-02 2.390952491986164490e-03 0.000000000000000000e+00 1.963495408493620871e-03
2.428176487013518567e+02 4.902260116256496048e-02 2.432924719059675780e-05 0.000000000000000000e+00 1.963495408493620871e-03
2.432971794636385141e+02 5.705791202876998869e-02 2.350340316446326849e-03 0.000000000000000000e+00 1.963495408493620871e-03
2.452598835507714625e+02 1.248973634575938907e-01 -2.861253529780241178e-05 0.000000000000000000e+00 1.963495408493620871e-03
2.461342394137827227e+02 1.765210357817848241e-01 4.544454563810685060e-04 0.000000000000000000e+00 1.963495408493620871e-03
2.455117391402694977e+02 1.318832070545047919e-01 -2.702094962899275442e-04 0.000000000000000000e+00 1.963495408493620871e-03
2.444391904079541860e+02 4.844292776391612154e-02 1.926953376854266889e-03 0.000000000000000000e+00 1.963495408493620871e-03
2.439955442763572933e+02 1.376505151933848231e-02 7.298969926425686802e-04 0.000000000000000000e+00 1.963495408493620871e-03
2.446742781151909583e+02 4.882924825207357600e-02 2.022978870850816735e-03 0.000000000000000000e+00 1.963495408493620871e-03
2.459619806130943402e+02 1.266454270868566101e-01 -1.379148913302594322e-03 0.000000000000000000e+00 1.963495408493620871e-03
2.452923297930106799e+02 9.093758783207825380e-02 1.817086935680544638e-03 0.000000000000000000e+00 1.963495408493620871e-03
2.465301741998258080e+02 1.282294335328532930e-01 -2.246859856331428432e-03 0.000000000000000000e+00 1.963495408493620871e-03
2.469591035576151512e+02 1.141344210733251652e-01 4.003183686364198768e-04 0.000000000000000000e+00 1.963495408493620871e-03
2.479941086101180474e+02 1.328116240927386671e-01 -2.306873090220650045e-03 0.000000000000000000e+00 1.963495408493620871e-03
2.492156781387702722e+02 1.900285298924868638e-01 2.637592608908799485e-03 0.000000000000000000e+00 1.963495408493620871e-03
2.482792146709453789e+02 1.414297227429657522e-01 -2.312757159671838605e-03 0.000000000000000000e+00 1.963495408493620871e-03
2.465050673021573004e+02 9.062014941787871480e-02 2.597756082080373858e-04 0.000000000000000000e+00 1.963495408493620871e-03
2.455836107022043961e+02 9.281839029991875711e-02 -9.250194104078196143e-04 0.000000000000000000e+00 1.963495408493620871e-03
2.433555022595636217e+02 -3.719481527801062060e-02 2.426678861938161291e-03 0.000000000000000000e+00 1.963495408493620871e-03
2.448998692548258873e+02 4.783795522219333463e-02 1.612465159527037189e-04 0.000000000000000000e+00 1.963495408493620871e-03
2.472997897505387641e+02 1.034097626031178219e-01 -4.110968560807585917e-04 0.000000000000000000e+00 1.963495408493620871e-03
2.494445271660425476e+02 1.625744907993513788e-01 9.818543209031678574e-04 0.000000000000000000e+00 1.963495408493620871e-03
2.489277105495736748e+02 7.809793238438750285e-02 1.050552933377484847e-03 0.000000000000000000e+00 1.963495408493620871e-03
2.514831594668806360e+02 1.479293748641857809e-01 1.302122054085470652e-03 0.000000000000000000e+00 1.963495408493620871e-03
2.506273866254952338e+02 1.454720929341334901e-01 3.461214227440507184e-03 0.000000000000000000e+00 1.963495408493620871e-03
2.492543683684506846e+02 9.790511189294955063e-02 -7.393830003710351578e-05 0.000000000000000000e+00 1.963495408493620871e-03
2.495253316147043279e+02 1.647074100646815087e-01 2.897997358051007492e-03 0.000000000000000000e+00 1.963495408493620871e-03
2.486612678015890481e+02 1.376028509840661884e-01 -1.148660852544663904e-03 0.000000000000000000e+00 1.963495408493620871e-03
2.478138665474072013e+02 1.172694430639603935e-01 -2.799844729967748257e-04 0.000000000000000000e+00 1.963495408493620871e-03
2.487274162809457323e+02 1.388086070169278763e-01 -9.718580371791496562e-04 0.000000000000000000e+00 1.963495408493620871e-03
2.495671884720674427e+02 1.204494045474718972e-01 2.304890468010726071e-03 0.000000000000000000e+00 1.963495408493620871e-03
2.531613055682029199e+02 2.167538689718802591e-01 -2.550766935894763481e-03 0.000000000000000000e+00 1.963495408493620871e-03
2.514271521497397259e+02 1.390315747004225999e-01 3.304075314318684863e-03 0.000000000000000000e+00 1.963495408493620871e-03
2.498773227547368947e+02 1.211217532191830315e-01 9.976843058803527148e-04 0.000000000000000000e+00 1.963495408493620871e-03
2.492844187785712506e+02 7.877756445305841848e-02 1.710166751709764690e-03 0.000000000000000000e+00 1.963495408493620871e-03
2.515450006742296694e+02 1.371684781066435932e-01 8.256229921623607637e-04 0.000000000000000000e+00 1.963495408493620871e-03
2.530891522480833373e+02 1.716660038861097526e-01 6.201707494406450338e-05 0.000000000000000000e+00 1.963495408493620871e-03
2.525013326625530965e+02 8.816497776814749554e-02 -1.738807798179860459e-04 0.000000000000000000e+00 1.963495408493620871e-03
2.554934486823527493e+02 1.960306902094209047e-01 2.435040725012154177e-04 0.000000000000000000e+00 1.963495408493620871e-03
2.576525325881232220e+02 2.591900757180797821e-01 2.793934150225448054e-03 0.000000000000000000e+00 1.963495408493620871e-03
2.549102309668700457e+02 1.757332556706876214e-01 -5.875270600644351025e-04 0.000000000000000000e+00 1.963495408493620871e-03
2.531160620220440478e+02 1.413266123688630693e-01 -2.060613721238124980e-03 0.000000000000000000e+00 1.963495408493620871e-03
2.531792229225620190e+02 1.734970749539279655e-01 -2.825229928788133490e-04 0.000000000000000000e+00 1.963495408493620871e-03
2.521778645476122449e+02 1.492892029583946512e-01 -1.149095790504086766e-04 0.000000000000000000e+00 1.963495408493620871e-03
2.468156257062488805e+02 4.278188791510359468e-02 -2.855504737574138621e-04 0.000000000000000000e+00 1.963495408493620871e-03
2.448944289636030476e+02 -1.086078507564885824e-02 5.676863892165669341e-05 0.000000000000000000e+00 1.963495408493620871e-03
2.464923281719655108e+02 2.330897704370894774e-02 -7.018614490124450850e-04 0.000000000000000000e+00 1.963495408493620871e-03
2.524317653247241537e+02 1.544601888483873586e-01 -2.796736751506471172e-05 0.000000000000000000e+00 1.963495408493620871e-03
2.526520926463396677e+02 9.532115815109697132e-02 6.904154472928227849e-04 0.000000000000000000e+00 1.963495408493620871e-03
2.538405470346158666e+02 1.575408708240819966e-01 -2.563706219987782996e-03 0.000000000000000000e+00 1.963495408493620871e-03
2.537373487899488396e+02 1.507849679840644608e-01 -7.391877201164256733e-04 0.000000000000000000e+00 1.963495408493620871e-03
2.559228254159905589e+02 1.718322697665376209e-01 -8.797045783147515886e-04 0.000000000000000000e+00 1.963495408493620871e-03
2.568619156578276375e+02 1.882096266053237821e-01 4.346531001614561615e-03 0.000000000000000000e+00 1.963495408493620871e-03
2.573905991538463240e+02 1.854759889211093082e-01 1.973138006564074086e-03 0.000000000000000000e+00 1.963495408493620871e-03
2.594681780602255117e+02 1.938483816321866782e-01 1.897299499444144024e-05 0.000000000000000000e+00 1.963495408493620871e-03
2.612541364873047769e+02 2.531480939710186173e-01 -1.649902782570799361e-03 0.000000000000000000e+00 1.963495408493620871e-03
2.582063390131198162e+02 1.690474977131561640e-01 3.055131129343604396e-03 0.000000000000000000e+00 1.963495408493620871e-03
2.565590262416217229e+02 1.453574501834273835e-01 1.665107679615179977e-03 0.000000000000000000e+00 1.963495408493620871e-03
2.561575163699857285e+02 1.509057624328949965e-01 2.103246560715631500e-03 0.000000000000000000e+00 1.963495408493620871e-03
2.551155291516492127e+02 1.696098321786806140e-01 -7.759818589179138127e-04 0.000000000000000000e+00 1.963495408493620871e-03
2.504120802189289350e+02 6.752928135682381705e-02 3.209317495058195985e-03 0.000000000000000000e+00 1.963495408493620871e-03
2.496118939875541969e+02 7.637238303228673086e-02 -3.504899318796262514e-04 0.000000000000000000e+00 1.963495408493620871e-03
2.464124874177416871e+02 -4.660287605993691101e-02 -9.061236783180152531e-04 0.000000000000000000e+00 1.963495408493620871e-03
2.482520201436235538e+02 -1.513034879792422675e-02 -8.837954779991907296e-04 0.000000000000000000e+00 1.963495408493620871e-03
2.526597873740328168e+02 7.453759226079958999e-02 -2.042420007540714233e-03 0.000000000000000000e+00 1.963495408493620871e-03
2.554386428946333467e+02 9.281489078384130842e-02 -3.142422777684029554e-04 0.000000000000000000e+00 1.963495408493620871e-03
2.565277550832202564e+02 1.303843124853695523e-01 3.057176451287928892e-03 0.000000000000000000e+00 1.963495408493620871e-03
2.579117675422795628e+02 1.322373804048325163e-01 1.161708287052364745e-03 0.000000000000000000e+00 1.963495408493620871e-03
2.600424837302321066e+02 1.729066043261526520e-01 -4.095399557105390250e-04 0.000000000000000000e+00 1.963495408493620871e-03
2.608203100031425379e+02 1.508179172119849532e-01 -2.992203080894659598e-03 0.000000000000000000e+00 1.963495408493620871e-03
2.626688917511879140e+02 1.960972546083401269e-01 2.097491281108636307e-03 0.000000000000000000e+00 1.963495408493620871e-03
2.642923762598161375e+02 2.317959672580932606e-01 3.180746642988599351e-03 0.000000000000000000e+00 1.963495408493620871e-03
2.601106472603923407e+02 1.038899296770965930e-01 -1.351696745230886220e-03 0.000000000000000000e+00 1.963495408493620871e-03
2.597495808915650173e+02 1.394331058767409870e-01 -1.670874978994970955e-03 0.000000000000000000e+00 1.963495408493620871e-03
2.588285876388491715e+02 1.539005400632389997e-01 1.548862362742829506e-03 0.000000000000000000e+00 1.963495408493620871e-03
2.566832995688722576e+02 1.340632820028209715e-01 2.286740091387308958e-03 0.000000000000000000e+00 1.963495408493620871e-03
2.537554254185986906e+02 1.112330371260551176e-01 -1.051578240786520124e-03 0.000000000000000000e+00 1.963495408493620871e-03
2.515794181217598293e+02 -1.461241058436300519e-02 8.645234869047698292e-04 0.000000000000000000e+00 1.963495408493620871e-03
2.496003410179549178e+02 2.414611638649352687e-03 -1.192576606423089575e-03 0.000000000000000000e+00 1.963495408493620871e-03
2.488248177731905457e+02 -4.845301953254170513e-02 4.123609062484116274e-03 0.000000000000000000e+00 1.963495408493620871e-03
2.528000697854014902e+02 5.800660104825562657e-02 -4.728111331848613812e-03 0.000000000000000000e+00 1.963495408493620871e-03
2.581229706795331822e+02 1.212300004757242561e-01 4.269964269558076606e-03 0.000000000000000000e+00 1.963495408493620871e-03
2.586812220671169484e+02 1.053897132931674585e-01 7.065834324408834435e-04 0.000000000000000000e+00 1.963495408493620871e-03
2.604664004714033467e+02 1.154040582570536738e-01 -2.915143945283559142e-03 0.000000000000000000e+00 1.963495408493620871e-03
2.619649056469614266e+02 1.426148514879724827e-01 -1.158700039773077548e-04 0.000000000000000000e+00 1.963495408493620871e-03
2.658643784453661851e+02 1.544061864526805050e-01 -1.514291534656959405e-03 0.000000000000000000e+00 1.963495408493620871e-03
2.640092783652700064e+02 1.204472872966703134e-01 4.050121861471947873e-03 0.000000000000000000e+00 1.963495408493620871e-03
2.656698957822225111e+02 1.395783271995340580e-01 -1.629401596034606159e-03 0.000000000000000000e+00 1.963495408493620871e-03
2.635359309133573902e+02 1.411388617593242745e-01 3.654072914847331099e-03 0.000000000000000000e+00 1.963495408493620871e-03
2.627456717871021397e+02 1.717253808934449399e-01 1.791880144767754026e-04 0.000000000000000000e+00 1.963495408493620871e-03
2.603321866777237688e+02 1.040399033679096086e-01 -8.029585513641092007e-04 0.000000000000000000e+00 1.963495408493620871e-03
2.578167951255883850e+02 6.454217470304034199e-02 1.282849943295185638e-03 0.000000000000000000e+00 1.963495408493620871e-03
2.557474044755108480e+02 5.286430742366880070e-02 2.524649574814645872e-03 0.000000000000000000e+00 1.963495408493620871e-03
2.538997678968689229e+02 -1.410328545534948567e-03 -1.679941046379728516e-03 0.000000000000000000e+00 1.963495408493620871e-03
2.528230137940244049e+02 3.292749036089188952e-02 -3.858341333138697558e-03 0.000000000000000000e+00 1.963495408493620871e-03
2.518290633447633979e+02 -4.453385579014548790e-02 8.293417266070784305e-03 0.000000000000000000e+00 1.963495408493620871e-03
2.548372484173666805e+02 -6.524342132840543068e-03 -6.620628419455700138e-03 0.000000000000000000e+00 1.963495408493620871e-03
2.604295444170517158e+02 9.552367276673429108e-02 1.392928818833734633e-03 0.000000000000000000e+00 1.963495408493620871e-03
2.615463344262736882e+02 9.914834213900838855e-02 -3.080300824318561552e-03 0.000000000000000000e+00 1.963495408493620871e-03
2.634061386658498805e+02 6.962712603850895743e-02 2.456758018451587339e-03 0.000000000000000000e+00 1.963495408493620871e-03
2.657301352233410512e+02 1.176942724472946761e-01 3.305312318672984839e-04 0.000000000000000000e+00 1.963495408493620871e-03
2.688184460048923370e+02 1.177852010848544489e-01 1.452179473084015161e-03 0.000000000000000000e+00 1.963495408493620871e-03
2.668345612043793835e+02 1.280770462434117074e-01 -3.340277763158481291e-03 0.000000000000000000e+00 1.963495408493620871e-03
2.678578441924466915e+02 1.220711649157812939e-01 -4.276159713806426156e-03 0.000000000000000000e+00 1.963495408493620871e-03
2.657760347272439390e+02 1.206213896555442810e-01 -2.603335800020786621e-04 0.000000000000000000e+00 1.963495408493620871e-03
2.640048773002947087e+02 9.850241694125229375e-02 4.218216736679086332e-04 0.000000000000000000e+00 1.963495408493620871e-03
2.612677236101090443e+02 8.309192120986189090e-02 -8.335862076847451452e-04 0.000000000000000000e+00 1.963495408493620871e-03
2.588578097386529748e+02 8.329714178766649268e-03 -2.027231077060030664e-03 0.000000000000000000e+00 1.963495408493620871e-03
2.579409999046375788e+02 1.772719093840488536e-02 5.007239613234604723e-03 0.000000000000000000e+00 1.963495408493620871e-03
2.571041174959756290e+02 5.602734709539777466e-03 -4.591319742079855420e-04 0.000000000000000000e+00 1.963495408493620871e-03
2.545102827723822543e+02 -4.916219017581847928e-02 8.242878010953564910e-05 0.000000000000000000e+00 1.963495408493620871e-03
2.554807352122643920e+02 4.542523395682949647e-04 1.395086978712055219e-03 0.000000000000000000e+00 1.963495408493620871e-03
2.606562418473395724e+02 5.270967437335496303e-02 -4.988199189247753337e-03 0.000000000000000000e+00 1.963495408493620871e-03
2.638996824502099230e+02 6.569769279268736217e-02 7.916393364500548535e-03 0.000000000000000000e+00 1.963495408493620871e-03
2.659168809900406814e+02 7.002953514778482991e-02 -5.779396013515477812e-03 0.000000000000000000e+00 1.963495408493620871e-03
2.682099197127179195e+02 4.284389255839059218e-02 -4.136668012682289926e-04 0.000000000000000000e+00 1.963495408493620871e-03
2.704918519348595396e+02 1.113644888926167559e-01 6.959353436821902154e-03 0.000000000000000000e+00 1.963495408493620871e-03
2.719990105729193033e+02 1.145511420491181903e-01 -1.271010548379830629e-03 0.000000000000000000e+00 1.963495408493620871e-03
2.672873871081112611e+02 4.039352659130317214e-02 -4.071528868473043086e-03 0.000000000000000000e+00 1.963495408493620871e-03
2.686790175354519761e+02 6.860597589241235195e-02 -1.049245778747837782e-03 0.000000000000000000e+00 1.963495408493620871e-03
2.666867654225878823e+02 8.772358303783542310e-02 -2.393774555270336644e-03 0.000000000000000000e+00 1.963495408493620871e-03
2.650432560621161429e+02 5.061551816203385679e-02 -1.741128300145431719e-03 0.000000000000000000e+00 1.963495408493620871e-03
2.637201212886118924e+02 4.814627437290420336e-02 3.147611065975347826e-03 0.000000000000000000e+00 1.963495408493620871e-03
2.620166705440930741e+02 3.359482987941937032e-02 -3.555108916628535193e-03 0.000000000000000000e+00 1.963495408493620871e-03
2.618665613701937218e+02 9.038932553954136251e-02 3.113125725908577612e-05 0.000000000000000000e+00 1.963495408493620871e-03
2.590062829093960772e+02 -1.314166379986838815e-02 -4.441971107052979616e-03 0.000000000000000000e+00 1.963495408493620871e-03
2.570091706763636807e+02 -7.991882211702031058e-02 7.277377275328903578e-03 0.000000000000000000e+00 1.963495408493620871e-03
2.604850619039299886e+02 2.822557920243622120e-02 -4.894506187788897136e-03 0.000000000000000000e+00 1.963495408493620871e-03
2.661320869355762966e+02 4.731638997157881776e-02 -2.158029498736103308e-03 0.000000000000000000e+00 1.963495408493620871e-03
2.683023515714475593e+02 3.671030389954634682e-02 3.513230290628780589e-03 0.000000000000000000e+00 1.963495408493620871e-03
2.723153572633287922e+02 3.133238403739083827e-02 -1.044558675235388555e-02 0.000000000000000000e+00 1.963495408493620871e-03
2.739854175661864701e+02 6.587974778328840875e-02 -5.552587609763869926e-03 0.000000000000000000e+00 1.963495408493620871e-03
2.709489647948394691e+02 -2.005716196927141703e-02 4.427571995192298299e-03 0.000000000000000000e+00 1.963495408493620871e-03
2.711735608814817056e+02 -1.142022708435186384e-02 4.192575935152880080e-03 0.000000000000000000e+00 1.963495408493620871e-03
2.707617016457268733e+02 7.256201112260651787e-02 5.083058225269142423e-03 0.000000000000000000e+00 1.963495408493620871e-03
2.700699704043340148e+02 6.697737611681964243e-02 3.998270212688977490e-03 0.000000000000000000e+00 1.963495408493620871e-03
2.688141771215341578e+02 6.430803924088571155e-02 3.242315464402113073e-03 0.000000000000000000e+00 1.963495408493620871e-03
2.667215671376242199e+02 1.040965809027364318e-02 -4.961155470384997525e-03 0.000000000000000000e+00 1.963495408493620871e-03
2.655848585959832349e+02 1.767969037471904883e-02 2.705992263072753848e-04 0.000000000000000000e+00 1.963495408493620871e-03
2.639611250047957469e+02 2.170093831950454383e-02 4.398201060201716028e-03 0.000000000000000000e+00 1.963495408493620871e-03
2.612025173636112640e+02 -4.212805166115524136e-02 -4.821094413324877523e-03 0.000000000000000000e+00 1.963495408493620871e-03
2.612867483565286193e+02 -3.833997791299319224e-02 -3.920614778304485314e-03 0.000000000000000000e+00 1.963495408493620871e-03
2.628517398830201728e+02 -3.372484277303339217e-02 -2.998625919856738077e-03 0.000000000000000000e+00 1.963495408493620871e-03
2.644227036992501780e+02 -2.763270596705028753e-02 1.020862985246304665e-03 0.000000000000000000e+00 1.963495408493620871e-03
2.726791086872428309e+02 1.098797825796120169e-02 -4.998338999400183877e-03 0.000000000000000000e+00 1.963495408493620871e-03
2.715299317481361072e+02 -1.152725280249294534e-02 3.338495250108764779e-03 0.000000000000000000e+00 1.963495408493620871e-03
2.756497753371018007e+02 -3.978180764733921237e-02 8.954197441497094637e-04 0.000000000000000000e+00 1.963495408493620871e-03
2.741441155698551029e+02 -2.044884954733202503e-02 -5.238369610072695151e-03 0.000000000000000000e+00 1.963495408493620871e-03
2.733098948077907266e+02 -5.698154684123851732e-03 -7.855932298436943059e-03 0.000000000000000000e+00 1.963495408493620871e-03
2.729503636965241071e+02 -1.828089859700772479e-02 -4.907236638611252137e-03 0.000000000000000000e+00 1.963495408493620871e-03
2.718524045813217640e+02 5.802765527917232158e-04 -1.018756149810113101e-03 0.000000000000000000e+00 1.963495408493620871e-03
2.700862629634775089e+02 -5.201690576249301534e-02 3.528746241499876226e-03 0.000000000000000000e+00 1.963495408493620871e-03
2.691106764822700370e+02 3.590701327887695082e-02 4.554673505395498423e-03 0.000000000000000000e+00 1.963495408493620871e-03
2.673722875625144297e+02 -2.552821728324698031e-02 -4.809396286056340578e-03 0.000000000000000000e+00 1.963495408493620871e-03
2.652268789173480741e+02 -8.153049888158928060e-02 1.095654654355154856e-04 0.000000000000000000e+00 1.963495408493620871e-03
2.660609401852631777e+02 -4.570791060876717993e-02 8.165082382819669349e-04 0.000000000000000000e+00 1.963495408493620871e-03
2.676193416607400763e+02 -1.815981762930482524e-02 -5.815226100194192949e-03 0.000000000000000000e+00 1.963495408493620871e-03
2.687042451645440337e+02 1.263385988375588867e-02 1.851257242822499337e-03 0.000000000000000000e+00 1.963495408493620871e-03
2.689354972764404010e+02 5.235296787880499084e-03 -2.413437617304783726e-03 0.000000000000000000e+00 1.963495408493620871e-03
2.692842636373262621e+02 -3.625436871470925915e-04 -1.439509048149535415e-03 0.000000000000000000e+00 1.963495408493620871e-03
2.700521074543493683e+02 -1.138008625162947596e-01 7.166959319549545335e-03 0.000000000000000000e+00 1.963495408493620871e-03
2.690454099733370299e+02 -9.884616209653929175e-02 3.578164684810962275e-03 0.000000000000000000e+00 1.963495408493620871e-03
2.794021033062973629e+02 -8.635999264190818980e-02 -1.871133358955474196e-02 0.000000000000000000e+00 1.963495408493620871e-03
2.759493243606550550e+02 -5.044349014380143659e-02 8.247424928231189556e-03 0.000000000000000000e+00 1.963495408493620871e-03
2.779349850257900698e+02 9.741382341653665247e-03 3.467097852688331983e-05 0.000000000000000000e+00 1.963495408493620871e-03
2.766726983615670861e+02 -2.096068509182866246e-02 1.290511376098808262e-02 0.000000000000000000e+00 1.963495408493620871e-03
2.710536633996694604e+02 -7.082426500926861102e-02 2.777711481294416196e-03 0.000000000000000000e+00 1.963495408493620871e-03
2.721711116859126491e+02 -7.322696536863942951e-02 -4.313682130354871969e-03 0.000000000000000000e+00 1.963495408493620871e-03
2.708758121449003511e+02 -8.139556608215051114e-02 7.225279980032084381e-03 0.000000000000000000e+00 1.963495408493620871e-03
2.724165026400893339e+02 -6.659346439269572815e-02 -6.272018947145855533e-03 0.000000000000000000e+00 1.963495408493620871e-03
2.730245381884042786e+02 -6.258441506609291327e-02 -9.569780305832175510e-03 0.000000000000000000e+00 1.963495408493620871e-03
2.746334553752761281e+02 -4.866128554511879589e-02 -2.159862704180569130e-04 0.000000000000000000e+00 1.963495408493620871e-03
2.736437306746416311e+02 -5.700539165994311652e-02 -7.647810357610004654e-03 0.000000000000000000e+00 1.963495408493620871e-03
2.736998143162499559e+02 -5.672950302349318019e-02 -7.592199956932971228e-03 0.000000000000000000e+00 1.963495408493620871e-03
2.746815110025208924e+02 -5.181896941618653607e-02 -1.603757800229486767e-03 0.000000000000000000e+00 1.963495408493620871e-03
2.750086390901033155e+02 -4.941490244854920832e-02 9.149180154736785697e-04 0.000000000000000000e+00 1.963495408493620871e-03
2.761981740731378636e+02 -6.126805696989461036e-02 1.547586901941170809e-02 0.000000000000000000e+00 1.963495408493620871e-03
2.759944918635042654e+02 -6.758418463840580592e-02 1.395405535945452510e-02 0.000000000000000000e+00 1.963495408493620871e-03
2.765032883991682979e+02 -7.475211773500642365e-02 6.859603285623176727e-03 0.000000000000000000e+00 1.963495408493620871e-03
2.762846836862087798e+02 -7.242097818470008552e-02 9.919113399804495301e-03 0.000000000000000000e+00 1.963495408493620871e-03
2.769042601945415072e+02 -7.430326120055219530e-02 8.558784950257665794e-03 0.000000000000000000e+00 1.963495408493620871e-03
2.770248955669217139e+02 -7.214432611908072612e-02 1.267802182660098670e-02 0.000000000000000000e+00 1.963495408493620871e-03
2.773758137999765836e+02 -6.931441969181242890e-02 4.834222744126641380e-03 0.000000000000000000e+00 1.963495408493620871e-03
2.779880953242581541e+02 -1.062508920716748739e-01 1.422412387802165449e-03 0.000000000000000000e+00 1.963495408493620871e-03
2.781691276389504992e+02 -1.084789941193366747e-01 2.097906171188651872e-04 0.000000000000000000e+00 1.963495408493620871e-03
2.798469998079159495e+02 -1.060775397379868368e-01 -1.673550139313532276e-02 0.000000000000000000e+00 1.963495408493620871e-03
2.791374785203499869e+02 -1.232877743486549826e-01 -1.049408446598505511e-02 0.000000000000000000e+00 1.963495408493620871e-03
2.796614147621346547e+02 -1.136888008295340452e-01 -1.807833241437202879e-02 0.000000000000000000e+00 1.963495408493620871e-03
2.784815913394631366e+02 -1.131110043947665678e-01 -3.429527645064312652e-03 0.000000000000000000e+00 1.963495408493620871e-03
2.799998743046280083e+02 -1.020454719396024779e-01 -1.726285692838125038e-02 0.000000000000000000e+00 1.963495408493620871e-03
2.801272632364639321e+02 -9.881323879379097508e-02 -1.079393934333421762e-02 0.000000000000000000e+00 1.963495408493620871e-03
2.806791700132637288e+02 -1.062270554255030919e-01 -6.431164090937467256e-03 0.000000000000000000e+00 1.963495408493620871e-03
2.810685961903394627e+02 -1.190116761325564348e-01 4.256793186469091939e-04 0.000000000000000000e+00 1.963495408493620871e-03
2.809981336299321129e+02 -1.232475688891747911e-01 -1.362117881443322340e-03 0.000000000000000000e+00 1.963495408493620871e-03
2.811766802708269211e+02 -1.316277694256617892e-01 -1.322040195509370866e-03 0.000000000000000000e+00 1.963495408493620871e-03
2.811148556831759038e+02 -1.354452953356311828e-01 -4.443394514750970831e-05 0.000000000000000000e+00 1.963495408493620871e-03
2.827700892593197750e+02 -1.278239768036262825e-01 1.937731599734802967e-02 0.000000000000000000e+00 1.963495408493620871e-03
2.848638873487751653e+02 -3.176459021727047471e-02 -1.261567064481698697e-02 0.000000000000000000e+00 1.963495408493620871e-03
2.854798736463489490e+02 8.905861809671913876e-03 -2.086241074708386836e-02 0.000000000000000000e+00 1.963495408493620871e-03
2.864092124532493813e+02 6.538757750991311402e-02 -2.677768796492508915e-02 0.000000000000000000e+00 1.963495408493620871e-03
2.821923317793437604e+02 -1.528764188049439587e-01 1.702141981952696309e-02 0.000000000000000000e+00 1.963495408493620871e-03
2.808569169501366218e+02 -1.655114115350652115e-01 -3.029442387303505051e-03 0.000000000000000000e+00 1.963495408493620871e-03
2.769609113971897614e+02 -1.134300601936272801e-01 1.206265541078465134e-02 0.000000000000000000e+00 1.963495408493620871e-03
2.723461879025262533e+02 -1.912779174428752005e-01 -5.207878965861223453e-03 0.000000000000000000e+00 1.963495408493620871e-03
2.728640421785212880e+02 -3.078979850091749793e-01 -5.222197445800507223e-03 0.000000000000000000e+00 1.963495408493620871e-03
2.867370865272070546e+02 -1.148794247268220409e-01 -1.870106948567139965e-02 0.000000000000000000e+00 1.963495408493620871e-03
