# q:-1.000000e+00, m:1.000000e+00, N:480 - x,px,py,pz,w
1.803463158170155225e+02 8.375309702848160454e-02 -8.678741224474964024e-04 0.000000000000000000e+00 1.963495408493620871e-03
1.687597390791593455e+02 -1.306523272219559939e-01 7.442491178969285164e-05 0.000000000000000000e+00 1.963495408493620871e-03
1.905790096883261526e+02 2.543962323363565536e-01 -4.309168253223530191e-03 0.000000000000000000e+00 1.963495408493620871e-03
2.040039904057635738e+02 4.407752491389518856e-01 -1.407360567092493485e-03 0.000000000000000000e+00 1.963495408493620871e-03
2.023473787851770282e+02 2.961873979513915955e-01 1.595417591742049473e-03 0.000000000000000000e+00 1.963495408493620871e-03
1.962812984883266836e+02 9.472130898879613237e-02 1.951035935353668052e-03 0.000000000000000000e+00 1.963495408493620871e-03
1.923446364624511773e+02 6.658234446641392301e-02 -2.361626408068511623e-03 0.000000000000000000e+00 1.963495408493620871e-03
1.906668616008003596e+02 1.250501369598037427e-01 1.421896764741497309e-04 0.000000000000000000e+00 1.963495408493620871e-03
1.874300194581378491e+02 8.483430469044303535e-02 -6.983263213850270795e-05 0.000000000000000000e+00 1.963495408493620871e-03
1.890188565094157696e+02 1.528591804141284372e-01 1.991264316940641668e-03 0.000000000000000000e+00 1.963495408493620871e-03
1.911569413318122770e+02 9.489902107165540390e-02 -1.603029675568261227e-03 0.000000000000000000e+00 1.963495408493620871e-03
1.914379329129735936e+02 6.282313708853051737e-02 -9.736525044599528495e-04 0.000000000000000000e+00 1.963495408493620871e-03
1.914016474545575477e+02 3.275004064747454036e-02 -1.890601221449713602e-03 0.000000000000000000e+00 1.963495408493620871e-03
1.915438017586192814e+02 2.590901702303212428e-02 -1.084779845968660266e-03 0.000000000000000000e+00 1.963495408493620871e-03
1.918443394278507128e+02 2.661676241626752953e-02 -2.259484478234113306e-03 0.000000000000000000e+00 1.963495408493620871e-03
1.919888889816245978e+02 2.824350341667007658e-02 -1.398964115258647181e-03 0.000000000000000000e+00 1.963495408493620871e-03
1.922248311994819687e+02 3.259629352822032700e-02 -2.318674373675187316e-03 0.000000000000000000e+00 1.963495408493620871e-03
1.923431404083580389e+02 3.333178779607115505e-02 -1.406286710296142731e-03 0.000000000000000000e+00 1.963495408493620871e-03
1.925428928155431265e+02 3.356510325909832504e-02 -2.189199475729777800e-03 0.000000000000000000e+00 1.963495408493620871e-03
1.926603639479860703e+02 3.213615865868262034e-02 -1.206300863045477092e-03 0.000000000000000000e+00 1.963495408493620871e-03
1.928625866983535104e+02 2.909250826124575723e-02 -1.867888211730648479e-03 0.000000000000000000e+00 1.963495408493620871e-03
1.929771414839012778e+02 2.591598291383104963e-02 -8.485038464063473715e-04 0.000000000000000000e+00 1.963495408493620871e-03
1.932095531225022000e+02 2.149286891105885861e-02 -1.347942699898579174e-03 0.000000000000000000e+00 1.963495408493620871e-03
1.933488611066738656e+02 1.827781859309867557e-02 -2.464059640732872355e-04 0.000000000000000000e+00 1.963495408493620871e-03
1.935847006756249584e+02 1.360000869942253054e-02 -6.370501415619931468e-04 0.000000000000000000e+00 1.963495408493620871e-03
1.937474124688020254e+02 1.075561811488673705e-02 5.422171358633011895e-04 0.000000000000000000e+00 1.963495408493620871e-03
1.940150949307994495e+02 6.766956339405990478e-03 2.520799838270225586e-04 0.000000000000000000e+00 1.963495408493620871e-03
1.941776163348143314e+02 4.381960105998995020e-03 1.416482025238714705e-03 0.000000000000000000e+00 1.963495408493620871e-03
1.944692616614889857e+02 2.006294811917596135e-03 1.131516505274797208e-03 0.000000000000000000e+00 1.963495408493620871e-03
1.946422497430658041e+02 7.740471652490036464e-04 2.220298566077924009e-03 0.000000000000000000e+00 1.963495408493620871e-03
1.949403344068198862e+02 5.349170141190576905e-04 1.772428036279656951e-03 0.000000000000000000e+00 1.963495408493620871e-03
1.951198471993963892e+02 8.086513833808388688e-04 2.702631505299317623e-03 0.000000000000000000e+00 1.963495408493620871e-03
1.954169093256178940e+02 3.037969239972971788e-03 1.988370844494374325e-03 0.000000000000000000e+00 1.963495408493620871e-03
1.955933140772927175e+02 4.826799287259255986e-03 2.705824057017471810e-03 0.000000000000000000e+00 1.963495408493620871e-03
1.958797777545728707e+02 9.349575138214015479e-03 1.702664789865209697e-03 0.000000000000000000e+00 1.963495408493620871e-03
1.960459848059647925e+02 1.192112468325096444e-02 2.229899219431032836e-03 0.000000000000000000e+00 1.963495408493620871e-03
1.963154429579759892e+02 1.597011522458090943e-02 1.010176589146472709e-03 0.000000000000000000e+00 1.963495408493620871e-03
1.964729163306769806e+02 1.731161275499325941e-02 1.408115877451660090e-03 0.000000000000000000e+00 1.963495408493620871e-03
1.967335533624624304e+02 1.907341611768181844e-02 6.545171709366592178e-05 0.000000000000000000e+00 1.963495408493620871e-03
1.968906152678025308e+02 1.943361319011721600e-02 3.766337121194807038e-04 0.000000000000000000e+00 1.963495408493620871e-03
1.971504735557379888e+02 2.065442882619942383e-02 -1.012736548984286174e-03 0.000000000000000000e+00 1.963495408493620871e-03
1.973095853250829919e+02 2.119016995963537292e-02 -7.303516498005945858e-04 0.000000000000000000e+00 1.963495408493620871e-03
1.975694743562182509e+02 2.274389732143487775e-02 -2.052768151720987724e-03 0.000000000000000000e+00 1.963495408493620871e-03
1.977290916323458418e+02 2.354631181663812550e-02 -1.723311734807238000e-03 0.000000000000000000e+00 1.963495408493620871e-03
1.979902670860757325e+02 2.556569260023008883e-02 -2.869916374948169868e-03 0.000000000000000000e+00 1.963495408493620871e-03
1.981491432615401607e+02 2.653933721660743650e-02 -2.429657209493177143e-03 0.000000000000000000e+00 1.963495408493620871e-03
1.984100655325576668e+02 2.899909796372721754e-02 -3.303930215163405383e-03 0.000000000000000000e+00 1.963495408493620871e-03
1.985689981171735496e+02 3.026185417164364844e-02 -2.705183710957241756e-03 0.000000000000000000e+00 1.963495408493620871e-03
1.988282047286923273e+02 3.310166803833471116e-02 -3.248796940301275187e-03 0.000000000000000000e+00 1.963495408493620871e-03
1.989876901708965988e+02 3.465834859145539015e-02 -2.478142775955996958e-03 0.000000000000000000e+00 1.963495408493620871e-03
1.992444336271450140e+02 3.788529547645545781e-02 -2.694362604030284616e-03 0.000000000000000000e+00 1.963495408493620871e-03
1.994032393383199064e+02 3.971638942051748666e-02 -1.771245957515780491e-03 0.000000000000000000e+00 1.963495408493620871e-03
1.996575797657619091e+02 4.335486584627305795e-02 -1.712192529777598927e-03 0.000000000000000000e+00 1.963495408493620871e-03
1.998151304908132317e+02 4.541193043420070630e-02 -6.871857401422494516e-04 0.000000000000000000e+00 1.963495408493620871e-03
2.000664991386530573e+02 4.941914631610329345e-02 -4.546372691348488787e-04 0.000000000000000000e+00 1.963495408493620871e-03
2.002226086657524036e+02 5.169664115134196825e-02 5.988493215355950635e-04 0.000000000000000000e+00 1.963495408493620871e-03
2.004704652065301218e+02 5.607085319945313839e-02 8.917420941017334055e-04 0.000000000000000000e+00 1.963495408493620871e-03
2.006252404935006552e+02 5.858766800385871443e-02 1.901610927245915008e-03 0.000000000000000000e+00 1.963495408493620871e-03
2.008688222486259463e+02 6.322730223820943740e-02 2.117296300753387320e-03 0.000000000000000000e+00 1.963495408493620871e-03
2.010220950775659503e+02 6.596486078734598024e-02 2.999153586951714724e-03 0.000000000000000000e+00 1.963495408493620871e-03
2.012609984661813201e+02 7.089694639754473560e-02 3.039920130451057717e-03 0.000000000000000000e+00 1.963495408493620871e-03
2.014119875481348174e+02 7.380622481744786301e-02 3.738689850521387595e-03 0.000000000000000000e+00 1.963495408493620871e-03
2.016456770468796265e+02 7.897641110638123352e-02 3.520844209473970692e-03 0.000000000000000000e+00 1.963495408493620871e-03
2.017939847052567757e+02 8.203573764135127511e-02 3.992343512152368885e-03 0.000000000000000000e+00 1.963495408493620871e-03
2.020216318149461188e+02 8.728015170617320351e-02 3.496597362496077586e-03 0.000000000000000000e+00 1.963495408493620871e-03
2.021671467432664713e+02 9.025662662040331852e-02 3.742746817928840029e-03 0.000000000000000000e+00 1.963495408493620871e-03
2.023886974989110286e+02 9.495117738818972808e-02 2.983276025228662892e-03 0.000000000000000000e+00 1.963495408493620871e-03
2.025319989108190555e+02 9.734172927487966254e-02 3.019479670081497494e-03 0.000000000000000000e+00 1.963495408493620871e-03
2.027490585027356929e+02 1.009713521938611080e-01 2.054754305015538650e-03 0.000000000000000000e+00 1.963495408493620871e-03
2.028910526641023182e+02 1.028696226996426433e-01 1.931112297611756873e-03 0.000000000000000000e+00 1.963495408493620871e-03
2.031049241492408726e+02 1.061035332011384946e-01 8.297558609125198215e-04 0.000000000000000000e+00 1.963495408493620871e-03
2.032461884068937934e+02 1.078965889576588011e-01 5.866513323193730742e-04 0.000000000000000000e+00 1.963495408493620871e-03
2.034573176788366879e+02 1.110180708336372113e-01 -5.647829442367520479e-04 0.000000000000000000e+00 1.963495408493620871e-03
2.035981291400032092e+02 1.127647113163834092e-01 -8.592162375784598294e-04 0.000000000000000000e+00 1.963495408493620871e-03
2.038067176109979073e+02 1.156535154846100588e-01 -1.957090164592757697e-03 0.000000000000000000e+00 1.963495408493620871e-03
2.039473124998825995e+02 1.171749572149328456e-01 -2.240005556195393769e-03 0.000000000000000000e+00 1.963495408493620871e-03
2.041539023929639143e+02 1.193974368589417467e-01 -3.193932230983873542e-03 0.000000000000000000e+00 1.963495408493620871e-03
2.042946358210401456e+02 1.204064355209304715e-01 -3.403990415870172467e-03 0.000000000000000000e+00 1.963495408493620871e-03
2.044997591199372380e+02 1.219901204675157835e-01 -4.134198162144671340e-03 0.000000000000000000e+00 1.963495408493620871e-03
2.046408332620653709e+02 1.227008876437480356e-01 -4.214934014641810375e-03 0.000000000000000000e+00 1.963495408493620871e-03
2.048445409388420160e+02 1.240030213839884432e-01 -4.650946212369203372e-03 0.000000000000000000e+00 1.963495408493620871e-03
2.049858220444363610e+02 1.246221274760313524e-01 -4.562219067049652459e-03 0.000000000000000000e+00 1.963495408493620871e-03
2.051879131661480073e+02 1.257975127946671934e-01 -4.665030661548681852e-03 0.000000000000000000e+00 1.963495408493620871e-03
2.053292886779527464e+02 1.263445553430523893e-01 -4.392273445783207581e-03 0.000000000000000000e+00 1.963495408493620871e-03
2.055297799088093313e+02 1.273878802802417554e-01 -4.157215713441452312e-03 0.000000000000000000e+00 1.963495408493620871e-03
2.056713515125063054e+02 1.278564292282448056e-01 -3.711672743383189269e-03 0.000000000000000000e+00 1.963495408493620871e-03
2.058705844022794906e+02 1.287625595711789916e-01 -3.176114731365978910e-03 0.000000000000000000e+00 1.963495408493620871e-03
2.060126581029210797e+02 1.291513988812573732e-01 -2.595502474335531322e-03 0.000000000000000000e+00 1.963495408493620871e-03
2.062111634285129753e+02 1.299249183774214556e-01 -1.818423311169308637e-03 0.000000000000000000e+00 1.963495408493620871e-03
2.063540941999613381e+02 1.302396773633497373e-01 -1.135490097412903548e-03 0.000000000000000000e+00 1.963495408493620871e-03
2.065523172290182856e+02 1.308935288872724589e-01 -2.019227539161966116e-04 0.000000000000000000e+00 1.963495408493620871e-03
2.066962991409326662e+02 1.311427503718167742e-01 5.178644186056514855e-04 0.000000000000000000e+00 1.963495408493620871e-03
2.068943496356122012e+02 1.316897935343400161e-01 1.497175437489028189e-03 0.000000000000000000e+00 1.963495408493620871e-03
2.070392796365373442e+02 1.318781966555499785e-01 2.182575458406293793e-03 0.000000000000000000e+00 1.963495408493620871e-03
2.072368580647745091e+02 1.323213194973658913e-01 3.109663218614120220e-03 0.000000000000000000e+00 1.963495408493620871e-03
2.073823649715475312e+02 1.324440330020007495e-01 3.678471246234798174e-03 0.000000000000000000e+00 1.963495408493620871e-03
2.075789316394779576e+02 1.327705583586213933e-01 4.458682712796367340e-03 0.000000000000000000e+00 1.963495408493620871e-03
2.077245797139438821e+02 1.328114281914745121e-01 4.828726523346764561e-03 0.000000000000000000e+00 1.963495408493620871e-03
2.079196994343874394e+02 1.329980869086774264e-01 5.371174007046358549e-03 0.000000000000000000e+00 1.963495408493620871e-03
2.080652622289245812e+02 1.329375434761616570e-01 5.479570921799204256e-03 0.000000000000000000e+00 1.963495408493620871e-03
2.082589329287449971e+02 1.329654522898074676e-01 5.734311330533887335e-03 0.000000000000000000e+00 1.963495408493620871e-03
2.084045888109449152e+02 1.327947236753401206e-01 5.556574155507276215e-03 0.000000000000000000e+00 1.963495408493620871e-03
2.085973440058261019e+02 1.326659829470153706e-01 5.493372763244125725e-03 0.000000000000000000e+00 1.963495408493620871e-03
2.087436302418188916e+02 1.323957889264901766e-01 5.019950237998080898e-03 0.000000000000000000e+00 1.963495408493620871e-03
2.089362996667571792e+02 1.321379120468494928e-01 4.651224222991952838e-03 0.000000000000000000e+00 1.963495408493620871e-03
2.090838242546407457e+02 1.317948567065972409e-01 3.922609147022071245e-03 0.000000000000000000e+00 1.963495408493620871e-03
2.092770768048082743e+02 1.314482683737650814e-01 3.297264458008920991e-03 0.000000000000000000e+00 1.963495408493620871e-03
2.094261548731059861e+02 1.310594564569482479e-01 2.339865011459374249e-03 0.000000000000000000e+00 1.963495408493620871e-03
2.096201038719700875e+02 1.306528095395693145e-01 1.515302011787403140e-03 0.000000000000000000e+00 1.963495408493620871e-03
2.097705433882347847e+02 1.302272791207157443e-01 4.102596403603190819e-04 0.000000000000000000e+00 1.963495408493620871e-03
2.099646623559754630e+02 1.297556346244003733e-01 -4.764472594430799353e-04 0.000000000000000000e+00 1.963495408493620871e-03
2.101158302482545253e+02 1.292726991609719767e-01 -1.632836357178238515e-03 0.000000000000000000e+00 1.963495408493620871e-03
2.103092431655055634e+02 1.286937718370783079e-01 -2.469819991907558961e-03 0.000000000000000000e+00 1.963495408493620871e-03
2.104604098616851218e+02 1.281086047268736317e-01 -3.587087664435206595e-03 0.000000000000000000e+00 1.963495408493620871e-03
2.106524195670244524e+02 1.273635629569330741e-01 -4.252190556342285918e-03 0.000000000000000000e+00 1.963495408493620871e-03
2.108032154031170080e+02 1.266322407344708245e-01 -5.243829110858171799e-03 0.000000000000000000e+00 1.963495408493620871e-03
2.109938013716554508e+02 1.256833609621049452e-01 -5.617311684622077611e-03 0.000000000000000000e+00 1.963495408493620871e-03
2.111445169267269648e+02 1.247946045636837975e-01 -6.405626355744605850e-03 0.000000000000000000e+00 1.963495408493620871e-03
2.113344774756780566e+02 1.236587232770080258e-01 -6.402060676864153484e-03 0.000000000000000000e+00 1.963495408493620871e-03
2.114859760844941832e+02 1.226504855083661166e-01 -6.931325007052400664e-03 0.000000000000000000e+00 1.963495408493620871e-03
2.116765340378953510e+02 1.214015094076633383e-01 -6.501898279990182827e-03 0.000000000000000000e+00 1.963495408493620871e-03
2.118297558123504984e+02 1.203454075710810728e-01 -6.720969585019883480e-03 0.000000000000000000e+00 1.963495408493620871e-03
2.120218338883139211e+02 1.190755652825503663e-01 -5.859247034098220494e-03 0.000000000000000000e+00 1.963495408493620871e-03
2.121772207459530932e+02 1.180358137580444222e-01 -5.770746668411420172e-03 0.000000000000000000e+00 1.963495408493620871e-03
2.123708975546588817e+02 1.167988434997988823e-01 -4.532686270952948626e-03 0.000000000000000000e+00 1.963495408493620871e-03
2.125281066828640917e+02 1.157895592705331933e-01 -4.161001083929617705e-03 0.000000000000000000e+00 1.963495408493620871e-03
2.127225751271265608e+02 1.145596177941795857e-01 -2.598942434410118907e-03 0.000000000000000000e+00 1.963495408493620871e-03
2.128806387739952299e+02 1.135257144420545594e-01 -2.032237917223589721e-03 0.000000000000000000e+00 1.963495408493620871e-03
2.130746529686393558e+02 1.122001755280130908e-01 -2.854118782407415872e-04 0.000000000000000000e+00 1.963495408493620871e-03
2.132324865665069069e+02 1.110390299864356944e-01 3.433179506082185452e-04 0.000000000000000000e+00 1.963495408493620871e-03
2.134250839699751907e+02 1.094900038563364764e-01 2.148816744640696767e-03 0.000000000000000000e+00 1.963495408493620871e-03
2.135821413601298673e+02 1.081095183389211567e-01 2.710015843091020254e-03 0.000000000000000000e+00 1.963495408493620871e-03
2.137733176077288704e+02 1.062645131708870039e-01 4.439209147123983519e-03 0.000000000000000000e+00 1.963495408493620871e-03
2.139300319000664956e+02 1.046503091614913727e-01 4.818806109894746212e-03 0.000000000000000000e+00 1.963495408493620871e-03
2.141209113545363039e+02 1.025571135736955547e-01 6.332757225223232048e-03 0.000000000000000000e+00 1.963495408493620871e-03
2.142785235606526442e+02 1.008009242719116044e-01 6.439742592224361600e-03 0.000000000000000000e+00 1.963495408493620871e-03
2.144707438016038736e+02 9.862298553925866185e-02 7.611671005850900902e-03 0.000000000000000000e+00 1.963495408493620871e-03
2.146305313297288535e+02 9.688155956048352668e-02 7.382637794583454642e-03 0.000000000000000000e+00 1.963495408493620871e-03
2.148252037073919212e+02 9.481005864116991144e-02 8.110780253697246964e-03 0.000000000000000000e+00 1.963495408493620871e-03
2.149876567735590243e+02 9.321233138033833965e-02 7.487454519579939127e-03 0.000000000000000000e+00 1.963495408493620871e-03
2.151847171793686471e+02 9.134515738909128324e-02 7.721914482676282485e-03 0.000000000000000000e+00 1.963495408493620871e-03
2.153492759749269396e+02 8.990618127207695987e-02 6.685482276162744986e-03 0.000000000000000000e+00 1.963495408493620871e-03
2.155476303331339523e+02 8.817540476247996695e-02 6.450839713983219648e-03 0.000000000000000000e+00 1.963495408493620871e-03
2.157130208655936201e+02 8.676947140945989734e-02 5.005895086515917483e-03 0.000000000000000000e+00 1.963495408493620871e-03
2.159111872191246846e+02 8.495972085249386963e-02 4.371270546409658855e-03 0.000000000000000000e+00 1.963495408493620871e-03
2.160760825980272557e+02 8.337510047546627112e-02 2.634086210346725174e-03 0.000000000000000000e+00 1.963495408493620871e-03
2.162729979542766614e+02 8.123412537920110532e-02 1.811556350911751670e-03 0.000000000000000000e+00 1.963495408493620871e-03
2.164367717013398931e+02 7.929093274329560015e-02 -9.647895252486420742e-05 0.000000000000000000e+00 1.963495408493620871e-03
2.166325214465501290e+02 7.668426166611828909e-02 -9.973075760927947904e-04 0.000000000000000000e+00 1.963495408493620871e-03
2.167957744302434833e+02 7.436042340985660193e-02 -2.936289084108544695e-03 0.000000000000000000e+00 1.963495408493620871e-03
2.169917684261740476e+02 7.138931096392442388e-02 -3.699295499101940780e-03 0.000000000000000000e+00 1.963495408493620871e-03
2.171560721793630933e+02 6.887505601757690221e-02 -5.508636934929287549e-03 0.000000000000000000e+00 1.963495408493620871e-03
2.173541794140685113e+02 6.586340661036818589e-02 -6.039499834953939578e-03 0.000000000000000000e+00 1.963495408493620871e-03
2.175209321437646395e+02 6.347456596537695561e-02 -7.605366179872959098e-03 0.000000000000000000e+00 1.963495408493620871e-03
2.177220670369806044e+02 6.078844291918245046e-02 -7.731269381460359642e-03 0.000000000000000000e+00 1.963495408493620871e-03
2.178915011967531825e+02 5.877351695671909071e-02 -8.900244318127577964e-03 0.000000000000000000e+00 1.963495408493620871e-03
2.180951057425273802e+02 5.658490560095258415e-02 -8.466702881381526352e-03 0.000000000000000000e+00 1.963495408493620871e-03
2.182663461047320936e+02 5.495655151062105864e-02 -9.160110424798213052e-03 0.000000000000000000e+00 1.963495408493620871e-03
2.184711052614643734e+02 5.311245472024660186e-02 -8.126702503144740686e-03 0.000000000000000000e+00 1.963495408493620871e-03
2.186429001225556021e+02 5.162174546558764843e-02 -8.370295459757759460e-03 0.000000000000000000e+00 1.963495408493620871e-03
2.188476477132046227e+02 4.971369545055670525e-02 -6.727001558572079029e-03 0.000000000000000000e+00 1.963495408493620871e-03
2.190189969896621847e+02 4.797178863519462044e-02 -6.519222802733207894e-03 0.000000000000000000e+00 1.963495408493620871e-03
2.192232005500242167e+02 4.553810964953880491e-02 -4.381249837957620213e-03 0.000000000000000000e+00 1.963495408493620871e-03
2.193937766842231838e+02 4.321594542548379270e-02 -3.898992721523164562e-03 0.000000000000000000e+00 1.963495408493620871e-03
2.195978739301176006e+02 3.999754304261458893e-02 -1.428829423439156518e-03 0.000000000000000000e+00 1.963495408493620871e-03
2.197684760356612230e+02 3.704961657750367732e-02 -7.620737631090397646e-04 0.000000000000000000e+00 1.963495408493620871e-03
2.199740142851866551e+02 3.322239607768566472e-02 1.855351561438414948e-03 0.000000000000000000e+00 1.963495408493620871e-03
2.201462526331838490e+02 2.999433308248019778e-02 2.489731349380203823e-03 0.000000000000000000e+00 1.963495408493620871e-03
2.203546884259661738e+02 2.615410729749537838e-02 5.013672825467700538e-03 0.000000000000000000e+00 1.963495408493620871e-03
2.205293796662810166e+02 2.322128877371124750e-02 5.481694651767407903e-03 0.000000000000000000e+00 1.963495408493620871e-03
2.207403627009937281e+02 2.004469764348097705e-02 7.698719039562901267e-03 0.000000000000000000e+00 1.963495408493620871e-03
2.209166926878794186e+02 1.784884463614382077e-02 7.762685154950817006e-03 0.000000000000000000e+00 1.963495408493620871e-03
2.211282479553466658e+02 1.562861500843623630e-02 9.472656385497792847e-03 0.000000000000000000e+00 1.963495408493620871e-03
2.213047176019483686e+02 1.417073028774588385e-02 9.043231652508611912e-03 0.000000000000000000e+00 1.963495408493620871e-03
2.215154110226104933e+02 1.262127988463053463e-02 1.017588804197861602e-02 0.000000000000000000e+00 1.963495408493620871e-03
2.216915666667870255e+02 1.146768790742688088e-02 9.116639965277163055e-03 0.000000000000000000e+00 1.963495408493620871e-03
2.219019664935790956e+02 9.908195558714149448e-03 9.592172902648653243e-03 0.000000000000000000e+00 1.963495408493620871e-03
2.220785323856770503e+02 8.412334061730331394e-03 7.962766995499335337e-03 0.000000000000000000e+00 1.963495408493620871e-03
2.222902065971150591e+02 6.074840640715005978e-03 7.873120464769588212e-03 0.000000000000000000e+00 1.963495408493620871e-03
2.224680784736094949e+02 3.660688532112952708e-03 5.752772238574704877e-03 0.000000000000000000e+00 1.963495408493620871e-03
2.226826125388811022e+02 6.822791310731775305e-05 5.159493657690313040e-03 0.000000000000000000e+00 1.963495408493620871e-03
2.228629656147381297e+02 -3.392361244985543992e-03 2.607489939397470563e-03 0.000000000000000000e+00 1.963495408493620871e-03
2.230818781243269484e+02 -7.993244854337958061e-03 1.660498894242360551e-03 0.000000000000000000e+00 1.963495408493620871e-03
2.232657536589327947e+02 -1.194734778896504659e-02 -1.062000095621271328e-03 0.000000000000000000e+00 1.963495408493620871e-03
2.234887829905148351e+02 -1.656072329751463734e-02 -2.051716760098392517e-03 0.000000000000000000e+00 1.963495408493620871e-03
2.236749459757228635e+02 -2.002980137790235510e-02 -4.774456433716054229e-03 0.000000000000000000e+00 1.963495408493620871e-03
2.238982229179169963e+02 -2.351003468877649327e-02 -5.517990649991382293e-03 0.000000000000000000e+00 1.963495408493620871e-03
2.240829667134929934e+02 -2.575316383045773982e-02 -7.863872752563515894e-03 0.000000000000000000e+00 1.963495408493620871e-03
2.243012111991958193e+02 -2.765064448277369802e-02 -7.984993514169522189e-03 0.000000000000000000e+00 1.963495408493620871e-03
2.244815137650566612e+02 -2.868633394033692080e-02 -9.901333876183799135e-03 0.000000000000000000e+00 1.963495408493620871e-03
2.246931790222886320e+02 -2.948810198277471151e-02 -9.327548103638109989e-03 0.000000000000000000e+00 1.963495408493620871e-03
2.248703660173942183e+02 -2.997966484849035051e-02 -1.072755679729764204e-02 0.000000000000000000e+00 1.963495408493620871e-03
2.250801044946934439e+02 -3.068407068257526793e-02 -9.409075041369039522e-03 0.000000000000000000e+00 1.963495408493620871e-03
2.252593311482372371e+02 -3.155300076203185200e-02 -1.026941684251689302e-02 0.000000000000000000e+00 1.963495408493620871e-03
2.254741783815030374e+02 -3.328154288302664909e-02 -8.253595225393307172e-03 0.000000000000000000e+00 1.963495408493620871e-03
2.256596231941118162e+02 -3.542760890855568834e-02 -8.562117750228328411e-03 0.000000000000000000e+00 1.963495408493620871e-03
2.258840960430348730e+02 -3.900438132255215629e-02 -5.887353063634467171e-03 0.000000000000000000e+00 1.963495408493620871e-03
2.260779179960439933e+02 -4.275686592902776251e-02 -5.687352132869694099e-03 0.000000000000000000e+00 1.963495408493620871e-03
2.263135767088335228e+02 -4.796442125473208973e-02 -2.406190084314533545e-03 0.000000000000000000e+00 1.963495408493620871e-03
2.265155865180361445e+02 -5.253891602312270315e-02 -1.787303191156242380e-03 0.000000000000000000e+00 1.963495408493620871e-03
2.267584867358982024e+02 -5.785795946439897808e-02 1.822832376415627325e-03 0.000000000000000000e+00 1.963495408493620871e-03
2.269629201921610218e+02 -6.171834526646172159e-02 2.464680126190357118e-03 0.000000000000000000e+00 1.963495408493620871e-03
2.272016252866613684e+02 -6.538575268323532086e-02 5.870490790595719877e-03 0.000000000000000000e+00 1.963495408493620871e-03
2.273984775644024694e+02 -6.743030797035026724e-02 6.090559483886412440e-03 0.000000000000000000e+00 1.963495408493620871e-03
2.276212176204005857e+02 -6.886494327307471353e-02 8.969169603996284337e-03 0.000000000000000000e+00 1.963495408493620871e-03
2.278040751489602371e+02 -6.920605914101274347e-02 8.519791338586638410e-03 0.000000000000000000e+00 1.963495408493620871e-03
2.280084864667902025e+02 -6.921014258279850617e-02 1.069676786435950697e-02 0.000000000000000000e+00 1.963495408493620871e-03
2.281809649517493597e+02 -6.881062711126437192e-02 9.586279263658417649e-03 0.000000000000000000e+00 1.963495408493620871e-03
2.283782931384811832e+02 -6.859864799759765597e-02 1.129109250228820319e-02 0.000000000000000000e+00 1.963495408493620871e-03
2.285543838094716023e+02 -6.847841407685473225e-02 9.664187807022613097e-03 0.000000000000000000e+00 1.963495408493620871e-03
2.287625717889477812e+02 -6.923607732853737096e-02 1.072103679659055717e-02 0.000000000000000000e+00 1.963495408493620871e-03
2.289537249814715665e+02 -7.061535769720081457e-02 8.479273641981522475e-03 0.000000000000000000e+00 1.963495408493620871e-03
2.291837228649970370e+02 -7.363471463179180332e-02 8.794742551332741104e-03 0.000000000000000000e+00 1.963495408493620871e-03
2.293947006125476662e+02 -7.728785959953632378e-02 5.918804179395706355e-03 0.000000000000000000e+00 1.963495408493620871e-03
2.296491230477247996e+02 -8.259264921466508147e-02 5.339913643521109615e-03 0.000000000000000000e+00 1.963495408493620871e-03
2.298781780352581166e+02 -8.752726837960647654e-02 1.784377155374479093e-03 0.000000000000000000e+00 1.963495408493620871e-03
2.301472318236124295e+02 -9.302357097277524911e-02 6.679886224083032842e-04 0.000000000000000000e+00 1.963495408493620871e-03
2.303805178534710763e+02 -9.700528911920694441e-02 -3.084271466650528523e-03 0.000000000000000000e+00 1.963495408493620871e-03
2.306395552664266972e+02 -1.003370384844664287e-01 -3.935741639139664350e-03 0.000000000000000000e+00 1.963495408493620871e-03
2.308556086364495172e+02 -1.020238377455735812e-01 -7.386376806093986752e-03 0.000000000000000000e+00 1.963495408493620871e-03
2.310825559177234254e+02 -1.027886049685713399e-01 -7.344890864543422715e-03 0.000000000000000000e+00 1.963495408493620871e-03
2.312684010264972301e+02 -1.025866872674460195e-01 -1.012689284712155191e-02 0.000000000000000000e+00 1.963495408493620871e-03
2.314586716969782287e+02 -1.020469681519553529e-01 -9.214226040459721351e-03 0.000000000000000000e+00 1.963495408493620871e-03
2.316192291818456113e+02 -1.012357045469037264e-01 -1.148521784291909112e-02 0.000000000000000000e+00 1.963495408493620871e-03
2.317898481200652157e+02 -1.006279575168627372e-01 -9.990177062518833251e-03 0.000000000000000000e+00 1.963495408493620871e-03
2.319509432934437996e+02 -9.984654419367847145e-02 -1.182364282382585008e-02 0.000000000000000000e+00 1.963495408493620871e-03
2.321365170555108932e+02 -9.965936633880725926e-02 -9.862747909541839247e-03 0.000000000000000000e+00 1.963495408493620871e-03
2.323259752902920923e+02 -9.983342724080179753e-02 -1.111990544064660538e-02 0.000000000000000000e+00 1.963495408493620871e-03
2.325524232003264729e+02 -1.016562550353239669e-01 -8.522399048717793635e-03 0.000000000000000000e+00 1.963495408493620871e-03
2.327806244558470610e+02 -1.044600623302079645e-01 -8.809980867381113356e-03 0.000000000000000000e+00 1.963495408493620871e-03
2.330530534975063688e+02 -1.090595408517683329e-01 -5.122808381359934479e-03 0.000000000000000000e+00 1.963495408493620871e-03
2.333167247594628009e+02 -1.134345153459376532e-01 -4.290690083308414636e-03 0.000000000000000000e+00 1.963495408493620871e-03
2.336176017616178058e+02 -1.180501569659676564e-01 4.416291347229062483e-04 0.000000000000000000e+00 1.963495408493620871e-03
2.338911791632188510e+02 -1.209420007939080721e-01 1.553374094949902702e-03 0.000000000000000000e+00 1.963495408493620871e-03
2.341765681845989775e+02 -1.230390010327732098e-01 6.120228433752459424e-03 0.000000000000000000e+00 1.963495408493620871e-03
2.344218006656050477e+02 -1.236753426681084511e-01 6.499046980480885360e-03 0.000000000000000000e+00 1.963495408493620871e-03
2.346578961035681345e+02 -1.239164779380829695e-01 1.030994610994556693e-02 0.000000000000000000e+00 1.963495408493620871e-03
2.348529799959351010e+02 -1.234139193334530538e-01 9.610634463422775692e-03 0.000000000000000000e+00 1.963495408493620871e-03
2.350322177725615518e+02 -1.232343913712947436e-01 1.256899521283610932e-02 0.000000000000000000e+00 1.963495408493620871e-03
2.351773135885734973e+02 -1.229995485810689848e-01 1.111138060004168010e-02 0.000000000000000000e+00 1.963495408493620871e-03
2.353122895446896052e+02 -1.236638573469913682e-01 1.350502945067998811e-02 0.000000000000000000e+00 1.963495408493620871e-03
2.354414469920696433e+02 -1.236852026470351973e-01 1.168239460922269185e-02 0.000000000000000000e+00 1.963495408493620871e-03
2.355838081028786064e+02 -1.238843200116934162e-01 1.365024525796166427e-02 0.000000000000000000e+00 1.963495408493620871e-03
2.357539555477373767e+02 -1.229352685700584868e-01 1.147676627826450801e-02 0.000000000000000000e+00 1.963495408493620871e-03
2.359612370943860356e+02 -1.229340035751369797e-01 1.242324406738428907e-02 0.000000000000000000e+00 1.963495408493620871e-03
2.361985375753461369e+02 -1.238710066859602110e-01 9.421570980170861781e-03 0.000000000000000000e+00 1.963495408493620871e-03
2.364840885087849358e+02 -1.264504733760067334e-01 8.762616499383268226e-03 0.000000000000000000e+00 1.963495408493620871e-03
2.367840728395243559e+02 -1.289953590327841404e-01 4.042092758289903692e-03 0.000000000000000000e+00 1.963495408493620871e-03
2.371187351748277194e+02 -1.307419789363045148e-01 1.691187476317995708e-03 0.000000000000000000e+00 1.963495408493620871e-03
2.374366879778888233e+02 -1.306128755910603290e-01 -4.020293174221110932e-03 0.000000000000000000e+00 1.963495408493620871e-03
2.377457773850261447e+02 -1.293843320504227956e-01 -5.927476731894937984e-03 0.000000000000000000e+00 1.963495408493620871e-03
2.380272398694533820e+02 -1.277164231781182102e-01 -1.131249452036169056e-02 0.000000000000000000e+00 1.963495408493620871e-03
2.382797264747884469e+02 -1.270076059142828118e-01 -1.144470329503802924e-02 0.000000000000000000e+00 1.963495408493620871e-03
2.385005634819025602e+02 -1.267895716375808668e-01 -1.566123520625501558e-02 0.000000000000000000e+00 1.963495408493620871e-03
2.386919293501298682e+02 -1.278203992086723306e-01 -1.426537447169416717e-02 0.000000000000000000e+00 1.963495408493620871e-03
2.388349137480740296e+02 -1.293473660198711794e-01 -1.719567201484634156e-02 0.000000000000000000e+00 1.963495408493620871e-03
2.389467759002165508e+02 -1.329920589568064360e-01 -1.517762318967894042e-02 0.000000000000000000e+00 1.963495408493620871e-03
2.390329087646265691e+02 -1.365042294029089054e-01 -1.741163476900757165e-02 0.000000000000000000e+00 1.963495408493620871e-03
2.391133728460443990e+02 -1.405546255858121096e-01 -1.523622786558544856e-02 0.000000000000000000e+00 1.963495408493620871e-03
2.392338111076878988e+02 -1.407486051824776152e-01 -1.698550950548544797e-02 0.000000000000000000e+00 1.963495408493620871e-03
2.393962436647022116e+02 -1.397415247567776464e-01 -1.445113025928137021e-02 0.000000000000000000e+00 1.963495408493620871e-03
2.396228363419173206e+02 -1.373770201113765355e-01 -1.439066973085555493e-02 0.000000000000000000e+00 1.963495408493620871e-03
2.399156587556034594e+02 -1.366432795140883061e-01 -9.751061125611328734e-03 0.000000000000000000e+00 1.963495408493620871e-03
2.402490416826109936e+02 -1.358149636370100111e-01 -6.744713425469980699e-03 0.000000000000000000e+00 1.963495408493620871e-03
2.406235277235031731e+02 -1.331361606170247125e-01 9.407341249639319253e-04 0.000000000000000000e+00 1.963495408493620871e-03
2.409798941955108660e+02 -1.272940612568903562e-01 5.738674639847111958e-03 0.000000000000000000e+00 1.963495408493620871e-03
2.412802791285482726e+02 -1.208575330239661377e-01 1.316416270961094648e-02 0.000000000000000000e+00 1.963495408493620871e-03
2.415741127505042130e+02 -1.138773228663918502e-01 1.555703157952047916e-02 0.000000000000000000e+00 1.963495408493620871e-03
2.418155882605302907e+02 -1.097026931085104545e-01 2.143925013436487337e-02 0.000000000000000000e+00 1.963495408493620871e-03
2.420808464156436912e+02 -1.078744326057400893e-01 2.083184969096667921e-02 0.000000000000000000e+00 1.963495408493620871e-03
2.423361962764599582e+02 -1.100521366283163660e-01 2.475856104893327941e-02 0.000000000000000000e+00 1.963495408493620871e-03
2.425179720563965020e+02 -1.142402902675900001e-01 2.158295366200958451e-02 0.000000000000000000e+00 1.963495408493620871e-03
2.426578694551029685e+02 -1.211462438145926024e-01 2.384881779119682119e-02 0.000000000000000000e+00 1.963495408493620871e-03
2.427228208153950106e+02 -1.302255201673522544e-01 2.101568167997247896e-02 0.000000000000000000e+00 1.963495408493620871e-03
2.427492930252387566e+02 -1.417495328913661867e-01 2.305887122785280074e-02 0.000000000000000000e+00 1.963495408493620871e-03
2.427939914661047851e+02 -1.492611923929898221e-01 2.057365358642464226e-02 0.000000000000000000e+00 1.963495408493620871e-03
2.428723803796299592e+02 -1.528582117222733183e-01 2.195791264614103955e-02 0.000000000000000000e+00 1.963495408493620871e-03
2.430532587331217087e+02 -1.488147459809918138e-01 1.819140959467665034e-02 0.000000000000000000e+00 1.963495408493620871e-03
2.433496440489557244e+02 -1.426571641206280383e-01 1.499602986762257027e-02 0.000000000000000000e+00 1.963495408493620871e-03
2.437476982729363328e+02 -1.380027860948431218e-01 5.074770385379233015e-03 0.000000000000000000e+00 1.963495408493620871e-03
2.442404291494668200e+02 -1.284219586053379214e-01 -6.585196928542529082e-03 0.000000000000000000e+00 1.963495408493620871e-03
2.446942145827824220e+02 -1.094320080318782196e-01 -2.032259682607709395e-02 0.000000000000000000e+00 1.963495408493620871e-03
2.449145193658141295e+02 -9.596235535750219370e-02 -2.396491658477408609e-02 0.000000000000000000e+00 1.963495408493620871e-03
2.450879027096870004e+02 -8.426617762324180305e-02 -2.970899527716557020e-02 0.000000000000000000e+00 1.963495408493620871e-03
2.450096979397033294e+02 -9.069950350312216969e-02 -2.566155339032648308e-02 0.000000000000000000e+00 1.963495408493620871e-03
2.452504353476365964e+02 -7.538061290503200729e-02 -3.253833040214311467e-02 0.000000000000000000e+00 1.963495408493620871e-03
2.456398482299595685e+02 -6.212614423417332776e-02 -3.261059786819923978e-02 0.000000000000000000e+00 1.963495408493620871e-03
2.460067708446977406e+02 -6.579883025562889565e-02 -3.371942624977461445e-02 0.000000000000000000e+00 1.963495408493620871e-03
2.462877758056494031e+02 -8.042808807139592564e-02 -2.661078509270864076e-02 0.000000000000000000e+00 1.963495408493620871e-03
2.464033378683661510e+02 -9.599213346730731122e-02 -2.770513189876381080e-02 0.000000000000000000e+00 1.963495408493620871e-03
2.464392478229904953e+02 -1.178770854726927247e-01 -2.441404059143249816e-02 0.000000000000000000e+00 1.963495408493620871e-03
2.464324584566521139e+02 -1.370707809375151520e-01 -2.687577117108073607e-02 0.000000000000000000e+00 1.963495408493620871e-03
2.464218218191911944e+02 -1.525704253509716779e-01 -2.493593784537635055e-02 0.000000000000000000e+00 1.963495408493620871e-03
2.465560302062135634e+02 -1.531259764575163551e-01 -2.352441627913794825e-02 0.000000000000000000e+00 1.963495408493620871e-03
2.469564557998089072e+02 -1.360624505866167844e-01 -9.489160286137358555e-03 0.000000000000000000e+00 1.963495408493620871e-03
2.479439961806480994e+02 -7.894451946280847676e-02 2.834361444107176553e-02 0.000000000000000000e+00 1.963495408493620871e-03
2.488478929262914505e+02 -3.680504162941584945e-02 4.971792175581561668e-02 0.000000000000000000e+00 1.963495408493620871e-03
2.493237166456128193e+02 -9.808780949725041248e-03 4.499770182492227738e-02 0.000000000000000000e+00 1.963495408493620871e-03
2.492018342036153342e+02 -1.699929339003318496e-02 4.835552083673888557e-02 0.000000000000000000e+00 1.963495408493620871e-03
2.489534364999167906e+02 -3.266908374093922124e-02 4.820696837078151248e-02 0.000000000000000000e+00 1.963495408493620871e-03
2.480561068800558928e+02 -7.535649028080673717e-02 3.405244648330207902e-02 0.000000000000000000e+00 1.963495408493620871e-03
2.476394304143722991e+02 -1.044829366085236882e-01 1.569976078239707085e-02 0.000000000000000000e+00 1.963495408493620871e-03
2.471778689505650846e+02 -1.338268908351480380e-01 -1.258491314780934428e-03 0.000000000000000000e+00 1.963495408493620871e-03
2.476945878059194399e+02 -1.023521450968153945e-01 1.800588463798551142e-02 0.000000000000000000e+00 1.963495408493620871e-03
2.490632517698626600e+02 -3.161603387720212516e-02 4.972341876202282518e-02 0.000000000000000000e+00 1.963495408493620871e-03
2.498118715877182581e+02 -1.633639805537448475e-02 3.009594621692145838e-02 0.000000000000000000e+00 1.963495408493620871e-03
2.500355005243146422e+02 -4.432587065160067952e-02 2.327713726617157072e-02 0.000000000000000000e+00 1.963495408493620871e-03
2.501559947084224973e+02 -6.871356932384729832e-02 1.544089272371624959e-02 0.000000000000000000e+00 1.963495408493620871e-03
2.502849532944570115e+02 -8.054959617498858027e-02 1.070222488494412122e-02 0.000000000000000000e+00 1.963495408493620871e-03
2.506856224527337815e+02 -6.873429463011143659e-02 -1.367286300569770657e-02 0.000000000000000000e+00 1.963495408493620871e-03
2.513929983044210417e+02 -3.084305478007180745e-02 -4.907604310391705527e-02 0.000000000000000000e+00 1.963495408493620871e-03
2.524694200345831803e+02 -5.017273589974852871e-03 -6.425991762111094019e-02 0.000000000000000000e+00 1.963495408493620871e-03
2.531459308462641218e+02 3.592289217623587105e-02 -3.521030745474840185e-02 0.000000000000000000e+00 1.963495408493620871e-03
2.534664743120487742e+02 5.694926244195439025e-02 -1.403173752569805699e-02 0.000000000000000000e+00 1.963495408493620871e-03
2.531189891576626394e+02 3.190658790201333916e-02 -3.656181994883427044e-02 0.000000000000000000e+00 1.963495408493620871e-03
2.526890829240770699e+02 1.339187415930161336e-03 -5.871383050638788459e-02 0.000000000000000000e+00 1.963495408493620871e-03
2.516529234612981440e+02 -2.707614642175618438e-02 -5.888023097665001648e-02 0.000000000000000000e+00 1.963495408493620871e-03
2.509202019205115164e+02 -6.760192281357921273e-02 -2.688965648993255075e-02 0.000000000000000000e+00 1.963495408493620871e-03
2.496466200989813444e+02 -1.530534952849861574e-01 3.901582984319139358e-02 0.000000000000000000e+00 1.963495408493620871e-03
2.493833693405259169e+02 -1.743530527968434884e-01 4.415433667297405385e-02 0.000000000000000000e+00 1.963495408493620871e-03
2.496472078284314478e+02 -1.565053261710344090e-01 3.830755972931622344e-02 0.000000000000000000e+00 1.963495408493620871e-03
2.510431727196996690e+02 -6.680640304124192685e-02 -3.301700060367916689e-02 0.000000000000000000e+00 1.963495408493620871e-03
2.528337987047964930e+02 -8.673667495800096647e-03 -5.131205486278385408e-02 0.000000000000000000e+00 1.963495408493620871e-03
2.535564605497044397e+02 -1.187488886679829384e-03 -8.648205198354370210e-03 0.000000000000000000e+00 1.963495408493620871e-03
2.538938324986696102e+02 -2.011215969163745315e-02 1.891307078958816279e-02 0.000000000000000000e+00 1.963495408493620871e-03
2.544724291704891641e+02 -1.028964701349039355e-02 5.838010236316062973e-02 0.000000000000000000e+00 1.963495408493620871e-03
2.551971945077616795e+02 2.034382518506227394e-02 9.020875574300143973e-02 0.000000000000000000e+00 1.963495408493620871e-03
2.563331698907501845e+02 4.787961245341430805e-02 4.647880991937831940e-02 0.000000000000000000e+00 1.963495408493620871e-03
2.568968479829945295e+02 8.884486951145345590e-02 -4.997424981383974396e-03 0.000000000000000000e+00 1.963495408493620871e-03
2.571398506679837510e+02 1.059097058680064651e-01 -3.050447034119339873e-02 0.000000000000000000e+00 1.963495408493620871e-03
2.566835254569967333e+02 6.970407589735796994e-02 1.658405139964685970e-02 0.000000000000000000e+00 1.963495408493620871e-03
2.562072776694041067e+02 3.545718467221845027e-02 5.683412662070436855e-02 0.000000000000000000e+00 1.963495408493620871e-03
2.551668780219111454e+02 8.734275725289696035e-03 8.886814801448131296e-02 0.000000000000000000e+00 1.963495408493620871e-03
2.543949079460855671e+02 -3.197350004054926725e-02 5.501561615266850613e-02 0.000000000000000000e+00 1.963495408493620871e-03
2.531413585391147478e+02 -9.887481386625124324e-02 -3.657391653486718325e-02 0.000000000000000000e+00 1.963495408493620871e-03
2.525983579082126198e+02 -1.395673236574613563e-01 -6.329477898743454678e-02 0.000000000000000000e+00 1.963495408493620871e-03
2.521396114648790956e+02 -1.759396110739865626e-01 -6.744616018449545169e-02 0.000000000000000000e+00 1.963495408493620871e-03
2.525162520038688854e+02 -1.544192946840543257e-01 -6.343992360290283405e-02 0.000000000000000000e+00 1.963495408493620871e-03
2.543420331973127873e+02 -5.211564192947565344e-02 4.929842270550785499e-02 0.000000000000000000e+00 1.963495408493620871e-03
2.562879952925213729e+02 4.138540068435805214e-03 5.161492278000485989e-02 0.000000000000000000e+00 1.963495408493620871e-03
2.570667120197646227e+02 1.704578558754878820e-02 -2.034583445980889249e-02 0.000000000000000000e+00 1.963495408493620871e-03
2.578203319290813624e+02 2.874170669535371092e-02 -9.041106257798914303e-02 0.000000000000000000e+00 1.963495408493620871e-03
2.585302469272476742e+02 5.454475558338113539e-02 -1.132870452915832049e-01 0.000000000000000000e+00 1.963495408493620871e-03
2.599619116071173153e+02 1.071094770512549810e-01 -8.926663064692912097e-03 0.000000000000000000e+00 1.963495408493620871e-03
2.602352935450224436e+02 1.281186270850517284e-01 2.797800450574958187e-02 0.000000000000000000e+00 1.963495408493620871e-03
2.604222432282678028e+02 1.421920401291249247e-01 5.084292336383722244e-02 0.000000000000000000e+00 1.963495408493620871e-03
2.599236412686867084e+02 1.004371463731126013e-01 -1.245142305342161401e-02 0.000000000000000000e+00 1.963495408493620871e-03
2.594038953137663270e+02 7.121921408013939803e-02 -7.180533269343997160e-02 0.000000000000000000e+00 1.963495408493620871e-03
2.583499364259022286e+02 3.471745911380220984e-02 -1.122719810738652957e-01 0.000000000000000000e+00 1.963495408493620871e-03
2.576293087775485446e+02 -1.145440268789480864e-03 -7.391553553219172568e-02 0.000000000000000000e+00 1.963495408493620871e-03
2.564759834893438892e+02 -7.004912633788550058e-02 3.823967775666081009e-02 0.000000000000000000e+00 1.963495408493620871e-03
2.558622651371669576e+02 -1.121523134733628385e-01 7.778141519438272478e-02 0.000000000000000000e+00 1.963495408493620871e-03
2.552769428312773243e+02 -1.482316637243756563e-01 8.634542499158903706e-02 0.000000000000000000e+00 1.963495408493620871e-03
2.552852508703515468e+02 -1.563545296348412550e-01 9.319375125418546957e-02 0.000000000000000000e+00 1.963495408493620871e-03
2.565786515511128982e+02 -8.799309163389552879e-02 2.464188840229927444e-02 0.000000000000000000e+00 1.963495408493620871e-03
2.588555055077740690e+02 8.833357984807190671e-03 -1.065237002650271658e-01 0.000000000000000000e+00 1.963495408493620871e-03
2.601514454125204452e+02 3.408891099532526670e-02 1.370840866396602631e-02 0.000000000000000000e+00 1.963495408493620871e-03
2.609619140490718223e+02 5.874976385549290914e-02 1.073390379293813479e-01 0.000000000000000000e+00 1.963495408493620871e-03
2.617372118574006095e+02 9.010560847002102580e-02 1.435312740363297590e-01 0.000000000000000000e+00 1.963495408493620871e-03
2.632765634119184028e+02 1.642662171285047545e-01 -1.238170878064775993e-02 0.000000000000000000e+00 1.963495408493620871e-03
2.630560620713300750e+02 1.474172186892143410e-01 2.343631191792047708e-02 0.000000000000000000e+00 1.963495408493620871e-03
2.632848458906229325e+02 1.621944648426211777e-01 -1.448787572208544427e-02 0.000000000000000000e+00 1.963495408493620871e-03
2.627345061991509851e+02 1.258229018754796202e-01 7.002664861614393832e-02 0.000000000000000000e+00 1.963495408493620871e-03
2.621351850055716000e+02 9.706225566148329875e-02 1.280055475998413406e-01 0.000000000000000000e+00 1.963495408493620871e-03
2.611291520214213620e+02 5.099561252831073810e-02 1.226989629659873682e-01 0.000000000000000000e+00 1.963495408493620871e-03
2.604498947716094222e+02 7.689806690781307574e-03 4.985522159671826325e-02 0.000000000000000000e+00 1.963495408493620871e-03
2.595214336793522989e+02 -5.344475261029402180e-02 -5.957738909011432715e-02 0.000000000000000000e+00 1.963495408493620871e-03
2.589715527332548390e+02 -8.071787533183535923e-02 -1.039954944807000153e-01 0.000000000000000000e+00 1.963495408493620871e-03
2.584024582072324279e+02 -1.193629852032357247e-01 -1.161013695024859932e-01 0.000000000000000000e+00 1.963495408493620871e-03
2.584267432564831779e+02 -1.313865522127910801e-01 -1.062496618915308721e-01 0.000000000000000000e+00 1.963495408493620871e-03
2.598819026965996954e+02 -7.217882010004024462e-02 -2.698835281474561143e-02 0.000000000000000000e+00 1.963495408493620871e-03
2.621344633655287453e+02 4.200272917270560236e-02 1.334634718808293541e-01 0.000000000000000000e+00 1.963495408493620871e-03
2.633673811151944619e+02 6.081820277950289455e-02 -2.501274899054753420e-02 0.000000000000000000e+00 1.963495408493620871e-03
2.642721934620751654e+02 9.165660182089863106e-02 -1.479823641169376591e-01 0.000000000000000000e+00 1.963495408493620871e-03
2.650770192040229745e+02 1.409327130306105014e-01 -1.718024271051109830e-01 0.000000000000000000e+00 1.963495408493620871e-03
2.660963403429945515e+02 1.967864149146956176e-01 -5.221547450503659371e-02 0.000000000000000000e+00 1.963495408493620871e-03
2.655026050284063786e+02 1.641322202492419835e-01 -1.407136421039290597e-01 0.000000000000000000e+00 1.963495408493620871e-03
2.658191347163985938e+02 1.796366213486179364e-01 -1.006063321910226904e-01 0.000000000000000000e+00 1.963495408493620871e-03
2.651361584690246787e+02 1.389435326962958628e-01 -1.695711042231425880e-01 0.000000000000000000e+00 1.963495408493620871e-03
2.644836887241680756e+02 9.480927730031679657e-02 -1.672576684761472587e-01 0.000000000000000000e+00 1.963495408493620871e-03
2.636647072065970292e+02 4.177045997489887974e-02 -6.792075226825744494e-02 0.000000000000000000e+00 1.963495408493620871e-03
2.631489715642846363e+02 1.273573418575640534e-02 9.849313299624871954e-03 0.000000000000000000e+00 1.963495408493620871e-03
2.624266735751729129e+02 -1.919226218696887254e-02 1.105972819963036979e-01 0.000000000000000000e+00 1.963495408493620871e-03
2.619397535628955893e+02 -4.927754501598251985e-02 1.365450922166964176e-01 0.000000000000000000e+00 1.963495408493620871e-03
2.615091640582529067e+02 -9.509682473923582180e-02 1.418541448045228803e-01 0.000000000000000000e+00 1.963495408493620871e-03
2.617715356656521521e+02 -9.545210261436734567e-02 1.449477202387598473e-01 0.000000000000000000e+00 1.963495408493620871e-03
2.642360866192929620e+02 1.236970859663108491e-02 -1.451885775914606436e-01 0.000000000000000000e+00 1.963495408493620871e-03
2.656880996633241807e+02 8.110502514987558143e-02 -1.151762809028134410e-01 0.000000000000000000e+00 1.963495408493620871e-03
2.669444500762602956e+02 1.036336649313111535e-01 1.004544464386754876e-01 0.000000000000000000e+00 1.963495408493620871e-03
2.680627983647757446e+02 1.837367416790680053e-01 2.162581143490957536e-01 0.000000000000000000e+00 1.963495408493620871e-03
2.682885030631170480e+02 2.009205307358888914e-01 2.092520661588559983e-01 0.000000000000000000e+00 1.963495408493620871e-03
2.685858914931894219e+02 2.172091337919637710e-01 1.824295122690546833e-01 0.000000000000000000e+00 1.963495408493620871e-03
2.678995458993296097e+02 1.667469588494347732e-01 2.135043284350733039e-01 0.000000000000000000e+00 1.963495408493620871e-03
2.681278744317276050e+02 1.833377825349843393e-01 2.127129727175620655e-01 0.000000000000000000e+00 1.963495408493620871e-03
2.672879153861806572e+02 1.176723161252280769e-01 1.610350587921500209e-01 0.000000000000000000e+00 1.963495408493620871e-03
2.667991930359892194e+02 8.118753115448390512e-02 7.449998533456658745e-02 0.000000000000000000e+00 1.963495408493620871e-03
2.661993222570474131e+02 5.569771765794626073e-02 -3.797667718703930106e-02 0.000000000000000000e+00 1.963495408493620871e-03
2.657087583092921363e+02 3.710963272135568702e-02 -1.210077434166398069e-01 0.000000000000000000e+00 1.963495408493620871e-03
2.651044076999678509e+02 -1.626096236760612469e-03 -1.718233238342694036e-01 0.000000000000000000e+00 1.963495408493620871e-03
2.647918718949855474e+02 -3.348723496110819764e-02 -1.807480871947312884e-01 0.000000000000000000e+00 1.963495408493620871e-03
2.648665323071821263e+02 -6.648585663239311994e-02 -1.717487760513484174e-01 0.000000000000000000e+00 1.963495408493620871e-03
2.655699008084627053e+02 -4.595622591974356935e-02 -1.402620791036925385e-01 0.000000000000000000e+00 1.963495408493620871e-03
2.684172585232869892e+02 8.765474271768097791e-02 2.001688977778917911e-01 0.000000000000000000e+00 1.963495408493620871e-03
2.691247083719652551e+02 1.068874902691875906e-01 1.021070479631411010e-01 0.000000000000000000e+00 1.963495408493620871e-03
2.709540922245528236e+02 2.300147643789017815e-01 -2.588331617253896710e-01 0.000000000000000000e+00 1.963495408493620871e-03
2.711628532841180004e+02 2.466841389605816670e-01 -2.587568380579070015e-01 0.000000000000000000e+00 1.963495408493620871e-03
2.708484847269102715e+02 2.157100240113623557e-01 -2.445890386065918132e-01 0.000000000000000000e+00 1.963495408493620871e-03
2.708786129069860067e+02 2.174038625528316726e-01 -2.461075389781306466e-01 0.000000000000000000e+00 1.963495408493620871e-03
2.702081086894526720e+02 1.505525478235921200e-01 -1.473340067573203904e-01 0.000000000000000000e+00 1.963495408493620871e-03
2.701046679881443993e+02 1.400035690817217904e-01 -1.269942855696386541e-01 0.000000000000000000e+00 1.963495408493620871e-03
2.693290607623756614e+02 1.010858450400295705e-01 5.646142328165872776e-02 0.000000000000000000e+00 1.963495408493620871e-03
2.689967296436595916e+02 8.791373893270859607e-02 1.218044094658901205e-01 0.000000000000000000e+00 1.963495408493620871e-03
2.685439499626219799e+02 6.941100153915484572e-02 1.893715230387260084e-01 0.000000000000000000e+00 1.963495408493620871e-03
2.681426545396814731e+02 3.641320860417896627e-02 2.151500977330120801e-01 0.000000000000000000e+00 1.963495408493620871e-03
2.678373649335413802e+02 -4.626345332898081086e-03 2.075440385681457389e-01 0.000000000000000000e+00 1.963495408493620871e-03
2.679724327867227203e+02 -9.496225649096887850e-03 2.122812184333921215e-01 0.000000000000000000e+00 1.963495408493620871e-03
2.687830829482719537e+02 -2.179565069576708258e-02 1.568673221923301830e-01 0.000000000000000000e+00 1.963495408493620871e-03
2.694122320898683256e+02 -1.040982118827774895e-02 3.865988561563456910e-02 0.000000000000000000e+00 1.963495408493620871e-03
2.722910040609236262e+02 1.455112896103377962e-01 -1.153269344894764514e-01 0.000000000000000000e+00 1.963495408493620871e-03
2.720930195927241471e+02 1.383001333755838613e-01 -1.590635541689577881e-01 0.000000000000000000e+00 1.963495408493620871e-03
2.736841049883821597e+02 2.535041036556074379e-01 2.409272506714790207e-01 0.000000000000000000e+00 1.963495408493620871e-03
2.734139303542751804e+02 2.254889941312008261e-01 1.894143221524153264e-01 0.000000000000000000e+00 1.963495408493620871e-03
2.730538058515891748e+02 1.866563730411895106e-01 9.423517139093856576e-02 0.000000000000000000e+00 1.963495408493620871e-03
2.729937010871050802e+02 1.803254573247121406e-01 7.930956433827365815e-02 0.000000000000000000e+00 1.963495408493620871e-03
2.721622573564197296e+02 1.367322331072562125e-01 -1.467968864244518223e-01 0.000000000000000000e+00 1.963495408493620871e-03
2.719365319855924668e+02 1.280602256903776159e-01 -1.941220843454384837e-01 0.000000000000000000e+00 1.963495408493620871e-03
2.712234055571830140e+02 8.997456465764441802e-02 -2.568844163936032654e-01 0.000000000000000000e+00 1.963495408493620871e-03
2.711296186817360194e+02 7.759050862038970042e-02 -2.590511892659210225e-01 0.000000000000000000e+00 1.963495408493620871e-03
2.709996728171676637e+02 5.749535679422874274e-02 -2.535874328497018659e-01 0.000000000000000000e+00 1.963495408493620871e-03
2.711485258609336029e+02 5.874318963354715345e-02 -2.554865849300812508e-01 0.000000000000000000e+00 1.963495408493620871e-03
2.713484472463161978e+02 5.992795898279205252e-02 -2.589742787220919995e-01 0.000000000000000000e+00 1.963495408493620871e-03
2.716669688012639767e+02 4.966258009297812998e-02 -2.322506473482071065e-01 0.000000000000000000e+00 1.963495408493620871e-03
2.723294324808947522e+02 2.312866211696403690e-02 -1.166523235023350369e-01 0.000000000000000000e+00 1.963495408493620871e-03
2.725719056742375415e+02 2.425126671947081675e-02 -5.453025579797299988e-02 0.000000000000000000e+00 1.963495408493620871e-03
2.741526206693488916e+02 1.287271257485876896e-01 3.035417594917849682e-01 0.000000000000000000e+00 1.963495408493620871e-03
2.738071524798601217e+02 9.316237194429347057e-02 2.640967922512305610e-01 0.000000000000000000e+00 1.963495408493620871e-03
2.754053863466730263e+02 2.097246071763469166e-01 1.434542016402458597e-01 0.000000000000000000e+00 1.963495408493620871e-03
2.747428836810194070e+02 1.819219631725510489e-01 2.847194684960924205e-01 0.000000000000000000e+00 1.963495408493620871e-03
2.748377727434040025e+02 1.871885088721141899e-01 2.719596923564434610e-01 0.000000000000000000e+00 1.963495408493620871e-03
2.747790143027051499e+02 1.832997545130171657e-01 2.831122474009179490e-01 0.000000000000000000e+00 1.963495408493620871e-03
2.742755132464076837e+02 1.339609181191941389e-01 3.060221025578782617e-01 0.000000000000000000e+00 1.963495408493620871e-03
2.744711063059566527e+02 1.513352450124747506e-01 3.051813916464140575e-01 0.000000000000000000e+00 1.963495408493620871e-03
2.743084648376423047e+02 1.313437219825818736e-01 3.104066595789597982e-01 0.000000000000000000e+00 1.963495408493620871e-03
2.745624555067651045e+02 1.486051386416251396e-01 3.002860405123812804e-01 0.000000000000000000e+00 1.963495408493620871e-03
2.747256580413163078e+02 1.504281291860292968e-01 2.855899537974717628e-01 0.000000000000000000e+00 1.963495408493620871e-03
2.749212739798255711e+02 1.446370415111181140e-01 2.624551237965933037e-01 0.000000000000000000e+00 1.963495408493620871e-03
2.749808589147719999e+02 1.261118030757013286e-01 2.509345288013634101e-01 0.000000000000000000e+00 1.963495408493620871e-03
2.751457079628407314e+02 1.021398794996058734e-01 2.182128434255479199e-01 0.000000000000000000e+00 1.963495408493620871e-03
2.753989910451980450e+02 7.639449808118420338e-02 1.560555093573714747e-01 0.000000000000000000e+00 1.963495408493620871e-03
2.755012627096826918e+02 6.751193361781052116e-02 1.273330626417418787e-01 0.000000000000000000e+00 1.963495408493620871e-03
2.761690649018151476e+02 6.620183563737745691e-02 -8.257911719257782224e-02 0.000000000000000000e+00 1.963495408493620871e-03
2.760737807801886561e+02 5.976617087720134669e-02 -5.139628609090310385e-02 0.000000000000000000e+00 1.963495408493620871e-03
2.768333453128896622e+02 1.321024341786937173e-01 -2.853240834751191723e-01 0.000000000000000000e+00 1.963495408493620871e-03
2.766408624741737299e+02 1.055375867499379616e-01 -2.339566194304455449e-01 0.000000000000000000e+00 1.963495408493620871e-03
2.770584461858932173e+02 1.542732203898118382e-01 -3.253804642324356067e-01 0.000000000000000000e+00 1.963495408493620871e-03
2.771166045938342677e+02 1.566316122457923621e-01 -3.290462793194853797e-01 0.000000000000000000e+00 1.963495408493620871e-03
2.772725274026451530e+02 1.694847351100531863e-01 -3.517434872569835669e-01 0.000000000000000000e+00 1.963495408493620871e-03
2.775335438869507811e+02 1.798900796172278327e-01 -3.581867944897850209e-01 0.000000000000000000e+00 1.963495408493620871e-03
2.776248155390860575e+02 1.731489445103001623e-01 -3.544055832959813745e-01 0.000000000000000000e+00 1.963495408493620871e-03
2.777805627912111959e+02 1.676898348682615558e-01 -3.474380485792888940e-01 0.000000000000000000e+00 1.963495408493620871e-03
2.778493610764497816e+02 1.529698067633806224e-01 -3.360645415937462688e-01 0.000000000000000000e+00 1.963495408493620871e-03
2.779546177377300182e+02 1.416846313094912158e-01 -3.270355088558056789e-01 0.000000000000000000e+00 1.963495408493620871e-03
2.779929459766870536e+02 1.268467454017750962e-01 -3.158833604141271234e-01 0.000000000000000000e+00 1.963495408493620871e-03
2.781496653231400273e+02 1.125027686954287037e-01 -2.912892977631056368e-01 0.000000000000000000e+00 1.963495408493620871e-03
2.782652971985316981e+02 9.350587694751200107e-02 -2.590680164521979578e-01 0.000000000000000000e+00 1.963495408493620871e-03
2.783819455970066201e+02 8.230231949988561779e-02 -2.299846286838947984e-01 0.000000000000000000e+00 1.963495408493620871e-03
2.787924134326959802e+02 5.309195546630056384e-02 -9.670378813899413450e-02 0.000000000000000000e+00 1.963495408493620871e-03
2.788414932673042586e+02 4.869092942011721270e-02 -7.961784020382341176e-02 0.000000000000000000e+00 1.963495408493620871e-03
2.794373570297224774e+02 5.903528085740324116e-02 1.453243788356813893e-01 0.000000000000000000e+00 1.963495408493620871e-03
2.794739045500387533e+02 5.974363763960781337e-02 1.611627200704509599e-01 0.000000000000000000e+00 1.963495408493620871e-03
2.800095473539377053e+02 1.210146217813884428e-01 3.304010670821691531e-01 0.000000000000000000e+00 1.963495408493620871e-03
2.801296194227569458e+02 1.370756717180020845e-01 3.584791435804716153e-01 0.000000000000000000e+00 1.963495408493620871e-03
2.802037937237735719e+02 1.408433510371343567e-01 3.749650055420199468e-01 0.000000000000000000e+00 1.963495408493620871e-03
2.802864854141130877e+02 1.436461814542995818e-01 3.825272322660305813e-01 0.000000000000000000e+00 1.963495408493620871e-03
2.801763254607066642e+02 1.176752139257964402e-01 3.673768510457970926e-01 0.000000000000000000e+00 1.963495408493620871e-03
2.801392228599007126e+02 9.780964920611609492e-02 3.610242400395787810e-01 0.000000000000000000e+00 1.963495408493620871e-03
2.797912624768318892e+02 -3.052722171535000167e-02 2.640214437125053548e-01 0.000000000000000000e+00 1.963495408493620871e-03
2.804471224371554854e+02 -1.040202776740336565e-01 3.977647759287568641e-01 0.000000000000000000e+00 1.963495408493620871e-03
2.855063874642754058e+02 -1.931070580529597180e-01 7.636280356313035478e-02 0.000000000000000000e+00 1.963495408493620871e-03
2.900677719026727459e+02 8.657612167126564617e-02 -5.935290651037149479e-01 0.000000000000000000e+00 1.963495408493620871e-03
