# q:-1.000000e+00, m:1.000000e+00, N:480 - x,px,py,pz,w
1.896315806223648224e+02 -2.505773914786968426e-02 -6.714010183673170262e-01 0.000000000000000000e+00 1.963495408493620871e-03
1.896420041722306280e+02 -3.194412051540751474e-02 -6.650153207262277100e-01 0.000000000000000000e+00 1.963495408493620871e-03
1.898244338532610982e+02 -9.691303062162803794e-02 -5.342729302414457315e-01 0.000000000000000000e+00 1.963495408493620871e-03
1.900083214819344164e+02 -1.485087081821088173e-01 -3.862692482450259535e-01 0.000000000000000000e+00 1.963495408493620871e-03
1.903508159583884947e+02 -2.036510633481988519e-01 -7.517925996688595847e-02 0.000000000000000000e+00 1.963495408493620871e-03
1.905194333655447281e+02 -2.000411213229502105e-01 8.899839068927395402e-02 0.000000000000000000e+00 1.963495408493620871e-03
1.907972969965031496e+02 -1.503433857100389126e-01 3.590754812647265481e-01 0.000000000000000000e+00 1.963495408493620871e-03
1.909440726179802255e+02 -1.016531341998696131e-01 4.921420080969673982e-01 0.000000000000000000e+00 1.963495408493620871e-03
1.911922981802590016e+02 -7.648277072365025631e-03 6.880274161481325645e-01 0.000000000000000000e+00 1.963495408493620871e-03
1.913234568612782311e+02 4.446881100630140082e-02 7.720824788938953631e-01 0.000000000000000000e+00 1.963495408493620871e-03
1.915510306286392392e+02 1.174866369147263834e-01 8.809578777181784615e-01 0.000000000000000000e+00 1.963495408493620871e-03
1.916741378412213805e+02 1.477193751848990821e-01 9.193406964322576869e-01 0.000000000000000000e+00 1.963495408493620871e-03
1.918953424711166065e+02 1.724114811043536699e-01 9.506419226236401121e-01 0.000000000000000000e+00 1.963495408493620871e-03
1.920182071226307130e+02 1.728691366479488400e-01 9.484121133382612534e-01 0.000000000000000000e+00 1.963495408493620871e-03
1.922466400675059788e+02 1.434741674962492775e-01 9.068371635134274689e-01 0.000000000000000000e+00 1.963495408493620871e-03
1.923768330943315163e+02 1.151687825679498511e-01 8.644159253295758960e-01 0.000000000000000000e+00 1.963495408493620871e-03
1.926265582397437015e+02 4.004153577827965910e-02 7.466809090619570544e-01 0.000000000000000000e+00 1.963495408493620871e-03
1.927716149867855222e+02 -7.274307542681601735e-03 6.605337910754054409e-01 0.000000000000000000e+00 1.963495408493620871e-03
1.930535217628762723e+02 -9.779682872924674863e-02 4.599788198706677989e-01 0.000000000000000000e+00 1.963495408493620871e-03
1.932149595038826533e+02 -1.383762189044175084e-01 3.295307520530474932e-01 0.000000000000000000e+00 1.963495408493620871e-03
1.935154793259186761e+02 -1.805205858090441762e-01 6.159646206683905278e-02 0.000000000000000000e+00 1.963495408493620871e-03
1.936756230738150180e+02 -1.768692797263435035e-01 -8.908635082616522816e-02 0.000000000000000000e+00 1.963495408493620871e-03
1.939552406343007078e+02 -1.273373475198498472e-01 -3.507673737274930037e-01 0.000000000000000000e+00 1.963495408493620871e-03
1.940979743493275862e+02 -8.284645258939664358e-02 -4.748917236860369373e-01 0.000000000000000000e+00 1.963495408493620871e-03
1.943460525897777416e+02 7.104548004436550546e-03 -6.629505265909871881e-01 0.000000000000000000e+00 1.963495408493620871e-03
1.944739364238215273e+02 5.451861437001068178e-02 -7.417104648613354057e-01 0.000000000000000000e+00 1.963495408493620871e-03
1.947018628023896269e+02 1.250076802377972918e-01 -8.470593316231205261e-01 0.000000000000000000e+00 1.963495408493620871e-03
1.948224081262812888e+02 1.525136245240761856e-01 -8.835123032975423785e-01 0.000000000000000000e+00 1.963495408493620871e-03
1.950437978983689788e+02 1.776478743980570152e-01 -9.145839179830530519e-01 0.000000000000000000e+00 1.963495408493620871e-03
1.951642223062710855e+02 1.777434112733453642e-01 -9.130810505859656701e-01 0.000000000000000000e+00 1.963495408493620871e-03
1.953919573936161669e+02 1.519610584476177029e-01 -8.745465793486120187e-01 0.000000000000000000e+00 1.963495408493620871e-03
1.955192893213724972e+02 1.254733840507045728e-01 -8.355311047611803099e-01 0.000000000000000000e+00 1.963495408493620871e-03
1.957664864774805551e+02 5.664408754772615184e-02 -7.250896199358546346e-01 0.000000000000000000e+00 1.963495408493620871e-03
1.959076039704118273e+02 1.242054670025703744e-02 -6.456213834579511701e-01 0.000000000000000000e+00 1.963495408493620871e-03
1.961843113720875920e+02 -7.183872504516305990e-02 -4.583631759167100528e-01 0.000000000000000000e+00 1.963495408493620871e-03
1.963408879296393934e+02 -1.110769418983542645e-01 -3.382031340676070474e-01 0.000000000000000000e+00 1.963495408493620871e-03
1.966362355427431510e+02 -1.542209762649639493e-01 -8.794301930185483007e-02 0.000000000000000000e+00 1.963495408493620871e-03
1.967934846696616091e+02 -1.551762073450902446e-01 5.264708151392899493e-02 0.000000000000000000e+00 1.963495408493620871e-03
1.970720589116696146e+02 -1.151181304011453937e-01 3.023573773320433755e-01 0.000000000000000000e+00 1.963495408493620871e-03
1.972142743053048264e+02 -7.714589957448701740e-02 4.219513679315722854e-01 0.000000000000000000e+00 1.963495408493620871e-03
1.974631904776780118e+02 5.764387886720817589e-03 6.069843226017972437e-01 0.000000000000000000e+00 1.963495408493620871e-03
1.975913204935840213e+02 4.954879861100661143e-02 6.855143669254856187e-01 0.000000000000000000e+00 1.963495408493620871e-03
1.978197910198288412e+02 1.190019635075034721e-01 7.929109986222693252e-01 0.000000000000000000e+00 1.963495408493620871e-03
1.979405415529132028e+02 1.460047863747646057e-01 8.315042175979421302e-01 0.000000000000000000e+00 1.963495408493620871e-03
1.981612386724343651e+02 1.752163794742197800e-01 8.680587384238745985e-01 0.000000000000000000e+00 1.963495408493620871e-03
1.982813967824548911e+02 1.773019841466483282e-01 8.704726062532653907e-01 0.000000000000000000e+00 1.963495408493620871e-03
1.985064476147736059e+02 1.595189675214235270e-01 8.412371239561099445e-01 0.000000000000000000e+00 1.963495408493620871e-03
1.986325720059415687e+02 1.367742435390710831e-01 8.081648181021285904e-01 0.000000000000000000e+00 1.963495408493620871e-03
1.988740628162649671e+02 7.811543532543943624e-02 7.123781093129581965e-01 0.000000000000000000e+00 1.963495408493620871e-03
1.990125169749115912e+02 3.785235581526587290e-02 6.416097111126615182e-01 0.000000000000000000e+00 1.963495408493620871e-03
1.992800724034459847e+02 -3.874265644002379549e-02 4.758043706592685607e-01 0.000000000000000000e+00 1.963495408493620871e-03
1.994332557160761326e+02 -7.756089114591738221e-02 3.670190161644638627e-01 0.000000000000000000e+00 1.963495408493620871e-03
1.997205109815320156e+02 -1.248503525380211671e-01 1.413270743237910465e-01 0.000000000000000000e+00 1.963495408493620871e-03
1.998773236031144904e+02 -1.327930644036615926e-01 9.980656878663618503e-03 0.000000000000000000e+00 1.963495408493620871e-03
2.001544180574919096e+02 -1.082128349944501272e-01 -2.252589756471503613e-01 0.000000000000000000e+00 1.963495408493620871e-03
2.002991468254363951e+02 -7.828968665528632243e-02 -3.432657629068651683e-01 0.000000000000000000e+00 1.963495408493620871e-03
2.005496112299690310e+02 -6.376895293594656011e-03 -5.269817307131090534e-01 0.000000000000000000e+00 1.963495408493620871e-03
2.006806535802334679e+02 3.431202281591749781e-02 -6.087355913147868280e-01 0.000000000000000000e+00 1.963495408493620871e-03
2.009103082578152168e+02 1.018301448525096298e-01 -7.214693652399416512e-01 0.000000000000000000e+00 1.963495408493620871e-03
2.010332840606360492e+02 1.301287179212439749e-01 -7.651533190099264470e-01 0.000000000000000000e+00 1.963495408493620871e-03
2.012535488570125608e+02 1.642777455960149902e-01 -8.109215146400676755e-01 0.000000000000000000e+00 1.963495408493620871e-03
2.013748126112494390e+02 1.706142740835479010e-01 -8.195853865977321684e-01 0.000000000000000000e+00 1.963495408493620871e-03
2.015970535899890308e+02 1.623280427903236456e-01 -8.034891690222276672e-01 0.000000000000000000e+00 1.963495408493620871e-03
2.017227419136386857e+02 1.455333005301562566e-01 -7.781990761816336422e-01 0.000000000000000000e+00 1.963495408493620871e-03
2.019580718246152458e+02 9.850396378370106232e-02 -7.008210955200864234e-01 0.000000000000000000e+00 1.963495408493620871e-03
2.020940832027868623e+02 6.409128210605422038e-02 -6.404995116731946325e-01 0.000000000000000000e+00 1.963495408493620871e-03
2.023517801838418677e+02 -3.881519690189752514e-03 -4.996225320023651717e-01 0.000000000000000000e+00 1.963495408493620871e-03
2.025012434769137428e+02 -4.090634092640924035e-02 -4.040890342018614856e-01 0.000000000000000000e+00 1.963495408493620871e-03
2.027793827310447341e+02 -9.228566107645952421e-02 -2.061086939470962720e-01 0.000000000000000000e+00 1.963495408493620871e-03
2.029351687227985792e+02 -1.069466478833675793e-01 -8.605742739190699875e-02 0.000000000000000000e+00 1.963495408493620871e-03
2.032108577206264215e+02 -1.004821363328221862e-01 1.320976150708986774e-01 0.000000000000000000e+00 1.963495408493620871e-03
2.033582980489509282e+02 -8.008934994350599967e-02 2.472715288806905942e-01 0.000000000000000000e+00 1.963495408493620871e-03
2.036120859207761953e+02 -2.316449457966623243e-02 4.299961182499532075e-01 0.000000000000000000e+00 1.963495408493620871e-03
2.037465446175315265e+02 1.341410840348071509e-02 5.151609689767209233e-01 0.000000000000000000e+00 1.963495408493620871e-03
2.039797098127261847e+02 7.662765462978007869e-02 6.357059766935431178e-01 0.000000000000000000e+00 1.963495408493620871e-03
2.041051629014698108e+02 1.064186837203749403e-01 6.850646724381663777e-01 0.000000000000000000e+00 1.963495408493620871e-03
2.043273726405634534e+02 1.445510449454706081e-01 7.428206383535659318e-01 0.000000000000000000e+00 1.963495408493620871e-03
2.044495902014083129e+02 1.560870557978453199e-01 7.582551199837803679e-01 0.000000000000000000e+00 1.963495408493620871e-03
2.046714048171896536e+02 1.570675315968310948e-01 7.575522783765786805e-01 0.000000000000000000e+00 1.963495408493620871e-03
2.047960931464572241e+02 1.476244739210108570e-01 7.408047854621289119e-01 0.000000000000000000e+00 1.963495408493620871e-03
2.050277698804590898e+02 1.123423294656687443e-01 6.829811754310853855e-01 0.000000000000000000e+00 1.963495408493620871e-03
2.051603579090020730e+02 8.555142228726023146e-02 6.341830448463554593e-01 0.000000000000000000e+00 1.963495408493620871e-03
2.054107687981028789e+02 2.702469027390526357e-02 5.180591568236584399e-01 0.000000000000000000e+00 1.963495408493620871e-03
2.055548003663354564e+02 -5.821289987210223615e-03 4.374230708479500684e-01 0.000000000000000000e+00 1.963495408493620871e-03
2.058252942434376962e+02 -5.871904692707939633e-02 2.670441942778428723e-01 0.000000000000000000e+00 1.963495408493620871e-03
2.059771085481104365e+02 -7.763159939893850281e-02 1.615804630944199516e-01 0.000000000000000000e+00 1.963495408493620871e-03
2.062520480377987440e+02 -8.775256288347547950e-02 -3.736116403567185662e-02 0.000000000000000000e+00 1.963495408493620871e-03
2.063996095780216251e+02 -7.726146303714942487e-02 -1.456261862208869662e-01 0.000000000000000000e+00 1.963495408493620871e-03
2.066589079814318097e+02 -3.778488232530644725e-02 -3.255968255297355674e-01 0.000000000000000000e+00 1.963495408493620871e-03
2.067951590859481428e+02 -7.485772934954434965e-03 -4.117658171442566406e-01 0.000000000000000000e+00 1.963495408493620871e-03
2.070350549690401749e+02 4.854414354678793231e-02 -5.402065960781140541e-01 0.000000000000000000e+00 1.963495408493620871e-03
2.071617870927557021e+02 7.804883498074519088e-02 -5.945024852409923621e-01 0.000000000000000000e+00 1.963495408493620871e-03
2.073894146353803478e+02 1.184312847221835330e-01 -6.647019497544790489e-01 0.000000000000000000e+00 1.963495408493620871e-03
2.075115144894356263e+02 1.341592282559228022e-01 -6.872901524778572968e-01 0.000000000000000000e+00 1.963495408493620871e-03
2.077364236126657886e+02 1.434929119361000316e-01 -7.015138119917359028e-01 0.000000000000000000e+00 1.963495408493620871e-03
2.078591138492957953e+02 1.409966512363891589e-01 -6.942811915328930272e-01 0.000000000000000000e+00 1.963495408493620871e-03
2.080907828716015047e+02 1.171708159654249182e-01 -6.541586185169677714e-01 0.000000000000000000e+00 1.963495408493620871e-03
2.082190365729634038e+02 9.820915794808741939e-02 -6.179675448169850149e-01 0.000000000000000000e+00 1.963495408493620871e-03
2.084658352657992850e+02 5.018128667859871050e-02 -5.236589291700279869e-01 0.000000000000000000e+00 1.963495408493620871e-03
2.086032999243683719e+02 2.287628143569595679e-02 -4.590501037209853141e-01 0.000000000000000000e+00 1.963495408493620871e-03
2.088684958725169452e+02 -2.754817575428925025e-02 -3.137627367980628801e-01 0.000000000000000000e+00 1.963495408493620871e-03
2.090140025492913196e+02 -4.801277590778975368e-02 -2.253541857906943557e-01 0.000000000000000000e+00 1.963495408493620871e-03
2.092881013132133319e+02 -6.951274693046297082e-02 -4.677073312927923499e-02 0.000000000000000000e+00 1.963495408493620871e-03
2.094331003806028093e+02 -6.802000546486750010e-02 5.001324285994768193e-02 0.000000000000000000e+00 1.963495408493620871e-03
2.096980720889035297e+02 -4.522349149320323974e-02 2.238427285716038107e-01 0.000000000000000000e+00 1.963495408493620871e-03
2.098346532835095388e+02 -2.349851988222282501e-02 3.071746007049549476e-01 0.000000000000000000e+00 1.963495408493620871e-03
2.100824927248364418e+02 2.342487227704878605e-02 4.412666666331749310e-01 0.000000000000000000e+00 1.963495408493620871e-03
2.102101661777386994e+02 4.940244560708723087e-02 4.984337284750457453e-01 0.000000000000000000e+00 1.963495408493620871e-03
2.104447556642395796e+02 9.037359107090814359e-02 5.796939529449873785e-01 0.000000000000000000e+00 1.963495408493620871e-03
2.105672090407295514e+02 1.072137105037876403e-01 6.083612863796530323e-01 0.000000000000000000e+00 1.963495408493620871e-03
2.107966572071632640e+02 1.241944327792297853e-01 6.363599428607040753e-01 0.000000000000000000e+00 1.963495408493620871e-03
2.109185292401334380e+02 1.259440041560786760e-01 6.375766218761642623e-01 0.000000000000000000e+00 1.963495408493620871e-03
2.111514723711431998e+02 1.137813274988521417e-01 6.141516489298192161e-01 0.000000000000000000e+00 1.963495408493620871e-03
2.112772799762430793e+02 1.005805351386174773e-01 5.887751300822620104e-01 0.000000000000000000e+00 1.963495408493620871e-03
2.115215215159815614e+02 6.457455748638293858e-02 5.151455713962911354e-01 0.000000000000000000e+00 1.963495408493620871e-03
2.116547963105853682e+02 4.208424929542579213e-02 4.638408489692864567e-01 0.000000000000000000e+00 1.963495408493620871e-03
2.119145549786093454e+02 -1.678802602396126109e-03 3.431187248982240368e-01 0.000000000000000000e+00 1.963495408493620871e-03
2.120555475908718677e+02 -2.207070833712650865e-02 2.692416128641419437e-01 0.000000000000000000e+00 1.963495408493620871e-03
2.123258727208536243e+02 -4.853641572819629435e-02 1.141294045835422877e-01 0.000000000000000000e+00 1.963495408493620871e-03
2.124690186175353972e+02 -5.363304174267195801e-02 2.860658669661786391e-02 0.000000000000000000e+00 1.963495408493620871e-03
2.127358126864800170e+02 -4.463438679238812545e-02 -1.320524754225751995e-01 0.000000000000000000e+00 1.963495408493620871e-03
2.128736975283010509e+02 -3.131638584484475879e-02 -2.113136401924409213e-01 0.000000000000000000e+00 1.963495408493620871e-03
2.131268908038923939e+02 4.535752017651523138e-03 -3.446508815356206235e-01 0.000000000000000000e+00 1.963495408493620871e-03
2.132571659548908087e+02 2.562970408370575381e-02 -4.036198554310903575e-01 0.000000000000000000e+00 1.963495408493620871e-03
2.134972894103098042e+02 6.376985329855222595e-02 -4.918633759209810608e-01 0.000000000000000000e+00 1.963495408493620871e-03
2.136222158469554699e+02 8.013061413749610062e-02 -5.255704547238548852e-01 0.000000000000000000e+00 1.963495408493620871e-03
2.138554976361121476e+02 1.016090393965344008e-01 -5.649758156756337080e-01 0.000000000000000000e+00 1.963495408493620871e-03
2.139789564434936722e+02 1.062610223808127669e-01 -5.731564552817705049e-01 0.000000000000000000e+00 1.963495408493620871e-03
2.142130227136884457e+02 1.033808549939421728e-01 -5.648188532546258855e-01 0.000000000000000000e+00 1.963495408493620871e-03
2.143390330803541133e+02 9.503795898292666244e-02 -5.480818564563487705e-01 0.000000000000000000e+00 1.963495408493620871e-03
2.145810313945889618e+02 6.998863778461897334e-02 -4.936692753352388552e-01 0.000000000000000000e+00 1.963495408493620871e-03
2.147128939707316704e+02 5.232324542942731749e-02 -4.528139507363888594e-01 0.000000000000000000e+00 1.963495408493620871e-03
2.149673610840720812e+02 1.661260422802898762e-02 -3.553774825215034738e-01 0.000000000000000000e+00 1.963495408493620871e-03
2.151060483226470126e+02 -1.879243270684852196e-03 -2.932094148690306268e-01 0.000000000000000000e+00 1.963495408493620871e-03
2.153709998486326640e+02 -2.891971985132989198e-02 -1.622937051419443555e-01 0.000000000000000000e+00 1.963495408493620871e-03
2.155130962722762149e+02 -3.732640391025596194e-02 -8.700276618866700784e-02 0.000000000000000000e+00 1.963495408493620871e-03
2.157785911753504422e+02 -3.841444098712931687e-02 5.577407068570605642e-02 0.000000000000000000e+00 1.963495408493620871e-03
2.159179389115748222e+02 -3.145536130739875341e-02 1.298347663132374818e-01 0.000000000000000000e+00 1.963495408493620871e-03
2.161740835166248473e+02 -7.339152525934498905e-03 2.563591486948431086e-01 0.000000000000000000e+00 1.963495408493620871e-03
2.163072757558766739e+02 9.094366160928457621e-03 3.154941755257268943e-01 0.000000000000000000e+00 1.963495408493620871e-03
2.165519932370281140e+02 4.092923784589624914e-02 4.061043676329454399e-01 0.000000000000000000e+00 1.963495408493620871e-03
2.166798713727252732e+02 5.635850232644384894e-02 4.433710652154662091e-01 0.000000000000000000e+00 1.963495408493620871e-03
2.169172906366429743e+02 7.820233448488290995e-02 4.909294459662708610e-01 0.000000000000000000e+00 1.963495408493620871e-03
2.170428510320152498e+02 8.525666511493404376e-02 5.046441870494795534e-01 0.000000000000000000e+00 1.963495408493620871e-03
2.172793645502792117e+02 8.787991471999337389e-02 5.085592277369349601e-01 0.000000000000000000e+00 1.963495408493620871e-03
2.174060840989156986e+02 8.412817734026240002e-02 4.990421354355140116e-01 0.000000000000000000e+00 1.963495408493620871e-03
2.176480483808048803e+02 6.729768929118622178e-02 4.606353988879305916e-01 0.000000000000000000e+00 1.963495408493620871e-03
2.177789189077096523e+02 5.484550104372198226e-02 4.289695109658475669e-01 0.000000000000000000e+00 1.963495408493620871e-03
2.180307644972111234e+02 2.650638926121390293e-02 3.511127172342332070e-01 0.000000000000000000e+00 1.963495408493620871e-03
2.181670736066584197e+02 1.156481168415466297e-02 2.999242299494104813e-01 0.000000000000000000e+00 1.963495408493620871e-03
2.184285103825113481e+02 -1.365297698963609252e-02 1.902579148238172646e-01 0.000000000000000000e+00 1.963495408493620871e-03
2.185683233033342958e+02 -2.250148758354529946e-02 1.259180815900705075e-01 0.000000000000000000e+00 1.963495408493620871e-03
2.188327206469610076e+02 -2.974196186994461713e-02 9.957421231865659639e-04 0.000000000000000000e+00 1.963495408493620871e-03
2.189714279131561625e+02 -2.687834357792529688e-02 -6.527688073394627422e-02 0.000000000000000000e+00 1.963495408493620871e-03
2.192303079331268805e+02 -1.275357442330468487e-02 -1.822209928870545115e-01 0.000000000000000000e+00 1.963495408493620871e-03
2.193643791300135319e+02 -6.617299141041879662e-04 -2.382498547346509898e-01 0.000000000000000000e+00 1.963495408493620871e-03
2.196142026554782092e+02 2.374439664328345523e-02 -3.277877008671647996e-01 0.000000000000000000e+00 1.963495408493620871e-03
2.197434188155185950e+02 3.724680577997903363e-02 -3.658560184057143561e-01 0.000000000000000000e+00 1.963495408493620871e-03
2.199863580840707016e+02 5.700189333424246496e-02 -4.183999880210608757e-01 0.000000000000000000e+00 1.963495408493620871e-03
2.201128027565342791e+02 6.507440423392918394e-02 -4.357301405363166458e-01 0.000000000000000000e+00 1.963495408493620871e-03
2.203538690468137986e+02 7.057034789567481758e-02 -4.487293386046591337e-01 0.000000000000000000e+00 1.963495408493620871e-03
2.204804042655106855e+02 7.015782132150970296e-02 -4.451692728335954197e-01 0.000000000000000000e+00 1.963495408493620871e-03
2.207250524852299804e+02 5.941260462402087050e-02 -4.191755674336530291e-01 0.000000000000000000e+00 1.963495408493620871e-03
2.208542891671977770e+02 5.141427010695927280e-02 -3.957841909999153529e-01 0.000000000000000000e+00 1.963495408493620871e-03
2.211065909932876821e+02 2.965392554539668032e-02 -3.334665384082690642e-01 0.000000000000000000e+00 1.963495408493620871e-03
2.212398888057723241e+02 1.845645809011843899e-02 -2.926379610939157105e-01 0.000000000000000000e+00 1.963495408493620871e-03
2.215004111046031596e+02 -3.358349054851189619e-03 -2.005735547639220240e-01 0.000000000000000000e+00 1.963495408493620871e-03
2.216367898836309678e+02 -1.126708687071554041e-02 -1.474014662736634063e-01 0.000000000000000000e+00 1.963495408493620871e-03
2.219012200444049654e+02 -2.104604037260779728e-02 -3.882614844730034043e-02 0.000000000000000000e+00 1.963495408493620871e-03
2.220374811931306738e+02 -2.067087407798429144e-02 1.799431214206140273e-02 0.000000000000000000e+00 1.963495408493620871e-03
2.222991240778417819e+02 -1.350503195252988724e-02 1.240515928554853931e-01 0.000000000000000000e+00 1.963495408493620871e-03
2.224322157115950347e+02 -5.332044688439330909e-03 1.744090567034727313e-01 0.000000000000000000e+00 1.963495408493620871e-03
2.226871199003877280e+02 1.244140577096536360e-02 2.600730340473095814e-01 0.000000000000000000e+00 1.963495408493620871e-03
2.228162495697565646e+02 2.312819677451891098e-02 2.964545272577435164e-01 0.000000000000000000e+00 1.963495408493620871e-03
2.230650995961227920e+02 3.990700574508482257e-02 3.509172942068956025e-01 0.000000000000000000e+00 1.963495408493620871e-03
2.231915583895147392e+02 4.741126186848373947e-02 3.698017392108611245e-01 0.000000000000000000e+00 1.963495408493620871e-03
2.234380120103025433e+02 5.424112857978265201e-02 3.889497058245514061e-01 0.000000000000000000e+00 1.963495408493620871e-03
2.235640289304473924e+02 5.541941298838126695e-02 3.895699307826225311e-01 0.000000000000000000e+00 1.963495408493620871e-03
2.238125650650502507e+02 4.933518901871428164e-02 3.732114122428378256e-01 0.000000000000000000e+00 1.963495408493620871e-03
2.239403232809699205e+02 4.428069776364581406e-02 3.562999420593833122e-01 0.000000000000000000e+00 1.963495408493620871e-03
2.241944973798088938e+02 2.846999568803307984e-02 3.068682943558119769e-01 0.000000000000000000e+00 1.963495408493620871e-03
2.243252713598153036e+02 2.019676644571316917e-02 2.745022438231430328e-01 0.000000000000000000e+00 1.963495408493620871e-03
2.245860216610062992e+02 2.712557567393355379e-03 1.978420598572500078e-01 0.000000000000000000e+00 1.963495408493620871e-03
2.247193782263619823e+02 -3.976768985171005855e-03 1.542086175452069274e-01 0.000000000000000000e+00 1.963495408493620871e-03
2.249839650519849101e+02 -1.369158399541422697e-02 6.123608949342591867e-02 0.000000000000000000e+00 1.963495408493620871e-03
2.251177503440625003e+02 -1.472138778953984220e-02 1.319793028356476550e-02 0.000000000000000000e+00 1.963495408493620871e-03
2.253811912172423035e+02 -1.172318958867407321e-02 -8.054432397303412650e-02 0.000000000000000000e+00 1.963495408493620871e-03
2.255129996634198335e+02 -6.643286526697034927e-03 -1.247455094732553005e-01 0.000000000000000000e+00 1.963495408493620871e-03
2.257716588211045803e+02 5.812864054156485771e-03 -2.036226998256812082e-01 0.000000000000000000e+00 1.963495408493620871e-03
2.259005085117919407e+02 1.363733654365946457e-02 -2.371700251517107616e-01 0.000000000000000000e+00 1.963495408493620871e-03
2.261541642388444302e+02 2.714377809904384986e-02 -2.903697898458730831e-01 0.000000000000000000e+00 1.963495408493620871e-03
2.262807578412707414e+02 3.331062425295096274e-02 -3.094351733702397356e-01 0.000000000000000000e+00 1.963495408493620871e-03
2.265318973649787040e+02 4.027208844623614281e-02 -3.319124636716494492e-01 0.000000000000000000e+00 1.963495408493620871e-03
2.266578822325165277e+02 4.192125677911631709e-02 -3.352133427247201425e-01 0.000000000000000000e+00 1.963495408493620871e-03
2.269100152262919039e+02 3.906727320901721978e-02 -3.260626069239567215e-01 0.000000000000000000e+00 1.963495408493620871e-03
2.270371378731162508e+02 3.584047293274181256e-02 -3.139702022284943661e-01 0.000000000000000000e+00 1.963495408493620871e-03
2.272932263793484537e+02 2.491630774803143752e-02 -2.752270546392167061e-01 0.000000000000000000e+00 1.963495408493620871e-03
2.274225898347111183e+02 1.883104776326311597e-02 -2.495018225681452928e-01 0.000000000000000000e+00 1.963495408493620871e-03
2.276836617507939309e+02 5.616845446499083017e-03 -1.863373847200043010e-01 0.000000000000000000e+00 1.963495408493620871e-03
2.278151223307614544e+02 1.684358519540123111e-04 -1.504992523524845693e-01 0.000000000000000000e+00 1.963495408493620871e-03
2.280794761540900595e+02 -8.197994083344477267e-03 -7.207031511287864678e-02 0.000000000000000000e+00 1.963495408493620871e-03
2.282115999872729333e+02 -9.847879537183811677e-03 -3.166796663257417238e-02 0.000000000000000000e+00 1.963495408493620871e-03
2.284756769047731098e+02 -9.071179773919624961e-03 4.930674437318241510e-02 0.000000000000000000e+00 1.963495408493620871e-03
2.286066661566790117e+02 -6.151488647449084024e-03 8.756335890199551386e-02 0.000000000000000000e+00 1.963495408493620871e-03
2.288674776707748322e+02 2.301208915291327872e-03 1.578475074091389985e-01 0.000000000000000000e+00 1.963495408493620871e-03
2.289963899516656625e+02 7.727969045555071331e-03 1.880156518740294103e-01 0.000000000000000000e+00 1.963495408493620871e-03
2.292533011018418279e+02 1.806430017036103619e-02 2.375887136019997348e-01 0.000000000000000000e+00 1.963495408493620871e-03
2.293804544402881049e+02 2.277509750672352187e-02 2.558834710169989313e-01 0.000000000000000000e+00 1.963495408493620871e-03
2.296350559916270413e+02 2.901349681824976628e-02 2.793643351882832970e-01 0.000000000000000000e+00 1.963495408493620871e-03
2.297616099761939665e+02 3.062104918162188508e-02 2.841943263627563221e-01 0.000000000000000000e+00 1.963495408493620871e-03
2.300165292920572426e+02 2.969644117428399746e-02 2.801270591806583332e-01 0.000000000000000000e+00 1.963495408493620871e-03
2.301438228791993765e+02 2.764465221724344418e-02 2.715617100899881398e-01 0.000000000000000000e+00 1.963495408493620871e-03
2.304014144913965652e+02 2.037302640887699023e-02 2.415177572337552370e-01 0.000000000000000000e+00 1.963495408493620871e-03
2.305303477956693712e+02 1.597173843059755335e-02 2.210233047993826749e-01 0.000000000000000000e+00 1.963495408493620871e-03
2.307915692106733445e+02 6.395332865558017721e-03 1.694893979418052032e-01 0.000000000000000000e+00 1.963495408493620871e-03
2.309221405637965461e+02 2.142231702573298667e-03 1.400530457393856232e-01 0.000000000000000000e+00 1.963495408493620871e-03
2.311859591623059771e+02 -4.501270952554172616e-03 7.473594477389669533e-02 0.000000000000000000e+00 1.963495408493620871e-03
2.313172213232617764e+02 -6.239121472842871878e-03 4.091933322127971201e-02 0.000000000000000000e+00 1.963495408493620871e-03
2.315811686799106894e+02 -6.514054681570452011e-03 -2.775422728041082587e-02 0.000000000000000000e+00 1.963495408493620871e-03
2.317118252928241873e+02 -4.948261668355940709e-03 -6.046803563790836833e-02 0.000000000000000000e+00 1.963495408493620871e-03
2.319736158045483307e+02 6.199094640417339430e-04 -1.214934837229280362e-01 0.000000000000000000e+00 1.963495408493620871e-03
2.321028711413869985e+02 4.255739906310472553e-03 -1.480470844200465763e-01 0.000000000000000000e+00 1.963495408493620871e-03
2.323617744824248348e+02 1.181359026438952992e-02 -1.925805072320006250e-01 0.000000000000000000e+00 1.963495408493620871e-03
2.324897272332265459e+02 1.525112868450985079e-02 -2.094641195014164958e-01 0.000000000000000000e+00 1.963495408493620871e-03
2.327467088319287143e+02 2.034975795385952566e-02 -2.322579263062520272e-01 0.000000000000000000e+00 1.963495408493620871e-03
2.328741431169999032e+02 2.172265920745380247e-02 -2.377720514647461703e-01 0.000000000000000000e+00 1.963495408493620871e-03
2.331310894625879939e+02 2.177725771967466140e-02 -2.370495265235628701e-01 0.000000000000000000e+00 1.963495408493620871e-03
2.332589923148348134e+02 2.050070124765691892e-02 -2.310498159403532870e-01 0.000000000000000000e+00 1.963495408493620871e-03
2.335176935102724656e+02 1.578780440971907367e-02 -2.079414383395698507e-01 0.000000000000000000e+00 1.963495408493620871e-03
2.336467644717634755e+02 1.268654762984549808e-02 -1.916286772354495460e-01 0.000000000000000000e+00 1.963495408493620871e-03
2.339080300965264314e+02 5.960377069563461971e-03 -1.499422639931939083e-01 0.000000000000000000e+00 1.963495408493620871e-03
2.340383279805107861e+02 2.782135681091233576e-03 -1.258464310185592738e-01 0.000000000000000000e+00 1.963495408493620871e-03
2.343015464135943091e+02 -2.219514907251955542e-03 -7.203811686951894222e-02 0.000000000000000000e+00 1.963495408493620871e-03
2.344324517859455455e+02 -3.755823740887592743e-03 -4.393313751972834080e-02 0.000000000000000000e+00 1.963495408493620871e-03
2.346959501995835353e+02 -4.433659605244309916e-03 1.345447863688441215e-02 0.000000000000000000e+00 1.963495408493620871e-03
2.348265546051851800e+02 -3.649130746432591513e-03 4.108143839391792396e-02 0.000000000000000000e+00 1.963495408493620871e-03
2.350886701199801792e+02 -8.148073478711666262e-05 9.299745056013961064e-02 0.000000000000000000e+00 1.963495408493620871e-03
2.352183535558610572e+02 2.299007842319490680e-03 1.159119202370551827e-01 0.000000000000000000e+00 1.963495408493620871e-03
2.354784237530566031e+02 7.610921057903032722e-03 1.547939176080002921e-01 0.000000000000000000e+00 1.963495408493620871e-03
2.356071775703408662e+02 1.003893116613722818e-02 1.698826767773882751e-01 0.000000000000000000e+00 1.963495408493620871e-03
2.358657629275325291e+02 1.392828124142497098e-02 1.909148407564405792e-01 0.000000000000000000e+00 1.963495408493620871e-03
2.359941001713492028e+02 1.501890095299861574e-02 1.965223880760361697e-01 0.000000000000000000e+00 1.963495408493620871e-03
2.362525066244273262e+02 1.546481410427019178e-02 1.978251837414509717e-01 0.000000000000000000e+00 1.963495408493620871e-03
2.363811292992031383e+02 1.469747470491927256e-02 1.936794645542472271e-01 0.000000000000000000e+00 1.963495408493620871e-03
2.366406629940400421e+02 1.170277119177081868e-02 1.760181162513665964e-01 0.000000000000000000e+00 1.963495408493620871e-03
2.367700921725073897e+02 9.581260441128345087e-03 1.630863430522292989e-01 0.000000000000000000e+00 1.963495408493620871e-03
2.370313914197157885e+02 4.976431577428816477e-03 1.296273766954902373e-01 0.000000000000000000e+00 1.963495408493620871e-03
2.371617033330352911e+02 2.696228064077668685e-03 1.100313731277774848e-01 0.000000000000000000e+00 1.963495408493620871e-03
2.374244151701566068e+02 -9.220166155914808967e-04 6.613532161495162820e-02 0.000000000000000000e+00 1.963495408493620871e-03
2.375552104045647752e+02 -2.147629991923050066e-03 4.299075442148848208e-02 0.000000000000000000e+00 1.963495408493620871e-03
2.378182242254021617e+02 -2.894674926210640160e-03 -4.367200219340117151e-03 0.000000000000000000e+00 1.963495408493620871e-03
2.379488822415835045e+02 -2.532263076248317864e-03 -2.739676571511738545e-02 0.000000000000000000e+00 1.963495408493620871e-03
2.382110329962387709e+02 -3.049372153454618650e-04 -7.083130075826435390e-02 0.000000000000000000e+00 1.963495408493620871e-03
2.383410976172393987e+02 1.225863215040146927e-03 -9.024558503407628662e-02 0.000000000000000000e+00 1.963495408493620871e-03
2.386018518470875449e+02 4.834803721710538918e-03 -1.234287951486991441e-01 0.000000000000000000e+00 1.963495408493620871e-03
2.387312732031298879e+02 6.503075915954009342e-03 -1.365532987414779242e-01 0.000000000000000000e+00 1.963495408493620871e-03
2.389909435050233242e+02 9.317175868553469187e-03 -1.552504476327861149e-01 0.000000000000000000e+00 1.963495408493620871e-03
2.391200484612022308e+02 1.013821157384219365e-02 -1.605690924042219858e-01 0.000000000000000000e+00 1.963495408493620871e-03
2.393795102709993898e+02 1.066584503144207483e-02 -1.629619177652647799e-01 0.000000000000000000e+00 1.963495408493620871e-03
2.395087821143660847e+02 1.022114805683665972e-02 -1.601441100779666948e-01 0.000000000000000000e+00 1.963495408493620871e-03
2.397689535296837846e+02 8.351769799578521655e-03 -1.467232221865434061e-01 0.000000000000000000e+00 1.963495408493620871e-03
2.398987657403997105e+02 6.940673092813368604e-03 -1.365359482631215704e-01 0.000000000000000000e+00 1.963495408493620871e-03
2.401601234065833808e+02 3.861665714286894192e-03 -1.098883991764250112e-01 0.000000000000000000e+00 1.963495408493620871e-03
2.402905485125264704e+02 2.282730581484589821e-03 -9.408695395276846229e-02 0.000000000000000000e+00 1.963495408493620871e-03
2.405528947850157238e+02 -2.482233522228434464e-04 -5.861458351427695224e-02 0.000000000000000000e+00 1.963495408493620871e-03
2.406836796709175417e+02 -1.161873539330212117e-03 -3.975218400824365866e-02 0.000000000000000000e+00 1.963495408493620871e-03
2.409462917690863719e+02 -1.825512708526618507e-03 -1.116896996901033112e-03 0.000000000000000000e+00 1.963495408493620871e-03
2.410770227237712504e+02 -1.679365419239989884e-03 1.783186570938419258e-02 0.000000000000000000e+00 1.963495408493620871e-03
2.413391093122551467e+02 -3.219972924077413312e-04 5.364819773259354996e-02 0.000000000000000000e+00 1.963495408493620871e-03
2.414694651600145789e+02 6.448447413853882967e-04 6.982253104466118465e-02 0.000000000000000000e+00 1.963495408493620871e-03
2.417306275174996415e+02 3.025984006235282915e-03 9.761058973681166484e-02 0.000000000000000000e+00 1.963495408493620871e-03
2.418605508471629832e+02 4.142458567623513201e-03 1.087676304989612652e-01 0.000000000000000000e+00 1.963495408493620871e-03
2.421209566038025400e+02 6.094996533228698270e-03 1.249186054428231274e-01 0.000000000000000000e+00 1.963495408493620871e-03
2.422506507509804976e+02 6.685908390072646014e-03 1.297294577038088370e-01 0.000000000000000000e+00 1.963495408493620871e-03
2.425108703000202865e+02 7.157965258232122825e-03 1.325882797504948640e-01 0.000000000000000000e+00 1.963495408493620871e-03
2.426406580064551122e+02 6.909905113165774534e-03 1.307123243812962909e-01 0.000000000000000000e+00 1.963495408493620871e-03
2.429013153774362479e+02 5.763619949337583578e-03 1.205768444265986339e-01 0.000000000000000000e+00 1.963495408493620871e-03
2.430314550455610743e+02 4.849547229814344697e-03 1.126138947662613243e-01 0.000000000000000000e+00 1.963495408493620871e-03
2.432928906541387732e+02 2.837319725208863920e-03 9.156518907317306999e-02 0.000000000000000000e+00 1.963495408493620871e-03
2.434234424950530808e+02 1.777881721569791584e-03 7.894584544696278683e-02 0.000000000000000000e+00 1.963495408493620871e-03
2.436855496459854180e+02 5.982986262142195137e-05 5.055503508456603290e-02 0.000000000000000000e+00 1.963495408493620871e-03
2.438163563889155228e+02 -5.879866680337389809e-04 3.535031288359012647e-02 0.000000000000000000e+00 1.963495408493620871e-03
2.440786741371449864e+02 -1.116375204460375243e-03 4.177482304914999223e-03 0.000000000000000000e+00 1.963495408493620871e-03
2.442094663996260238e+02 -1.073772215921580710e-03 -1.121602216049667755e-02 0.000000000000000000e+00 1.963495408493620871e-03
2.444714717586070662e+02 -2.659517224979726386e-04 -4.036361980890619539e-02 0.000000000000000000e+00 1.963495408493620871e-03
2.446020314428671441e+02 3.333731658353468463e-04 -5.363280023795186091e-02 0.000000000000000000e+00 1.963495408493620871e-03
2.448634418387509299e+02 1.863410630676144361e-03 -7.652431490251948576e-02 0.000000000000000000e+00 1.963495408493620871e-03
2.449937184404511470e+02 2.591945079039354068e-03 -8.582409458396808577e-02 0.000000000000000000e+00 1.963495408493620871e-03
2.452546199453138343e+02 3.900056428894278435e-03 -9.945735911752866254e-02 0.000000000000000000e+00 1.963495408493620871e-03
2.453847371373636577e+02 4.309273901493600872e-03 -1.036602396858666286e-01 0.000000000000000000e+00 1.963495408493620871e-03
2.456454918558822271e+02 4.681239604717722311e-03 -1.065930602046154113e-01 0.000000000000000000e+00 1.963495408493620871e-03
2.457756591387440608e+02 4.548637350891284251e-03 -1.053782968873476361e-01 0.000000000000000000e+00 1.963495408493620871e-03
2.460366784649453678e+02 3.858822123887090290e-03 -9.777985148634971146e-02 0.000000000000000000e+00 1.963495408493620871e-03
2.461670689389421796e+02 3.281456564459608698e-03 -9.161068322763483984e-02 0.000000000000000000e+00 1.963495408493620871e-03
2.464285869440251986e+02 1.995766009106014500e-03 -7.513181364948226526e-02 0.000000000000000000e+00 1.963495408493620871e-03
2.465592466445658886e+02 1.304962813077745545e-03 -6.515707675720718017e-02 0.000000000000000000e+00 1.963495408493620871e-03
2.468212083722824843e+02 1.704802791851517570e-04 -4.265907941979385498e-02 0.000000000000000000e+00 1.963495408493620871e-03
2.469520416650812535e+02 -2.708948229690543797e-04 -3.053940867562904629e-02 0.000000000000000000e+00 1.963495408493620871e-03
2.472141592478901941e+02 -6.631676653807325964e-04 -5.661411568837995678e-03 0.000000000000000000e+00 1.963495408493620871e-03
2.473449947682820493e+02 -6.652532500188560773e-04 6.689805196008105637e-03 0.000000000000000000e+00 1.963495408493620871e-03
2.476069312308904387e+02 -1.962736004956529409e-04 3.011751031708416459e-02 0.000000000000000000e+00 1.963495408493620871e-03
2.477376254384045922e+02 1.678993068752808286e-04 4.084973110151252085e-02 0.000000000000000000e+00 1.963495408493620871e-03
2.479991886462439084e+02 1.126775005915678102e-03 5.943249933318840716e-02 0.000000000000000000e+00 1.963495408493620871e-03
2.481297022895234079e+02 1.590602552506682754e-03 6.705224370368925713e-02 0.000000000000000000e+00 1.963495408493620871e-03
2.483909340697877326e+02 2.440422293057302201e-03 7.834060726411558317e-02 0.000000000000000000e+00 1.963495408493620871e-03
2.485213407095965863e+02 2.714342931940760470e-03 8.191506015119676132e-02 0.000000000000000000e+00 1.963495408493620871e-03
2.487824653399611350e+02 2.985759898826451791e-03 8.469259885404004096e-02 0.000000000000000000e+00 1.963495408493620871e-03
2.489128973783160745e+02 2.918420733444291974e-03 8.393653680159991748e-02 0.000000000000000000e+00 1.963495408493620871e-03
2.491741785032039047e+02 2.511634139607027329e-03 7.828989084225335127e-02 0.000000000000000000e+00 1.963495408493620871e-03
2.493047484891861529e+02 2.155770291678036320e-03 7.355688536833183966e-02 0.000000000000000000e+00 1.963495408493620871e-03
2.495663417534032078e+02 1.352692569418586675e-03 6.077875036971118472e-02 0.000000000000000000e+00 1.963495408493620871e-03
2.496970828772252560e+02 9.141398879352051910e-04 5.297837552619398538e-02 0.000000000000000000e+00 1.963495408493620871e-03
2.499589617130485806e+02 1.843783082403348294e-04 3.533298009929775052e-02 0.000000000000000000e+00 1.963495408493620871e-03
2.500898171328020112e+02 -1.063255333659366992e-04 2.578096104237970199e-02 0.000000000000000000e+00 1.963495408493620871e-03
2.503518056001156253e+02 -3.828781014999058270e-04 6.143383349019083256e-03 0.000000000000000000e+00 1.963495408493620871e-03
2.504826687946192578e+02 -4.005160217451323996e-04 -3.647848936434015810e-03 0.000000000000000000e+00 1.963495408493620871e-03
2.507445549784926584e+02 -1.353207698366050253e-04 -2.225388789407584111e-02 0.000000000000000000e+00 1.963495408493620871e-03
2.508753341067988742e+02 8.136029634518205690e-05 -3.081946365190589565e-02 0.000000000000000000e+00 1.963495408493620871e-03
2.511369918072153098e+02 6.679672950771038068e-04 -4.570146890204894452e-02 0.000000000000000000e+00 1.963495408493620871e-03
2.512676585832218166e+02 9.562433515323315227e-04 -5.184967027258556571e-02 0.000000000000000000e+00 1.963495408493620871e-03
2.515291065848278151e+02 1.493118951502117207e-03 -6.104162212349029115e-02 0.000000000000000000e+00 1.963495408493620871e-03
2.516597037840159601e+02 1.670934771817097434e-03 -6.401619102995748101e-02 0.000000000000000000e+00 1.963495408493620871e-03
2.519210777237822754e+02 1.858543824419564127e-03 -6.651770540286415512e-02 0.000000000000000000e+00 1.963495408493620871e-03
2.520516869195515426e+02 1.826579020658670787e-03 -6.607490216553411899e-02 0.000000000000000000e+00 1.963495408493620871e-03
2.523131513272880397e+02 1.591884982170874152e-03 -6.192164049479838284e-02 0.000000000000000000e+00 1.963495408493620871e-03
2.524438436940181703e+02 1.377747990394500481e-03 -5.832824214406514413e-02 0.000000000000000000e+00 1.963495408493620871e-03
2.527054989792090680e+02 8.873933805739483245e-04 -4.851999054475063938e-02 0.000000000000000000e+00 1.963495408493620871e-03
2.528362973708251502e+02 6.159504499581467882e-04 -4.248647468452979026e-02 0.000000000000000000e+00 1.963495408493620871e-03
2.530981318562799345e+02 1.581827653059923635e-04 -2.879322622937214443e-02 0.000000000000000000e+00 1.963495408493620871e-03
2.532290032846352119e+02 -2.763621793408258215e-05 -2.134963592989210304e-02 0.000000000000000000e+00 1.963495408493620871e-03
2.534909117930629350e+02 -2.147002949200851668e-04 -6.018805723300055602e-03 0.000000000000000000e+00 1.963495408493620871e-03
2.536217915500946845e+02 -2.346633022246004071e-04 1.651907211906132600e-03 0.000000000000000000e+00 1.963495408493620871e-03
2.538836439283756476e+02 -8.895731114532448016e-05 1.625665539653228797e-02 0.000000000000000000e+00 1.963495408493620871e-03
2.540144747747918075e+02 3.712288175252635540e-05 2.300717158489549302e-02 0.000000000000000000e+00 1.963495408493620871e-03
2.542761906104759930e+02 3.875419688900085154e-04 3.477414799707284621e-02 0.000000000000000000e+00 1.963495408493620871e-03
2.544069532239699356e+02 5.624912325685638322e-04 3.966595942899436844e-02 0.000000000000000000e+00 1.963495408493620871e-03
2.546685398951734953e+02 8.928913214176054623e-04 4.703983278581697069e-02 0.000000000000000000e+00 1.963495408493620871e-03
2.547992585729488724e+02 1.005082831134377274e-03 4.947014885072600898e-02 0.000000000000000000e+00 1.963495408493620871e-03
2.550607962005481113e+02 1.129390293936034014e-03 5.164474774937598267e-02 0.000000000000000000e+00 1.963495408493620871e-03
2.551915199788153643e+02 1.115668308393058267e-03 5.141129322453423522e-02 0.000000000000000000e+00 1.963495408493620871e-03
2.554531086661162931e+02 9.834183164393096605e-04 4.839224211857560964e-02 0.000000000000000000e+00 1.963495408493620871e-03
2.555838813854481089e+02 8.576008515709821617e-04 4.569404546276326778e-02 0.000000000000000000e+00 1.963495408493620871e-03
2.558455841110268523e+02 5.649808596020818724e-04 3.824525152047154875e-02 0.000000000000000000e+00 1.963495408493620871e-03
2.559764209087472295e+02 4.010432504713577545e-04 3.363009332647268201e-02 0.000000000000000000e+00 1.963495408493620871e-03
2.562382333425618981e+02 1.208623538009922696e-04 2.311879474817525246e-02 0.000000000000000000e+00 1.963495408493620871e-03
2.563691155388643210e+02 5.320326446442994123e-06 1.738365425778431311e-02 0.000000000000000000e+00 1.963495408493620871e-03
2.566309762059616446e+02 -1.167768534508110750e-04 5.547475033940869708e-03 0.000000000000000000e+00 1.963495408493620871e-03
2.567618653844087362e+02 -1.338825819180249597e-04 -3.924558180236001337e-04 0.000000000000000000e+00 1.963495408493620871e-03
2.570236961897841184e+02 -5.631309478744782999e-05 -1.172468797168080279e-02 0.000000000000000000e+00 1.963495408493620871e-03
2.571545575592947444e+02 1.535597598222753542e-05 -1.698034846037576456e-02 0.000000000000000000e+00 1.963495408493620871e-03
2.574163086751092351e+02 2.197834385195221061e-04 -2.617072761736687070e-02 0.000000000000000000e+00 1.963495408493620871e-03
2.575471295833382328e+02 3.234724303848890729e-04 -3.001210879893741190e-02 0.000000000000000000e+00 1.963495408493620871e-03
2.578088031432535558e+02 5.217647689687211375e-04 -3.584647070403036706e-02 0.000000000000000000e+00 1.963495408493620871e-03
2.579395970618473370e+02 5.906689841116946182e-04 -3.780024608798195768e-02 0.000000000000000000e+00 1.963495408493620871e-03
2.582012393039298104e+02 6.701473581382526214e-04 -3.963978975094774315e-02 0.000000000000000000e+00 1.963495408493620871e-03
2.583320350130669567e+02 6.652403320104695664e-04 -3.954178551838954253e-02 0.000000000000000000e+00 1.963495408493620871e-03
2.585937053682617375e+02 5.925651315251347258e-04 -3.737569576156860723e-02 0.000000000000000000e+00 1.963495408493620871e-03
2.587245291983184075e+02 5.203783304618826277e-04 -3.537281642299207329e-02 0.000000000000000000e+00 1.963495408493620871e-03
2.589862661256505021e+02 3.497418241980511551e-04 -2.977777683023149352e-02 0.000000000000000000e+00 1.963495408493620871e-03
2.591171277616226121e+02 2.530798051382307382e-04 -2.628700502736180944e-02 0.000000000000000000e+00 1.963495408493620871e-03
2.593789302433525563e+02 8.569028959330681481e-05 -1.830684671969346269e-02 0.000000000000000000e+00 1.963495408493620871e-03
2.595098193667938631e+02 1.569996592851074022e-05 -1.393779666630408018e-02 0.000000000000000000e+00 1.963495408493620871e-03
2.597716522738333538e+02 -6.146739265614314094e-05 -4.901219145398932539e-03 0.000000000000000000e+00 1.963495408493620871e-03
2.599025465907075727e+02 -7.436933766111603311e-05 -3.541210064319563061e-04 0.000000000000000000e+00 1.963495408493620871e-03
2.601643641309721602e+02 -3.448853668231830914e-05 8.338888518562185409e-03 0.000000000000000000e+00 1.963495408493620871e-03
2.602952430015170080e+02 5.277809011855157974e-06 1.238255386419819665e-02 0.000000000000000000e+00 1.963495408493620871e-03
2.605570151029277213e+02 1.217524528237586153e-04 1.947536617645101789e-02 0.000000000000000000e+00 1.963495408493620871e-03
2.606878705367319071e+02 1.817771190545449137e-04 2.245436006693907888e-02 0.000000000000000000e+00 1.963495408493620871e-03
2.609495971994949173e+02 2.979215634138931046e-04 2.701107851402951426e-02 0.000000000000000000e+00 1.963495408493620871e-03
2.610804364852411368e+02 3.391605166603627389e-04 2.855889039238858340e-02 0.000000000000000000e+00 1.963495408493620871e-03
2.613421437892850463e+02 3.883960200348751256e-04 3.008065543073253079e-02 0.000000000000000000e+00 1.963495408493620871e-03
2.614729834301505207e+02 3.873681910690748094e-04 3.006630975919052928e-02 0.000000000000000000e+00 1.963495408493620871e-03
2.617347058321099667e+02 3.484789051692728620e-04 2.853437670449884486e-02 0.000000000000000000e+00 1.963495408493620871e-03
2.618655612603878353e+02 3.080368583961506316e-04 2.706520623681882634e-02 0.000000000000000000e+00 1.963495408493620871e-03
2.621273216491461540e+02 2.108122954737833531e-04 2.290986276092206106e-02 0.000000000000000000e+00 1.963495408493620871e-03
2.622581988665673975e+02 1.551468855715894160e-04 2.029937713526539303e-02 0.000000000000000000e+00 1.963495408493620871e-03
2.625199975057541906e+02 5.749579783115360478e-05 1.430821612212218943e-02 0.000000000000000000e+00 1.963495408493620871e-03
2.626508909513560184e+02 1.614668870990502796e-05 1.101736983706237336e-02 0.000000000000000000e+00 1.963495408493620871e-03
2.629127082113638494e+02 -3.120286874488992668e-05 4.195377257560675179e-03 0.000000000000000000e+00 1.963495408493620871e-03
2.630436052351568037e+02 -4.020279588026021378e-05 7.541345379626085421e-04 0.000000000000000000e+00 1.963495408493620871e-03
2.633054148698150243e+02 -2.051231570111728292e-05 -5.838773876349387382e-03 0.000000000000000000e+00 1.963495408493620871e-03
2.634363035145982508e+02 9.974408807046696111e-07 -8.913927224794719606e-03 0.000000000000000000e+00 1.963495408493620871e-03
2.636980878315945347e+02 6.578677155484442493e-05 -1.432401158158169360e-02 0.000000000000000000e+00 1.963495408493620871e-03
2.638289632138867091e+02 9.971769913791437168e-05 -1.660631256066044670e-02 0.000000000000000000e+00 1.963495408493620871e-03
2.640907215448243619e+02 1.661221155353484523e-04 -2.012086264015181675e-02 0.000000000000000000e+00 1.963495408493620871e-03
2.642215875132515635e+02 1.901846687270157999e-04 -2.133027824825424468e-02 0.000000000000000000e+00 1.963495408493620871e-03
2.644833342412807156e+02 2.198025917062571325e-04 -2.256498700021711962e-02 0.000000000000000000e+00 1.963495408493620871e-03
2.646142000463244699e+02 2.202257070458620166e-04 -2.259858260597185503e-02 0.000000000000000000e+00 1.963495408493620871e-03
2.648759546893485322e+02 1.999962035841089088e-04 -2.153170382147430104e-02 0.000000000000000000e+00 1.963495408493620871e-03
2.650068291607618676e+02 1.778791581570353018e-04 -2.046696190069451082e-02 0.000000000000000000e+00 1.963495408493620871e-03
2.652686049971072748e+02 1.237728998380972030e-04 -1.741611929850996748e-02 0.000000000000000000e+00 1.963495408493620871e-03
2.653994917391242438e+02 9.246756559831755136e-05 -1.548612225542289611e-02 0.000000000000000000e+00 1.963495408493620871e-03
2.656612893671581332e+02 3.685304338524485386e-05 -1.103846700959827329e-02 0.000000000000000000e+00 1.963495408493620871e-03
2.657921854502176302e+02 1.302589945432303551e-05 -8.587574421186062318e-03 0.000000000000000000e+00 1.963495408493620871e-03
2.660539941328911482e+02 -1.519889232842087329e-05 -3.495072151595041750e-03 0.000000000000000000e+00 1.963495408493620871e-03
2.661848925338023264e+02 -2.111674550954432158e-05 -9.202150051786043422e-04 0.000000000000000000e+00 1.963495408493620871e-03
2.664466975606245001e+02 -1.182758203155442265e-05 4.023545108154056790e-03 0.000000000000000000e+00 1.963495408493620871e-03
2.665775915128674001e+02 -4.868346165606184323e-07 6.335438710656848132e-03 0.000000000000000000e+00 1.963495408493620871e-03
2.668393827355072290e+02 3.470745732212589295e-05 1.041462718271424573e-02 0.000000000000000000e+00 1.963495408493620871e-03
2.669702693484481415e+02 5.344204709728839794e-05 1.214260931576070790e-02 0.000000000000000000e+00 1.963495408493620871e-03
2.672320460542092064e+02 9.051787704545969575e-05 1.482051611491275178e-02 0.000000000000000000e+00 1.963495408493620871e-03
2.673629273179055303e+02 1.042144776601439029e-04 1.575314711555966807e-02 0.000000000000000000e+00 1.963495408493620871e-03
2.676246972782954003e+02 1.215441525179997628e-04 1.673779307467392063e-02 0.000000000000000000e+00 1.963495408493620871e-03
2.677555782687007309e+02 1.223254033258959613e-04 1.679553530306904241e-02 0.000000000000000000e+00 1.963495408493620871e-03
2.680173522974521347e+02 1.121103962183609185e-04 1.606489142641242401e-02 0.000000000000000000e+00 1.963495408493620871e-03
2.681482379506480811e+02 1.003023157730442038e-04 1.530270885934580626e-02 0.000000000000000000e+00 1.963495408493620871e-03
2.684100235598818358e+02 7.088782821730653209e-05 1.308879306042997313e-02 0.000000000000000000e+00 1.963495408493620871e-03
2.685409159737775440e+02 5.368827287017925655e-05 1.167826490287131314e-02 0.000000000000000000e+00 1.963495408493620871e-03
2.688027137160354982e+02 2.275083039520752918e-05 8.413758540172722872e-03 0.000000000000000000e+00 1.963495408493620871e-03
2.689336113761403908e+02 9.345490278693632975e-06 6.609027423830156692e-03 0.000000000000000000e+00 1.963495408493620871e-03
2.691954154906625263e+02 -7.035715634956968503e-06 2.850179634252336409e-03 0.000000000000000000e+00 1.963495408493620871e-03
2.693263145763403372e+02 -1.075670271796328512e-05 9.453028424226948313e-04 0.000000000000000000e+00 1.963495408493620871e-03
2.695881169932312673e+02 -6.632465164121390699e-06 -2.719895275659495182e-03 0.000000000000000000e+00 1.963495408493620871e-03
2.697190137621770987e+02 -8.195933047528581466e-07 -4.438116567614251370e-03 0.000000000000000000e+00 1.963495408493620871e-03
2.699808088056972792e+02 1.782604635966437306e-05 -7.478738023590236067e-03 0.000000000000000000e+00 1.963495408493620871e-03
2.701117016007601705e+02 2.791961361375355994e-05 -8.771909036321218212e-03 0.000000000000000000e+00 1.963495408493620871e-03
2.703734887225429020e+02 4.812186382638623079e-05 -1.078800641094556159e-02 0.000000000000000000e+00 1.963495408493620871e-03
2.705043785574397361e+02 5.572341126100811295e-05 -1.149799756818480068e-02 0.000000000000000000e+00 1.963495408493620871e-03
2.707661618830326802e+02 6.558844145188720781e-05 -1.227060040028832115e-02 0.000000000000000000e+00 1.963495408493620871e-03
2.708970514887049035e+02 6.630325552119921623e-05 -1.233706365169645255e-02 0.000000000000000000e+00 1.963495408493620871e-03
2.711588368823274777e+02 6.131176417822283996e-05 -1.184577945944223845e-02 0.000000000000000000e+00 1.963495408493620871e-03
2.712897289549069910e+02 5.516379851538362385e-05 -1.130703418627846887e-02 0.000000000000000000e+00 1.963495408493620871e-03
2.715515205566107966e+02 3.955924153729823778e-05 -9.719108445300271223e-03 0.000000000000000000e+00 1.963495408493620871e-03
2.716824162757280305e+02 3.033672119545392445e-05 -8.699969877067819518e-03 0.000000000000000000e+00 1.963495408493620871e-03
2.719442144754987680e+02 1.354728613224491785e-05 -6.331085883740840241e-03 0.000000000000000000e+00 1.963495408493620871e-03
2.720751130640437054e+02 6.193384989869993827e-06 -5.017243973435947524e-03 0.000000000000000000e+00 1.963495408493620871e-03
2.723369148146028920e+02 -3.048247477868728057e-06 -2.273841631766983749e-03 0.000000000000000000e+00 1.963495408493620871e-03
2.724678142300109585e+02 -5.289426791360998676e-06 -8.803616736036889642e-04 0.000000000000000000e+00 1.963495408493620871e-03
2.727296151911702395e+02 -3.587366564595408256e-06 1.806400377680966035e-03 0.000000000000000000e+00 1.963495408493620871e-03
2.728605134097909399e+02 -6.879190065775455266e-07 3.068915039689337071e-03 0.000000000000000000e+00 1.963495408493620871e-03
2.731223104909391282e+02 8.952462211074453007e-06 5.309647077217590633e-03 0.000000000000000000e+00 1.963495408493620871e-03
2.732532065968145503e+02 1.426115067546659471e-05 6.266334744682525854e-03 0.000000000000000000e+00 1.963495408493620871e-03
2.735149994484803528e+02 2.500828520867212450e-05 7.766596876987306303e-03 0.000000000000000000e+00 1.963495408493620871e-03
2.736458939599189080e+02 2.912333823954678922e-05 8.300521845670962018e-03 0.000000000000000000e+00 1.963495408493620871e-03
2.739076847521683362e+02 3.459051529569053636e-05 8.897544576367736810e-03 0.000000000000000000e+00 1.963495408493620871e-03
2.740385791176793759e+02 3.512060328326296795e-05 8.963272310809299731e-03 0.000000000000000000e+00 1.963495408493620871e-03
2.743003709741143439e+02 3.276483054597139374e-05 8.639706238922765721e-03 0.000000000000000000e+00 1.963495408493620871e-03
2.744312666349783285e+02 2.964318970297635065e-05 8.263947443478346713e-03 0.000000000000000000e+00 1.963495408493620871e-03
2.746930617771793095e+02 2.156323744218558634e-05 7.138534541996299602e-03 0.000000000000000000e+00 1.963495408493620871e-03
2.748239593716042464e+02 1.673450311008134914e-05 6.410622652345230287e-03 0.000000000000000000e+00 1.963495408493620871e-03
2.750857580275873602e+02 7.838481499015465459e-06 4.711203509508933920e-03 0.000000000000000000e+00 1.963495408493620871e-03
2.752166571513636768e+02 3.900059874040183313e-06 3.765601477209130649e-03 0.000000000000000000e+00 1.963495408493620871e-03
2.754784577162657797e+02 -1.182520477579491834e-06 1.786039710854422750e-03 0.000000000000000000e+00 1.963495408493620871e-03
2.756093572897955255e+02 -2.488694600478726389e-06 7.781989987238912589e-04 0.000000000000000000e+00 1.963495408493620871e-03
2.758711574664729937e+02 -1.873661681212665165e-06 -1.169333178082371597e-03 0.000000000000000000e+00 1.963495408493620871e-03
2.760020564179823737e+02 -4.758469986941055743e-07 -2.086658634985398379e-03 0.000000000000000000e+00 1.963495408493620871e-03
2.762638545696344750e+02 4.370515705788823599e-06 -3.719149914409432441e-03 0.000000000000000000e+00 1.963495408493620871e-03
2.763947524142052430e+02 7.087669813964471102e-06 -4.418724752091654322e-03 0.000000000000000000e+00 1.963495408493620871e-03
2.766565483554419416e+02 1.265485590202712716e-05 -5.522301801735324256e-03 0.000000000000000000e+00 1.963495408493620871e-03
2.767874453668955539e+02 1.482280395094311858e-05 -5.919100182519436253e-03 0.000000000000000000e+00 1.963495408493620871e-03
2.770492402425372234e+02 1.776840891677806302e-05 -6.373969510785882503e-03 0.000000000000000000e+00 1.963495408493620871e-03
2.771801371841834793e+02 1.811907947748808142e-05 -6.433818337385811131e-03 0.000000000000000000e+00 1.963495408493620871e-03
2.774419326358182047e+02 1.705195175720970903e-05 -6.225466413446680350e-03 0.000000000000000000e+00 1.963495408493620871e-03
2.775728302623132890e+02 1.551089892964221598e-05 -5.966853460617108952e-03 0.000000000000000000e+00 1.963495408493620871e-03
2.778346274456089304e+02 1.144057858382539392e-05 -5.179076106458888051e-03 0.000000000000000000e+00 1.963495408493620871e-03
2.779655260841755080e+02 8.979666439697881131e-06 -4.665366965340965802e-03 0.000000000000000000e+00 1.963495408493620871e-03
2.782273251000829646e+02 4.393844093604930536e-06 -3.460075323547566733e-03 0.000000000000000000e+00 1.963495408493620871e-03
2.783582245288980062e+02 2.342506739734026900e-06 -2.787106367537385641e-03 0.000000000000000000e+00 1.963495408493620871e-03
2.786200245194422678e+02 -3.683811356523064337e-07 -1.374907788885059573e-03 0.000000000000000000e+00 1.963495408493620871e-03
2.787509241673622000e+02 -1.100015979142122280e-06 -6.543018872528935876e-04 0.000000000000000000e+00 1.963495408493620871e-03
2.790127239273354007e+02 -9.230416042564849982e-07 7.415016989272293392e-04 0.000000000000000000e+00 1.963495408493620871e-03
2.791436232371219148e+02 -2.706040021536156847e-07 1.400596219149958209e-03 0.000000000000000000e+00 1.963495408493620871e-03
2.794054219271055786e+02 2.099842276901275494e-06 2.576824357913748247e-03 0.000000000000000000e+00 1.963495408493620871e-03
2.795363206577341657e+02 3.453029156553991000e-06 3.082717321973467428e-03 0.000000000000000000e+00 1.963495408493620871e-03
2.797981182103144420e+02 6.259440233523255758e-06 3.885145815989965272e-03 0.000000000000000000e+00 1.963495408493620871e-03
2.799290165199437297e+02 7.369878518563934789e-06 4.176484446348255504e-03 0.000000000000000000e+00 1.963495408493620871e-03
2.801908135580836188e+02 8.911351955701738234e-06 4.518647133078436059e-03 0.000000000000000000e+00 1.963495408493620871e-03
2.803217118537595525e+02 9.125799356176184267e-06 4.570518309093760112e-03 0.000000000000000000e+00 1.963495408493620871e-03
2.805835092390731802e+02 8.664785519492910619e-06 4.440033222681591396e-03 0.000000000000000000e+00 1.963495408493620871e-03
2.807144079104591015e+02 7.925732867863103799e-06 4.264473158482226002e-03 0.000000000000000000e+00 1.963495408493620871e-03
2.809762062244640219e+02 5.932278484077251336e-06 3.719893330125183424e-03 0.000000000000000000e+00 1.963495408493620871e-03
2.811071054262321240e+02 4.712486593786300847e-06 3.361731709911365551e-03 0.000000000000000000e+00 1.963495408493620871e-03
2.813689046838897525e+02 2.413363056430093553e-06 2.517079701919172283e-03 0.000000000000000000e+00 1.963495408493620871e-03
2.814998042812899826e+02 1.373473319175067680e-06 2.043730910459180816e-03 0.000000000000000000e+00 1.963495408493620871e-03
2.817616040022645052e+02 -3.362196998514394731e-08 1.047530693754619366e-03 0.000000000000000000e+00 1.963495408493620871e-03
2.818925036853797224e+02 -4.320630544641263894e-07 5.379521501079148832e-04 0.000000000000000000e+00 1.963495408493620871e-03
2.821543032420723875e+02 -4.172375034431609584e-07 -4.510958279434489245e-04 0.000000000000000000e+00 1.963495408493620871e-03
2.822852027431370061e+02 -1.240435439441288423e-07 -9.192314991909211926e-04 0.000000000000000000e+00 1.963495408493620871e-03
2.825470018996131216e+02 1.042020805472300825e-06 -1.757414288468030824e-03 0.000000000000000000e+00 1.963495408493620871e-03
2.826779013588417797e+02 1.765972570371292587e-06 -2.119283323724475195e-03 0.000000000000000000e+00 1.963495408493620871e-03
