# q:-1.000000e+00, m:1.000000e+00, N:480 - x,px,py,pz,w
1.849669751755851621e+02 -1.438914388121489418e-01 -3.367718660173526501e-01 0.000000000000000000e+00 1.963495408493620871e-03
1.845678091710114757e+02 -1.770351043853232442e-01 -3.383247282878544260e-01 0.000000000000000000e+00 1.963495408493620871e-03
1.852537918613103898e+02 -1.307106636614066286e-01 -3.048047898698499347e-01 0.000000000000000000e+00 1.963495408493620871e-03
1.861912576347866377e+02 -1.144720626864445256e-01 -2.852720569273226037e-02 0.000000000000000000e+00 1.963495408493620871e-03
1.872088606378618181e+02 -1.699384768115811198e-02 3.149713169029136339e-01 0.000000000000000000e+00 1.963495408493620871e-03
1.876131302166284627e+02 3.455583097491161937e-02 3.880299980403888460e-01 0.000000000000000000e+00 1.963495408493620871e-03
1.880762198417960747e+02 6.801558162148960140e-02 3.900790058436353624e-01 0.000000000000000000e+00 1.963495408493620871e-03
1.884008535452517776e+02 7.228157010067826072e-02 3.426945227637172020e-01 0.000000000000000000e+00 1.963495408493620871e-03
1.887437496430052306e+02 5.941400941577796441e-02 2.511297459602587212e-01 0.000000000000000000e+00 1.963495408493620871e-03
1.889432364058478981e+02 4.652032611084949698e-02 1.836735743431638923e-01 0.000000000000000000e+00 1.963495408493620871e-03
1.891745949713821346e+02 3.239836321089562682e-02 9.365525797996662738e-02 0.000000000000000000e+00 1.963495408493620871e-03
1.893410421175689464e+02 2.566324346004219409e-02 2.555287648699915148e-02 0.000000000000000000e+00 1.963495408493620871e-03
1.895604567408124979e+02 2.487340685239268490e-02 -6.908531875642925923e-02 0.000000000000000000e+00 1.963495408493620871e-03
1.897231266090478812e+02 2.904892225657940141e-02 -1.374112120747759125e-01 0.000000000000000000e+00 1.963495408493620871e-03
1.899369419621789632e+02 4.197614736620591813e-02 -2.252019067494096527e-01 0.000000000000000000e+00 1.963495408493620871e-03
1.900953760907494257e+02 5.370646689930361206e-02 -2.834519588362634512e-01 0.000000000000000000e+00 1.963495408493620871e-03
1.903026716377788716e+02 7.207483135121291185e-02 -3.514604812180693871e-01 0.000000000000000000e+00 1.963495408493620871e-03
1.904574683034138332e+02 8.372883690626627129e-02 -3.917651547078828678e-01 0.000000000000000000e+00 1.963495408493620871e-03
1.906604736299929925e+02 9.712128574336252596e-02 -4.321860481376300078e-01 0.000000000000000000e+00 1.963495408493620871e-03
1.908139894278007773e+02 1.016677296355547044e-01 -4.501658645114641200e-01 0.000000000000000000e+00 1.963495408493620871e-03
1.910165636464934948e+02 1.026832926746927555e-01 -4.592387366674541838e-01 0.000000000000000000e+00 1.963495408493620871e-03
1.911722133004162743e+02 9.652643120844230096e-02 -4.526381970780747888e-01 0.000000000000000000e+00 1.963495408493620871e-03
1.913791224955344887e+02 8.315335243699276124e-02 -4.287013359427259140e-01 0.000000000000000000e+00 1.963495408493620871e-03
1.915403008292778111e+02 6.708228253155093523e-02 -3.963300460833129035e-01 0.000000000000000000e+00 1.963495408493620871e-03
1.917553560720914447e+02 4.344982862795437883e-02 -3.391107027743155977e-01 0.000000000000000000e+00 1.963495408493620871e-03
1.919239712137765821e+02 2.316288968392300751e-02 -2.815325455817005995e-01 0.000000000000000000e+00 1.963495408493620871e-03
1.921477612546916305e+02 -2.562921943971493977e-04 -1.941935341889780564e-01 0.000000000000000000e+00 1.963495408493620871e-03
1.923221675912605519e+02 -1.488084866372939297e-02 -1.162873807310111085e-01 0.000000000000000000e+00 1.963495408493620871e-03
1.925498293596864414e+02 -2.476015234120779174e-02 -9.498748577622950773e-03 0.000000000000000000e+00 1.963495408493620871e-03
1.927244226750237317e+02 -2.495190427931990793e-02 7.687564434178567607e-02 0.000000000000000000e+00 1.963495408493620871e-03
1.929481349824485505e+02 -1.504677426069775045e-02 1.840971380127310875e-01 0.000000000000000000e+00 1.963495408493620871e-03
1.931175711684860232e+02 -1.332793355478499586e-03 2.628351911273779651e-01 0.000000000000000000e+00 1.963495408493620871e-03
1.933330840076563391e+02 2.073959323777886665e-02 3.509799428946686062e-01 0.000000000000000000e+00 1.963495408493620871e-03
1.934962890167574017e+02 3.861454016591625571e-02 4.093475309825905795e-01 0.000000000000000000e+00 1.963495408493620871e-03
1.937050348141702614e+02 5.834731938446947874e-02 4.663233919880651612e-01 0.000000000000000000e+00 1.963495408493620871e-03
1.938646301231036091e+02 6.958667353376835063e-02 4.978306828682312890e-01 0.000000000000000000e+00 1.963495408493620871e-03
1.940714517181905592e+02 7.544198078183544931e-02 5.183372691197835058e-01 0.000000000000000000e+00 1.963495408493620871e-03
1.942317471859595344e+02 7.358210677149924772e-02 5.202627757099529404e-01 0.000000000000000000e+00 1.963495408493620871e-03
1.944426889745120093e+02 6.086193714880819977e-02 5.018436454121988355e-01 0.000000000000000000e+00 1.963495408493620871e-03
1.946083092274485864e+02 4.515921220546153386e-02 4.727712453443043694e-01 0.000000000000000000e+00 1.963495408493620871e-03
1.948289398553816625e+02 1.704151496610113031e-02 4.139943215709172009e-01 0.000000000000000000e+00 1.963495408493620871e-03
1.950032663594460018e+02 -6.770496699728373313e-03 3.537384707215357471e-01 0.000000000000000000e+00 1.963495408493620871e-03
1.952357986910323859e+02 -3.822660543516043230e-02 2.562146650625647393e-01 0.000000000000000000e+00 1.963495408493620871e-03
1.954179863822254788e+02 -5.774417894922767580e-02 1.689431483042250770e-01 0.000000000000000000e+00 1.963495408493620871e-03
1.956571366428328815e+02 -7.405794771181065106e-02 4.353905745636604818e-02 0.000000000000000000e+00 1.963495408493620871e-03
1.958401764337512816e+02 -7.590404322675449456e-02 -5.704164758684171499e-02 0.000000000000000000e+00 1.963495408493620871e-03
1.960749921385519770e+02 -6.568010680679403634e-02 -1.862590777714706602e-01 0.000000000000000000e+00 1.963495408493620871e-03
1.962512667378094022e+02 -4.861464774107063930e-02 -2.788538312442647715e-01 0.000000000000000000e+00 1.963495408493620871e-03
1.964753625715232772e+02 -2.087642066174538041e-02 -3.853627327359400168e-01 0.000000000000000000e+00 1.963495408493620871e-03
1.966433192509810510e+02 2.199041485412750463e-03 -4.531096798559837158e-01 0.000000000000000000e+00 1.963495408493620871e-03
1.968585210713680169e+02 2.762220709350787784e-02 -5.214515637694460137e-01 0.000000000000000000e+00 1.963495408493620871e-03
1.970216472401301075e+02 4.232481192819104177e-02 -5.568383375249249534e-01 0.000000000000000000e+00 1.963495408493620871e-03
1.972342204121692930e+02 5.019116190533044752e-02 -5.813841480797136141e-01 0.000000000000000000e+00 1.963495408493620871e-03
1.973979889880843928e+02 4.839294291241398593e-02 -5.818449542094628057e-01 0.000000000000000000e+00 1.963495408493620871e-03
1.976155761735151373e+02 3.282479118815323504e-02 -5.602233487653022204e-01 0.000000000000000000e+00 1.963495408493620871e-03
1.977857739604275196e+02 1.386009256068941597e-02 -5.242185112267442326e-01 0.000000000000000000e+00 1.963495408493620871e-03
1.980154620184526664e+02 -2.086824790317824696e-02 -4.545411482303615691e-01 0.000000000000000000e+00 1.963495408493620871e-03
1.981962886517355855e+02 -4.930398880853378851e-02 -3.815282641188116330e-01 0.000000000000000000e+00 1.963495408493620871e-03
1.984406888888234164e+02 -8.705009518039591443e-02 -2.653218088886358794e-01 0.000000000000000000e+00 1.963495408493620871e-03
1.986304068815126698e+02 -1.082061717239826970e-01 -1.604994441927893312e-01 0.000000000000000000e+00 1.963495408493620871e-03
1.988814514007353864e+02 -1.241484523403892370e-01 -1.239964321972170103e-02 0.000000000000000000e+00 1.963495408493620871e-03
1.990699002775758970e+02 -1.209455903145052191e-01 1.052016482354862781e-01 0.000000000000000000e+00 1.963495408493620871e-03
1.993130602432734406e+02 -1.028328387149235051e-01 2.521329753248573446e-01 0.000000000000000000e+00 1.963495408493620871e-03
1.994913237700012587e+02 -7.740562653853390318e-02 3.547991221723507671e-01 0.000000000000000000e+00 1.963495408493620871e-03
1.997208093630324299e+02 -4.202146143875561818e-02 4.682704639230053090e-01 0.000000000000000000e+00 1.963495408493620871e-03
1.998889318485406648e+02 -1.346502436174174672e-02 5.380962169999476963e-01 0.000000000000000000e+00 1.963495408493620871e-03
2.001091376077582140e+02 1.337777833193474694e-02 6.031679974900796548e-01 0.000000000000000000e+00 1.963495408493620871e-03
2.002724618901852693e+02 2.831381814077326212e-02 6.344918098465566203e-01 0.000000000000000000e+00 1.963495408493620871e-03
2.004918259989030389e+02 3.046952911435659231e-02 6.471494682002616461e-01 0.000000000000000000e+00 1.963495408493620871e-03
2.006572146972631856e+02 2.429755169496617545e-02 6.385492219518107415e-01 0.000000000000000000e+00 1.963495408493620871e-03
2.008850959603226727e+02 -2.107982233031255315e-03 5.965540545484444568e-01 0.000000000000000000e+00 1.963495408493620871e-03
2.010593600430894412e+02 -2.767192908202062429e-02 5.464229688602788571e-01 0.000000000000000000e+00 1.963495408493620871e-03
2.013037277601938229e+02 -7.346915134914946965e-02 4.474298878417127812e-01 0.000000000000000000e+00 1.963495408493620871e-03
2.014908205547466196e+02 -1.059588417442440533e-01 3.555558246834419345e-01 0.000000000000000000e+00 1.963495408493620871e-03
2.017516097083285445e+02 -1.459954618109311764e-01 2.036904606201027368e-01 0.000000000000000000e+00 1.963495408493620871e-03
2.019460259434503939e+02 -1.622597544535618608e-01 7.991680084959879027e-02 0.000000000000000000e+00 1.963495408493620871e-03
2.022077530226530939e+02 -1.650471475124391518e-01 -9.871325212452419784e-02 0.000000000000000000e+00 1.963495408493620871e-03
2.023954633258810816e+02 -1.493235521766591023e-01 -2.253373197214880719e-01 0.000000000000000000e+00 1.963495408493620871e-03
2.026418099824833519e+02 -1.131613244199874274e-01 -3.844381388020937651e-01 0.000000000000000000e+00 1.963495408493620871e-03
2.028165195949871986e+02 -7.937767474685850089e-02 -4.825350281258373730e-01 0.000000000000000000e+00 1.963495408493620871e-03
2.030468059885706964e+02 -3.577221690826934419e-02 -5.910048203950879486e-01 0.000000000000000000e+00 1.963495408493620871e-03
2.032123841142417859e+02 -8.509258388004604587e-03 -6.473424981357125407e-01 0.000000000000000000e+00 1.963495408493620871e-03
2.034350759367615638e+02 1.421000010842990088e-02 -6.967757357817789821e-01 0.000000000000000000e+00 1.963495408493620871e-03
2.035989047484287369e+02 2.005579680616274840e-02 -7.090396386071149415e-01 0.000000000000000000e+00 1.963495408493620871e-03
2.038247399109142464e+02 9.411823408616515341e-03 -6.980013282621083670e-01 0.000000000000000000e+00 1.963495408493620871e-03
2.039948803761137128e+02 -9.852543496482527030e-03 -6.650946408365716600e-01 0.000000000000000000e+00 1.963495408493620871e-03
2.042346823869471848e+02 -5.172250707063141828e-02 -5.909807113160238101e-01 0.000000000000000000e+00 1.963495408493620871e-03
2.044183152508844614e+02 -8.865627770911632677e-02 -5.105874080491894507e-01 0.000000000000000000e+00 1.963495408493620871e-03
2.046789123258996028e+02 -1.423939046721022228e-01 -3.714876531903135159e-01 0.000000000000000000e+00 1.963495408493620871e-03
2.048764949765389076e+02 -1.749315154386638094e-01 -2.458593341595449733e-01 0.000000000000000000e+00 1.963495408493620871e-03
2.051489464618144893e+02 -2.020985832940464244e-01 -5.609398653272923418e-02 0.000000000000000000e+00 1.963495408493620871e-03
2.053462349738861974e+02 -2.009457485582846759e-01 9.182891653286240352e-02 0.000000000000000000e+00 1.963495408493620871e-03
2.056070904859651876e+02 -1.755129326610636586e-01 2.840658235591982939e-01 0.000000000000000000e+00 1.963495408493620871e-03
2.057898579023790830e+02 -1.404510054680399578e-01 4.125020833946594356e-01 0.000000000000000000e+00 1.963495408493620871e-03
2.060302560896814441e+02 -8.822656958708995079e-02 5.571409989059876722e-01 0.000000000000000000e+00 1.963495408493620871e-03
2.061991857714287448e+02 -4.899492475393915636e-02 6.413744498991965637e-01 0.000000000000000000e+00 1.963495408493620871e-03
2.064263832106404948e+02 -9.926190656425335629e-03 7.208428688176564680e-01 0.000000000000000000e+00 1.963495408493620871e-03
2.065891337607005482e+02 9.920166644516330290e-03 7.566189507189780006e-01 0.000000000000000000e+00 1.963495408493620871e-03
2.068148371001898909e+02 1.404003017065303879e-02 7.692404029715480540e-01 0.000000000000000000e+00 1.963495408493620871e-03
2.069803262409635920e+02 5.377461353762894025e-03 7.566768039140591151e-01 0.000000000000000000e+00 1.963495408493620871e-03
2.072169351652623561e+02 -2.953753773130840532e-02 7.010674719465321836e-01 0.000000000000000000e+00 1.963495408493620871e-03
2.073940524258713936e+02 -6.380901277637313074e-02 6.382710047056043834e-01 0.000000000000000000e+00 1.963495408493620871e-03
2.076525222215234692e+02 -1.243854261600950695e-01 5.103290031528743276e-01 0.000000000000000000e+00 1.963495408493620871e-03
2.078466524366324961e+02 -1.667608711023934598e-01 3.953809701828834289e-01 0.000000000000000000e+00 1.963495408493620871e-03
2.081259875277628453e+02 -2.154575200553107972e-01 1.988051186610103049e-01 0.000000000000000000e+00 1.963495408493620871e-03
2.083277628745713344e+02 -2.316911252288048895e-01 4.496324606615065278e-02 0.000000000000000000e+00 1.963495408493620871e-03
2.086026018364520098e+02 -2.222620799989236950e-01 -1.789750703517086761e-01 0.000000000000000000e+00 1.963495408493620871e-03
2.087919929480880228e+02 -1.939550272048429225e-01 -3.275212027512921509e-01 0.000000000000000000e+00 1.963495408493620871e-03
2.090427989650786174e+02 -1.358689483857672409e-01 -5.119355981585171911e-01 0.000000000000000000e+00 1.963495408493620871e-03
2.092155833162072440e+02 -9.109057872782332088e-02 -6.167411529477715426e-01 0.000000000000000000e+00 1.963495408493620871e-03
2.094467723633458718e+02 -3.440194369317479961e-02 -7.305780497857528033e-01 0.000000000000000000e+00 1.963495408493620871e-03
2.096102970977972575e+02 -5.032659334804493248e-03 -7.824704223181094820e-01 0.000000000000000000e+00 1.963495408493620871e-03
2.098343680112770357e+02 1.763048766645821872e-02 -8.238282017341316266e-01 0.000000000000000000e+00 1.963495408493620871e-03
2.099981168515916181e+02 1.702210002289961110e-02 -8.236308256402318229e-01 0.000000000000000000e+00 1.963495408493620871e-03
2.102285444596319905e+02 -4.717097141514969838e-03 -7.935068378424133817e-01 0.000000000000000000e+00 1.963495408493620871e-03
2.104023047152646768e+02 -3.631157130667433952e-02 -7.397785365705665805e-01 0.000000000000000000e+00 1.963495408493620871e-03
2.106524325391094692e+02 -9.512546927174014844e-02 -6.342292324031573170e-01 0.000000000000000000e+00 1.963495408493620871e-03
2.108445806502494406e+02 -1.443595861598973018e-01 -5.230498744680590617e-01 0.000000000000000000e+00 1.963495408493620871e-03
2.111207745689233093e+02 -2.086088728045867313e-01 -3.395002206523646260e-01 0.000000000000000000e+00 1.963495408493620871e-03
2.113276914499299153e+02 -2.410187738386908585e-01 -1.761801272743158675e-01 0.000000000000000000e+00 1.963495408493620871e-03
2.116101013173304182e+02 -2.547323397119584665e-01 5.843615566907578440e-02 0.000000000000000000e+00 1.963495408493620871e-03
2.118080900869487948e+02 -2.346105582662832978e-01 2.336560740357822574e-01 0.000000000000000000e+00 1.963495408493620871e-03
2.120676747739200039e+02 -1.822854377191592823e-01 4.450999997738857017e-01 0.000000000000000000e+00 1.963495408493620871e-03
2.122450387877290154e+02 -1.293303788604404925e-01 5.791978647875104524e-01 0.000000000000000000e+00 1.963495408493620871e-03
2.124811636116625664e+02 -6.382103366741818939e-02 7.182400168400167040e-01 0.000000000000000000e+00 1.963495408493620871e-03
2.126441831692745552e+02 -1.922961193788663703e-02 7.949435473202217661e-01 0.000000000000000000e+00 1.963495408493620871e-03
2.128696002964052241e+02 1.543486535829924344e-02 8.558255927703757315e-01 0.000000000000000000e+00 1.963495408493620871e-03
2.130282757215342428e+02 3.041551851773867388e-02 8.774067583353957200e-01 0.000000000000000000e+00 1.963495408493620871e-03
2.132572608324090027e+02 1.741609053176372546e-02 8.626656510102045372e-01 0.000000000000000000e+00 1.963495408493620871e-03
2.134217352095899400e+02 -2.075938817034564399e-03 8.304622076928266372e-01 0.000000000000000000e+00 1.963495408493620871e-03
2.136689533569881689e+02 -6.058934283857414504e-02 7.366967863912742276e-01 0.000000000000000000e+00 1.963495408493620871e-03
2.138491425171811784e+02 -1.062176452615325450e-01 6.474277555547063301e-01 0.000000000000000000e+00 1.963495408493620871e-03
2.141261794223390780e+02 -1.851250897465819834e-01 4.674905747424092928e-01 0.000000000000000000e+00 1.963495408493620871e-03
2.143249334412148244e+02 -2.283312881460677346e-01 3.202737584896161449e-01 0.000000000000000000e+00 1.963495408493620871e-03
2.146202233468678742e+02 -2.685480458011210159e-01 6.741385749309802833e-02 0.000000000000000000e+00 1.963495408493620871e-03
2.148176347900885332e+02 -2.647068376222743158e-01 -1.093026296033051681e-01 0.000000000000000000e+00 1.963495408493620871e-03
2.150934087181234133e+02 -2.217232540950641317e-01 -3.621762002433615013e-01 0.000000000000000000e+00 1.963495408493620871e-03
2.152704858381120516e+02 -1.721804901037840008e-01 -5.086836122743305655e-01 0.000000000000000000e+00 1.963495408493620871e-03
2.155167097441138537e+02 -9.321473859153957264e-02 -6.893249764740416730e-01 0.000000000000000000e+00 1.963495408493620871e-03
2.156771094169651519e+02 -4.301715317584777626e-02 -7.784561606340298923e-01 0.000000000000000000e+00 1.963495408493620871e-03
2.159060142528721258e+02 1.299816834011981170e-02 -8.731755648249106549e-01 0.000000000000000000e+00 1.963495408493620871e-03
2.160598712352208111e+02 3.566111153945833445e-02 -9.059055714071748699e-01 0.000000000000000000e+00 1.963495408493620871e-03
2.162865166878444256e+02 4.311047849539187404e-02 -9.197206352318421096e-01 0.000000000000000000e+00 1.963495408493620871e-03
2.164441436223278004e+02 2.956870402463680769e-02 -8.988210330106698454e-01 0.000000000000000000e+00 1.963495408493620871e-03
2.166836641050918217e+02 -1.475843806182142171e-02 -8.323014597821322136e-01 0.000000000000000000e+00 1.963495408493620871e-03
2.168556125789929752e+02 -6.026816802185502864e-02 -7.550874341710723803e-01 0.000000000000000000e+00 1.963495408493620871e-03
2.171226298077669412e+02 -1.394250979477974495e-01 -6.012008462964945066e-01 0.000000000000000000e+00 1.963495408493620871e-03
2.173163776962007603e+02 -1.950365469626082482e-01 -4.622918735171965277e-01 0.000000000000000000e+00 1.963495408493620871e-03
2.176108826611222185e+02 -2.581049977354130665e-01 -2.213856019644027673e-01 0.000000000000000000e+00 1.963495408493620871e-03
2.178134299617329646e+02 -2.763567438615684435e-01 -3.509093608855945456e-02 0.000000000000000000e+00 1.963495408493620871e-03
2.180987203672845851e+02 -2.559840678495966526e-01 2.365671760881320473e-01 0.000000000000000000e+00 1.963495408493620871e-03
2.182827109727710422e+02 -2.134647417175057071e-01 4.097312597762670094e-01 0.000000000000000000e+00 1.963495408493620871e-03
2.185357846227334164e+02 -1.319791930484324749e-01 6.209981255180090365e-01 0.000000000000000000e+00 1.963495408493620871e-03
2.186990863260016908e+02 -7.300381190579341428e-02 7.366077167869791165e-01 0.000000000000000000e+00 1.963495408493620871e-03
2.189293138762890862e+02 -9.449424438791945158e-04 8.587619657833134301e-01 0.000000000000000000e+00 1.963495408493620871e-03
2.190818125136909487e+02 3.615041973981084067e-02 9.144968828530867233e-01 0.000000000000000000e+00 1.963495408493620871e-03
2.193046947409599738e+02 6.226991600600816773e-02 9.530820692910997316e-01 0.000000000000000000e+00 1.963495408493620871e-03
2.194568349547057835e+02 6.329498605523886656e-02 9.537104777987455151e-01 0.000000000000000000e+00 1.963495408493620871e-03
2.196877013330529564e+02 3.382688528288905344e-02 9.121611577826633788e-01 0.000000000000000000e+00 1.963495408493620871e-03
2.198499435018693475e+02 -1.315871196100104612e-03 8.571860720226117669e-01 0.000000000000000000e+00 1.963495408493620871e-03
2.201046503417809106e+02 -7.725619300022207314e-02 7.303351410956477885e-01 0.000000000000000000e+00 1.963495408493620871e-03
2.202869813425257917e+02 -1.343333861182036681e-01 6.146162607966194624e-01 0.000000000000000000e+00 1.963495408493620871e-03
2.205751963788403600e+02 -2.187861511468686682e-01 3.949155550177166907e-01 0.000000000000000000e+00 1.963495408493620871e-03
2.207753837291492971e+02 -2.584143476916918036e-01 2.204066261123103776e-01 0.000000000000000000e+00 1.963495408493620871e-03
2.210721414422021098e+02 -2.760938523704564163e-01 -6.413147463519619507e-02 0.000000000000000000e+00 1.963495408493620871e-03
2.212616706161030322e+02 -2.522323279102968163e-01 -2.520243974698898048e-01 0.000000000000000000e+00 1.963495408493620871e-03
2.215279462636176220e+02 -1.806289229698437582e-01 -5.041538722292835395e-01 0.000000000000000000e+00 1.963495408493620871e-03
2.216942406047658665e+02 -1.192717149402897636e-01 -6.432062502484314770e-01 0.000000000000000000e+00 1.963495408493620871e-03
2.219310452634007902e+02 -3.199599535512358262e-02 -8.057218683091402767e-01 0.000000000000000000e+00 1.963495408493620871e-03
2.220821944595635671e+02 1.811681522020812396e-02 -8.826604094616634644e-01 0.000000000000000000e+00 1.963495408493620871e-03
2.223050380557181143e+02 6.759484843790357356e-02 -9.566617377366289920e-01 0.000000000000000000e+00 1.963495408493620871e-03
2.224515695360974235e+02 8.460326860071604171e-02 -9.774461708481101407e-01 0.000000000000000000e+00 1.963495408493620871e-03
2.226759609243656257e+02 7.819749777978356187e-02 -9.704692230529037289e-01 0.000000000000000000e+00 1.963495408493620871e-03
2.228279923660303439e+02 5.737043254075054749e-02 -9.380400863271411982e-01 0.000000000000000000e+00 1.963495408493620871e-03
2.230696494894266664e+02 -3.535235927418028945e-03 -8.484027073489709414e-01 0.000000000000000000e+00 1.963495408493620871e-03
2.232377510580293460e+02 -5.517793129096471016e-02 -7.590130496188119968e-01 0.000000000000000000e+00 1.963495408493620871e-03
2.235116883705455848e+02 -1.474429771453775739e-01 -5.769794888884156592e-01 0.000000000000000000e+00 1.963495408493620871e-03
2.237020981068201024e+02 -2.030146642310614036e-01 -4.255990847791725762e-01 0.000000000000000000e+00 1.963495408493620871e-03
2.240029835921116046e+02 -2.635901806741121622e-01 -1.553610846418982949e-01 0.000000000000000000e+00 1.963495408493620871e-03
2.241971688045040025e+02 -2.704821169544264770e-01 3.686604038702689934e-02 0.000000000000000000e+00 1.963495408493620871e-03
2.244805976230094586e+02 -2.316381994748472617e-01 3.222543311223436957e-01 0.000000000000000000e+00 1.963495408493620871e-03
2.246525993157504217e+02 -1.783296551938290952e-01 4.883315518235151753e-01 0.000000000000000000e+00 1.963495408493620871e-03
2.249013380804145470e+02 -8.519621523874876257e-02 6.970049382173878483e-01 0.000000000000000000e+00 1.963495408493620871e-03
2.250532200654607777e+02 -2.370664482313233207e-02 8.022977627533310896e-01 0.000000000000000000e+00 1.963495408493620871e-03
2.252800746921661812e+02 5.016707926088412317e-02 9.173414701170329311e-01 0.000000000000000000e+00 1.963495408493620871e-03
2.254222450096669093e+02 8.568755559507326702e-02 9.650819050956984668e-01 0.000000000000000000e+00 1.963495408493620871e-03
2.256430964595515434e+02 1.081772408631617860e-01 9.956764118102601202e-01 0.000000000000000000e+00 1.963495408493620871e-03
2.257855124459177603e+02 1.068122402543328492e-01 9.916536797944828230e-01 0.000000000000000000e+00 1.963495408493620871e-03
2.260155917356818520e+02 7.103479197821124802e-02 9.417432407827001084e-01 0.000000000000000000e+00 1.963495408493620871e-03
2.261681628929684962e+02 3.412688428509333405e-02 8.856726959192968707e-01 0.000000000000000000e+00 1.963495408493620871e-03
2.264235274638864439e+02 -4.934858446904960561e-02 7.497455767792973180e-01 0.000000000000000000e+00 1.963495408493620871e-03
2.265959847533173672e+02 -1.075255373762464273e-01 6.360986141919651171e-01 0.000000000000000000e+00 1.963495408493620871e-03
2.268869102501495831e+02 -1.989505533874905696e-01 4.052585561062154729e-01 0.000000000000000000e+00 1.963495408493620871e-03
2.270774345478414773e+02 -2.395667193977467635e-01 2.348336949038340171e-01 0.000000000000000000e+00 1.963495408493620871e-03
2.273777168665712054e+02 -2.588168601332160867e-01 -6.293067542731700659e-02 0.000000000000000000e+00 1.963495408493620871e-03
2.275578920963425844e+02 -2.353372976503046443e-01 -2.460632248360195007e-01 0.000000000000000000e+00 1.963495408493620871e-03
2.278257602237823960e+02 -1.580374684824422671e-01 -5.090207394968356835e-01 0.000000000000000000e+00 1.963495408493620871e-03
2.279831046026737909e+02 -9.669585023095100818e-02 -6.441502095220957846e-01 0.000000000000000000e+00 1.963495408493620871e-03
2.282195292111358640e+02 -1.451361415780866304e-03 -8.145375487119164148e-01 0.000000000000000000e+00 1.963495408493620871e-03
2.283619244069455760e+02 4.943440628557541072e-02 -8.900753258335537543e-01 0.000000000000000000e+00 1.963495408493620871e-03
2.285826802460349541e+02 1.068269360485205322e-01 -9.712105253995649834e-01 0.000000000000000000e+00 1.963495408493620871e-03
2.287200666177560322e+02 1.260206815718011297e-01 -9.937712285152657810e-01 0.000000000000000000e+00 1.963495408493620871e-03
2.289404019616224844e+02 1.269855891750181764e-01 -9.951024862642413593e-01 0.000000000000000000e+00 1.963495408493620871e-03
2.290820886939608272e+02 1.096231885236531034e-01 -9.685741724307881384e-01 0.000000000000000000e+00 1.963495408493620871e-03
2.293170492048401172e+02 5.456389918572241565e-02 -8.905284846606829063e-01 0.000000000000000000e+00 1.963495408493620871e-03
2.294728483534668726e+02 5.798668314090510423e-03 -8.122614066757984919e-01 0.000000000000000000e+00 1.963495408493620871e-03
2.297378457162188852e+02 -8.665658685875687883e-02 -6.461027820537244004e-01 0.000000000000000000e+00 1.963495408493620871e-03
2.299155969996856754e+02 -1.456776137628935097e-01 -5.099179450935047431e-01 0.000000000000000000e+00 1.963495408493620871e-03
2.302123990071719959e+02 -2.212937373181408096e-01 -2.529927683516231540e-01 0.000000000000000000e+00 1.963495408493620871e-03
2.304004414486677490e+02 -2.428215228400076864e-01 -7.020315340586497088e-02 0.000000000000000000e+00 1.963495408493620871e-03
2.306893257690414600e+02 -2.244454657379461593e-01 2.215467206677338430e-01 0.000000000000000000e+00 1.963495408493620871e-03
2.308590101988003198e+02 -1.814001286293465132e-01 3.924063247153860567e-01 0.000000000000000000e+00 1.963495408493620871e-03
2.311126678130732444e+02 -9.018940303792541413e-02 6.208573426572718823e-01 0.000000000000000000e+00 1.963495408493620871e-03
2.312610832462834480e+02 -2.746914511954540172e-02 7.361832668562624526e-01 0.000000000000000000e+00 1.963495408493620871e-03
2.314888570718718483e+02 5.782801732689740737e-02 8.720397176841624409e-01 0.000000000000000000e+00 1.963495408493620871e-03
2.316252813959812613e+02 1.013736641537035799e-01 9.314441407824893826e-01 0.000000000000000000e+00 1.963495408493620871e-03
2.318427257804607677e+02 1.408362482899082613e-01 9.840009698170679719e-01 0.000000000000000000e+00 1.963495408493620871e-03
2.319764103848535797e+02 1.513034674441596783e-01 9.943593559965603346e-01 0.000000000000000000e+00 1.963495408493620871e-03
2.321980517236962953e+02 1.337516248155848353e-01 9.708978516070516651e-01 0.000000000000000000e+00 1.963495408493620871e-03
2.323377699703042936e+02 1.096907673824039503e-01 9.341114839897100008e-01 0.000000000000000000e+00 1.963495408493620871e-03
2.325785915793099434e+02 3.970473406174752917e-02 8.321652582015159894e-01 0.000000000000000000e+00 1.963495408493620871e-03
2.327335348448686148e+02 -1.069964671667095191e-02 7.447478127836195672e-01 0.000000000000000000e+00 1.963495408493620871e-03
2.330075810237824498e+02 -1.076544180802970763e-01 5.549089542784676476e-01 0.000000000000000000e+00 1.963495408493620871e-03
2.331826266705976707e+02 -1.586228016417089159e-01 4.133703459904680688e-01 0.000000000000000000e+00 1.963495408493620871e-03
2.334830296271521490e+02 -2.189306661697628109e-01 1.412415042832322609e-01 0.000000000000000000e+00 1.963495408493620871e-03
2.336607130001896735e+02 -2.233743139781786957e-01 -3.388273474686653852e-02 0.000000000000000000e+00 1.963495408493620871e-03
2.339437176631172122e+02 -1.835077439859894299e-01 -3.169911072557310971e-01 0.000000000000000000e+00 1.963495408493620871e-03
2.341010346162562428e+02 -1.332730613134621434e-01 -4.672212085325733177e-01 0.000000000000000000e+00 1.963495408493620871e-03
2.343497678766698300e+02 -3.903810624868478407e-02 -6.752788756219213484e-01 0.000000000000000000e+00 1.963495408493620871e-03
2.344884129664002614e+02 1.925482950842524743e-02 -7.715284569849201191e-01 0.000000000000000000e+00 1.963495408493620871e-03
2.347147741851043747e+02 9.655037678388606048e-02 -8.895877774379278291e-01 0.000000000000000000e+00 1.963495408493620871e-03
2.348437369852258882e+02 1.327198715219122804e-01 -9.355689199098780051e-01 0.000000000000000000e+00 1.963495408493620871e-03
2.350626168025189315e+02 1.617430226667890825e-01 -9.737636015480619633e-01 0.000000000000000000e+00 1.963495408493620871e-03
2.351903512018271272e+02 1.660301124624325442e-01 -9.755337808943551625e-01 0.000000000000000000e+00 1.963495408493620871e-03
2.354157285303702452e+02 1.392418055248259012e-01 -9.392032627276533097e-01 0.000000000000000000e+00 1.963495408493620871e-03
2.355503750217783647e+02 1.120363558133284643e-01 -8.976488523702541578e-01 0.000000000000000000e+00 1.963495408493620871e-03
2.357968660370919451e+02 3.654060022918240169e-02 -7.836308701347196592e-01 0.000000000000000000e+00 1.963495408493620871e-03
2.359467292157247300e+02 -1.257091011135252900e-02 -6.951335112049688014e-01 0.000000000000000000e+00 1.963495408493620871e-03
2.362266681583916750e+02 -1.075848986108526306e-01 -4.954083691678424772e-01 0.000000000000000000e+00 1.963495408493620871e-03
2.363944593012041651e+02 -1.520362503902853712e-01 -3.583235257459366219e-01 0.000000000000000000e+00 1.963495408493620871e-03
2.366960965259491729e+02 -2.010388678405092278e-01 -8.426786091433169368e-02 0.000000000000000000e+00 1.963495408493620871e-03
2.368633186704384457e+02 -1.986441536808619401e-01 7.785597039592018209e-02 0.000000000000000000e+00 1.963495408493620871e-03
2.371442749450119436e+02 -1.502369842975500025e-01 3.507358708567767103e-01 0.000000000000000000e+00 1.963495408493620871e-03
2.372923188240631873e+02 -1.016109262471541902e-01 4.851078684106983063e-01 0.000000000000000000e+00 1.963495408493620871e-03
2.375403504432446766e+02 -8.407063992919475148e-03 6.813213727985200086e-01 0.000000000000000000e+00 1.963495408493620871e-03
2.376719537817483285e+02 4.403541964267437825e-02 7.661014488016471002e-01 0.000000000000000000e+00 1.963495408493620871e-03
2.378991262386216192e+02 1.171570887240177550e-01 8.758340839022321633e-01 0.000000000000000000e+00 1.963495408493620871e-03
2.380224869183554119e+02 1.481110662570161163e-01 9.149860563937103342e-01 0.000000000000000000e+00 1.963495408493620871e-03
2.382430473601874326e+02 1.736214067081341128e-01 9.477277321834519652e-01 0.000000000000000000e+00 1.963495408493620871e-03
2.383658942180800295e+02 1.749990621283366021e-01 9.464155104825631160e-01 0.000000000000000000e+00 1.963495408493620871e-03
2.385932608637952512e+02 1.469715515419095231e-01 9.069230491654425297e-01 0.000000000000000000e+00 1.963495408493620871e-03
2.387230997245417541e+02 1.196747204490016536e-01 8.658275801109084346e-01 0.000000000000000000e+00 1.963495408493620871e-03
2.389711552218481074e+02 4.611532823944070048e-02 7.513746502475386890e-01 0.000000000000000000e+00 1.963495408493620871e-03
2.391154702008269339e+02 -4.179443931606741103e-04 6.673164142481795569e-01 0.000000000000000000e+00 1.963495408493620871e-03
2.393952800358481738e+02 -9.054372143858419042e-02 4.714921256493074808e-01 0.000000000000000000e+00 1.963495408493620871e-03
2.395560540490822632e+02 -1.316947070136508247e-01 3.435422758956837574e-01 0.000000000000000000e+00 1.963495408493620871e-03
2.398557264848164436e+02 -1.768457036180434983e-01 7.922444934348310541e-02 0.000000000000000000e+00 1.963495408493620871e-03
2.400162629551567477e+02 -1.754133347631290363e-01 -7.072081828002185766e-02 0.000000000000000000e+00 1.963495408493620871e-03
2.402966762877468341e+02 -1.296129104165302248e-01 -3.330235229030267252e-01 0.000000000000000000e+00 1.963495408493620871e-03
2.404401999952401354e+02 -8.633208115359847223e-02 -4.583023051978675211e-01 0.000000000000000000e+00 1.963495408493620871e-03
2.406891337590487012e+02 2.701570217357632253e-03 -6.489496897596174207e-01 0.000000000000000000e+00 1.963495408493620871e-03
2.408176034355973911e+02 5.033325014999853741e-02 -7.292266762579158179e-01 0.000000000000000000e+00 1.963495408493620871e-03
2.410458507298162942e+02 1.219486589075174376e-01 -8.375035936594927843e-01 0.000000000000000000e+00 1.963495408493620871e-03
2.411666363957396584e+02 1.504545971888094913e-01 -8.755060193133747948e-01 0.000000000000000000e+00 1.963495408493620871e-03
2.413876711490289040e+02 1.778011822816842891e-01 -9.098695443367386115e-01 0.000000000000000000e+00 1.963495408493620871e-03
2.415079375667913553e+02 1.792642474204398928e-01 -9.100810289632026429e-01 0.000000000000000000e+00 1.963495408493620871e-03
2.417345059443730406e+02 1.562535740866366207e-01 -8.754210936091884054e-01 0.000000000000000000e+00 1.963495408493620871e-03
2.418612069704858811e+02 1.312143162664919094e-01 -8.385686405711803015e-01 0.000000000000000000e+00 1.963495408493620871e-03
2.421062552295101966e+02 6.503473072056951965e-02 -7.333158212026292810e-01 0.000000000000000000e+00 1.963495408493620871e-03
2.422462424593579726e+02 2.179414723953529420e-02 -6.568177955218411634e-01 0.000000000000000000e+00 1.963495408493620871e-03
2.425201583652450665e+02 -6.180336676572678600e-02 -4.762592343181938359e-01 0.000000000000000000e+00 1.963495408493620871e-03
2.426757480280170967e+02 -1.019553547361526924e-01 -3.593713282120307717e-01 0.000000000000000000e+00 1.963495408493620871e-03
2.429699248462226819e+02 -1.491941857815554107e-01 -1.142983829518472993e-01 0.000000000000000000e+00 1.963495408493620871e-03
2.431276708962209057e+02 -1.533461339422626524e-01 2.531971379621822393e-02 0.000000000000000000e+00 1.963495408493620871e-03
2.434075624060839971e+02 -1.188755610478688524e-01 2.755860559819878208e-01 0.000000000000000000e+00 1.963495408493620871e-03
2.435509747889237246e+02 -8.287401434144667234e-02 3.970225226477910319e-01 0.000000000000000000e+00 1.963495408493620871e-03
2.438014869361396961e+02 -1.686420780130523656e-03 5.858536619327416872e-01 0.000000000000000000e+00 1.963495408493620871e-03
2.439305482153144453e+02 4.230061251309635839e-02 6.669210728616541406e-01 0.000000000000000000e+00 1.963495408493620871e-03
2.441598926106203749e+02 1.131435976352784534e-01 7.786358935842251361e-01 0.000000000000000000e+00 1.963495408493620871e-03
2.442810637264796867e+02 1.415621172000081918e-01 8.197695092864489830e-01 0.000000000000000000e+00 1.963495408493620871e-03
2.445016896270958568e+02 1.737415609197355271e-01 8.608823039912021358e-01 0.000000000000000000e+00 1.963495408493620871e-03
2.446216910681034449e+02 1.777934919287636750e-01 8.659774623887984690e-01 0.000000000000000000e+00 1.963495408493620871e-03
2.448455883471948766e+02 1.636618158184435234e-01 8.418775117771148953e-01 0.000000000000000000e+00 1.963495408493620871e-03
2.449709059101953699e+02 1.429850056334877328e-01 8.119387859619080494e-01 0.000000000000000000e+00 1.963495408493620871e-03
2.452100223514476340e+02 8.769564809455321353e-02 7.224883093338669848e-01 0.000000000000000000e+00 1.963495408493620871e-03
2.453470153013586810e+02 4.888460397883954978e-02 6.556064522558183727e-01 0.000000000000000000e+00 1.963495408493620871e-03
2.456113637626939408e+02 -2.665313434206956211e-02 4.974843523629145503e-01 0.000000000000000000e+00 1.963495408493620871e-03
2.457630951052639432e+02 -6.616584812331910426e-02 3.929138254154713183e-01 0.000000000000000000e+00 1.963495408493620871e-03
2.460486700690208295e+02 -1.176841681099512621e-01 1.736487674105212653e-01 0.000000000000000000e+00 1.963495408493620871e-03
2.462056686382599366e+02 -1.292650398111930832e-01 4.432658061577049446e-02 0.000000000000000000e+00 1.963495408493620871e-03
2.464843049578744569e+02 -1.117450630683366197e-01 -1.906820340313989393e-01 0.000000000000000000e+00 1.963495408493620871e-03
2.466304204276598853e+02 -8.481909946988776261e-02 -3.102906993470742059e-01 0.000000000000000000e+00 1.963495408493620871e-03
2.468832536257675372e+02 -1.591411580248559832e-02 -4.986916002609507181e-01 0.000000000000000000e+00 1.963495408493620871e-03
2.470155314069618839e+02 2.450229969598802238e-02 -5.834597251456359324e-01 0.000000000000000000e+00 1.963495408493620871e-03
2.472467846363976491e+02 9.323684547904273479e-02 -7.019815295379469022e-01 0.000000000000000000e+00 1.963495408493620871e-03
2.473703941825358186e+02 1.229853346763531974e-01 -7.487702420622388555e-01 0.000000000000000000e+00 1.963495408493620871e-03
2.475910920073889940e+02 1.605175147322505380e-01 -8.003801709816675825e-01 0.000000000000000000e+00 1.963495408493620871e-03
2.477122876830804330e+02 1.690817909270459496e-01 -8.122014988627108689e-01 0.000000000000000000e+00 1.963495408493620871e-03
2.479336545008099222e+02 1.650551220818039511e-01 -8.023497406426651768e-01 0.000000000000000000e+00 1.963495408493620871e-03
2.480585092224347932e+02 1.506918209061126335e-01 -7.806102143457905873e-01 0.000000000000000000e+00 1.963495408493620871e-03
2.482915502562684082e+02 1.077108530766805322e-01 -7.105295553685762044e-01 0.000000000000000000e+00 1.963495408493620871e-03
2.484259662190799247e+02 7.517665900676373525e-02 -6.544593154093559795e-01 0.000000000000000000e+00 1.963495408493620871e-03
2.486803022188522618e+02 9.072802536068680368e-03 -5.221059981852004261e-01 0.000000000000000000e+00 1.963495408493620871e-03
2.488279671083904816e+02 -2.809563913393138546e-02 -4.312075254291317106e-01 0.000000000000000000e+00 1.963495408493620871e-03
2.491037662490222431e+02 -8.278673145156084656e-02 -2.409711500226671410e-01 0.000000000000000000e+00 1.963495408493620871e-03
2.492591901352257082e+02 -1.008068258568210335e-01 -1.238401218789057373e-01 0.000000000000000000e+00 1.963495408493620871e-03
2.495360473069989382e+02 -1.019402876547777365e-01 9.228361294397263714e-02 0.000000000000000000e+00 1.963495408493620871e-03
2.496847826978221860e+02 -8.530610597870853795e-02 2.084793055370549597e-01 0.000000000000000000e+00 1.963495408493620871e-03
2.499414604079482842e+02 -3.306577318928276971e-02 3.954902784180232000e-01 0.000000000000000000e+00 1.963495408493620871e-03
2.500773480099097981e+02 2.534810356246947061e-03 4.839333257390070475e-01 0.000000000000000000e+00 1.963495408493620871e-03
2.503129105192821839e+02 6.597974617924809437e-02 6.108525553935473251e-01 0.000000000000000000e+00 1.963495408493620871e-03
2.504391740413596210e+02 9.701298634683713784e-02 6.638170077727116869e-01 0.000000000000000000e+00 1.963495408493620871e-03
2.506625542090231136e+02 1.382329852060825703e-01 7.280819942503924391e-01 0.000000000000000000e+00 1.963495408493620871e-03
2.507847703934933747e+02 1.521054984605208771e-01 7.471680219247346377e-01 0.000000000000000000e+00 1.963495408493620871e-03
2.510063186328609106e+02 1.574107855149087243e-01 7.532184932897895147e-01 0.000000000000000000e+00 1.963495408493620871e-03
2.511301200400007474e+02 1.506978672364906457e-01 7.405084611858153698e-01 0.000000000000000000e+00 1.963495408493620871e-03
2.513600151904759628e+02 1.197698866792946126e-01 6.902747262661084182e-01 0.000000000000000000e+00 1.963495408493620871e-03
2.514908311376772474e+02 9.534355964857110788e-02 6.461975914551836286e-01 0.000000000000000000e+00 1.963495408493620871e-03
2.517382450548144845e+02 3.938580468553937869e-02 5.386574872914502432e-01 0.000000000000000000e+00 1.963495408493620871e-03
2.518800488502306507e+02 7.191389405265091739e-03 4.632256668094677510e-01 0.000000000000000000e+00 1.963495408493620871e-03
2.521480011008580675e+02 -4.766777292983487291e-02 3.009530306145576373e-01 0.000000000000000000e+00 1.963495408493620871e-03
2.522985709757631412e+02 -6.906194077347727056e-02 1.996065711842202606e-01 0.000000000000000000e+00 1.963495408493620871e-03
2.525741535371288364e+02 -8.611560617054120348e-02 4.169771946451406031e-03 0.000000000000000000e+00 1.963495408493620871e-03
2.527223715324198281e+02 -7.969710753480660492e-02 -1.035302637502531486e-01 0.000000000000000000e+00 1.963495408493620871e-03
2.529848538858558413e+02 -4.613621449358997623e-02 -2.867908768297543487e-01 0.000000000000000000e+00 1.963495408493620871e-03
2.531224367238638422e+02 -1.786308736619137555e-02 -3.755419590884219172e-01 0.000000000000000000e+00 1.963495408493620871e-03
2.533654921314679598e+02 3.722409453112157651e-02 -5.106476504564798624e-01 0.000000000000000000e+00 1.963495408493620871e-03
2.534931655051670418e+02 6.719188406173398631e-02 -5.685090947175129861e-01 0.000000000000000000e+00 1.963495408493620871e-03
2.537227144681433799e+02 1.101738049624852167e-01 -6.457853065718358598e-01 0.000000000000000000e+00 1.963495408493620871e-03
2.538450040164865982e+02 1.277423625818090713e-01 -6.720537778920455674e-01 0.000000000000000000e+00 1.963495408493620871e-03
2.540702556116939945e+02 1.413055000507011383e-01 -6.933294520409424289e-01 0.000000000000000000e+00 1.963495408493620871e-03
2.541922755874450957e+02 1.412167222433904357e-01 -6.900554610752920315e-01 0.000000000000000000e+00 1.963495408493620871e-03
2.544226329118797025e+02 1.219996261577289826e-01 -6.576279107137039670e-01 0.000000000000000000e+00 1.963495408493620871e-03
2.545493551111029831e+02 1.053323432179746333e-01 -6.259956650152580515e-01 0.000000000000000000e+00 1.963495408493620871e-03
2.547934334305305981e+02 6.072475697398779099e-02 -5.404236599232636884e-01 0.000000000000000000e+00 1.963495408493620871e-03
2.549288263888244046e+02 3.448295709876775944e-02 -4.808783107831322012e-01 0.000000000000000000e+00 1.963495408493620871e-03
2.551911730335616824e+02 -1.619515433447005215e-02 -3.442968182455333759e-01 0.000000000000000000e+00 1.963495408493620871e-03
2.553351888590689782e+02 -3.821831163822005106e-02 -2.602454699199289734e-01 0.000000000000000000e+00 1.963495408493620871e-03
2.556088625041772389e+02 -6.500943481364929166e-02 -8.687836501144131918e-02 0.000000000000000000e+00 1.963495408493620871e-03
2.557541382914222652e+02 -6.718532102767676983e-02 8.471845658471865992e-03 0.000000000000000000e+00 1.963495408493620871e-03
2.560216573735825136e+02 -5.067906435463755133e-02 1.835429833721162751e-01 0.000000000000000000e+00 1.963495408493620871e-03
2.561596264406662158e+02 -3.159429089085868253e-02 2.687309609849929393e-01 0.000000000000000000e+00 1.963495408493620871e-03
2.564107212216096059e+02 1.297318203067841791e-02 4.084540286163701461e-01 0.000000000000000000e+00 1.963495408493620871e-03
2.565396906602012450e+02 3.866210049637203161e-02 4.689549878402683447e-01 0.000000000000000000e+00 1.963495408493620871e-03
2.567765537284445827e+02 8.117139014506896677e-02 5.570722632791202944e-01 0.000000000000000000e+00 1.963495408493620871e-03
2.568996361686265573e+02 9.932440539373749155e-02 5.893931815888517889e-01 0.000000000000000000e+00 1.963495408493620871e-03
2.571297616516089306e+02 1.199614985796595978e-01 6.244670248933814616e-01 0.000000000000000000e+00 1.963495408493620871e-03
2.572514157884178871e+02 1.237748118492438126e-01 6.295334560821835845e-01 0.000000000000000000e+00 1.963495408493620871e-03
2.574833073536728989e+02 1.160149968288560485e-01 6.137207849389187952e-01 0.000000000000000000e+00 1.963495408493620871e-03
2.576080563780510602e+02 1.049571744175736981e-01 5.926194116500906883e-01 0.000000000000000000e+00 1.963495408493620871e-03
2.578497361711350777e+02 7.270162791184026085e-02 5.275428944741057391e-01 0.000000000000000000e+00 1.963495408493620871e-03
2.579813862355329093e+02 5.151932543006650100e-02 4.809255465878602975e-01 0.000000000000000000e+00 1.963495408493620871e-03
2.582380768656491341e+02 8.756872084861172523e-03 3.690300372537178020e-01 0.000000000000000000e+00 1.963495408493620871e-03
2.583777359405739276e+02 -1.235971457300873849e-02 2.993920262885854111e-01 0.000000000000000000e+00 1.963495408493620871e-03
2.586466392894167257e+02 -4.227614972994937770e-02 1.507267473557115656e-01 0.000000000000000000e+00 1.963495408493620871e-03
2.587898879484368990e+02 -5.023538572546015768e-02 6.720964044506563817e-02 0.000000000000000000e+00 1.963495408493620871e-03
2.590581959785565118e+02 -4.701455688289968987e-02 -9.246255927990770784e-02 0.000000000000000000e+00 1.963495408493620871e-03
2.591974913605354800e+02 -3.645453760848805375e-02 -1.727902386555415504e-01 0.000000000000000000e+00 1.963495408493620871e-03
2.594536409944018374e+02 -4.055028817476921676e-03 -3.100944120815665173e-01 0.000000000000000000e+00 1.963495408493620871e-03
2.595855027793137992e+02 1.620244461605728492e-02 -3.719680089353674113e-01 0.000000000000000000e+00 1.963495408493620871e-03
2.598280949107627293e+02 5.456404381326721009e-02 -4.663648066007164417e-01 0.000000000000000000e+00 1.963495408493620871e-03
2.599540128082144292e+02 7.179860929819735504e-02 -5.035528704442160386e-01 0.000000000000000000e+00 1.963495408493620871e-03
2.601883169552883714e+02 9.594734853687383880e-02 -5.497780697153809015e-01 0.000000000000000000e+00 1.963495408493620871e-03
2.603118942506336566e+02 1.024014847088290936e-01 -5.616620484201959584e-01 0.000000000000000000e+00 1.963495408493620871e-03
2.605452721228327277e+02 1.032649211974802084e-01 -5.606622320931680115e-01 0.000000000000000000e+00 1.963495408493620871e-03
2.606705335932345520e+02 9.697068701808243818e-02 -5.479398661972362250e-01 0.000000000000000000e+00 1.963495408493620871e-03
2.609103337990405862e+02 7.544230214292282910e-02 -5.016020169186823363e-01 0.000000000000000000e+00 1.963495408493620871e-03
2.610408412598077348e+02 5.929547104617526043e-02 -4.650733039482973785e-01 0.000000000000000000e+00 1.963495408493620871e-03
2.612924513255738361e+02 2.518043015997485645e-02 -3.760295166690301727e-01 0.000000000000000000e+00 1.963495408493620871e-03
2.614298584268687478e+02 6.694204984551928306e-03 -3.179368276442821606e-01 0.000000000000000000e+00 1.963495408493620871e-03
2.616930436205362867e+02 -2.228864858551226485e-02 -1.938490693811963927e-01 0.000000000000000000e+00 1.963495408493620871e-03
2.618349212435741720e+02 -3.259731486485470398e-02 -1.210294983738078173e-01 0.000000000000000000e+00 1.963495408493620871e-03
2.621012344474404472e+02 -3.834914884005989621e-02 1.922245156261140342e-02 0.000000000000000000e+00 1.963495408493620871e-03
2.622416426583806697e+02 -3.382340383730837036e-02 9.347423387124148553e-02 0.000000000000000000e+00 1.963495408493620871e-03
2.625004724350529273e+02 -1.349643319370485289e-02 2.223351742311979740e-01 0.000000000000000000e+00 1.963495408493620871e-03
2.626351299319726991e+02 1.774420006190373378e-03 2.837025310124309252e-01 0.000000000000000000e+00 1.963495408493620871e-03
2.628825487689563261e+02 3.278396468716801571e-02 3.794077971928532245e-01 0.000000000000000000e+00 1.963495408493620871e-03
2.630114390018732138e+02 4.860590700849728996e-02 4.197524630843355586e-01 0.000000000000000000e+00 1.963495408493620871e-03
2.632503444695976782e+02 7.206517832663590639e-02 4.733995424010795094e-01 0.000000000000000000e+00 1.963495408493620871e-03
2.633760764925988838e+02 8.051324197684900374e-02 4.905366545188725169e-01 0.000000000000000000e+00 1.963495408493620871e-03
2.636124336035231295e+02 8.603801067779576206e-02 5.011193075176326728e-01 0.000000000000000000e+00 1.963495408493620871e-03
2.637384475099634642e+02 8.409174785115045014e-02 4.953916779006043436e-01 0.000000000000000000e+00 1.963495408493620871e-03
2.639787816776758973e+02 7.031246073244531991e-02 4.643191121016394529e-01 0.000000000000000000e+00 1.963495408493620871e-03
2.641083068662292135e+02 5.941816146611156313e-02 4.368002725742057279e-01 0.000000000000000000e+00 1.963495408493620871e-03
2.643578300094182509e+02 3.286693402657370200e-02 3.665591463421209451e-01 0.000000000000000000e+00 1.963495408493620871e-03
2.644927295149187216e+02 1.840549737714968631e-02 3.194190726269455771e-01 0.000000000000000000e+00 1.963495408493620871e-03
2.647526114579756609e+02 -7.684860322734826665e-03 2.161834792920038495e-01 0.000000000000000000e+00 1.963495408493620871e-03
2.648917846256391044e+02 -1.762647513415668832e-02 1.547561417739990453e-01 0.000000000000000000e+00 1.963495408493620871e-03
2.651567781200517402e+02 -2.823355356697555482e-02 3.292890659832152511e-02 0.000000000000000000e+00 1.963495408493620871e-03
2.652960034532621876e+02 -2.729976995468555087e-02 -3.257301347122826263e-02 0.000000000000000000e+00 1.963495408493620871e-03
2.655573979800508937e+02 -1.658449729532644051e-02 -1.506450913811180348e-01 0.000000000000000000e+00 1.963495408493620871e-03
2.656925822432667132e+02 -5.802839456705819604e-03 -2.079337709633659603e-01 0.000000000000000000e+00 1.963495408493620871e-03
2.659452533938214174e+02 1.728258211298447367e-02 -3.015020667679564337e-01 0.000000000000000000e+00 1.963495408493620871e-03
2.660753471736369420e+02 3.069008093190751796e-02 -3.419511480950805926e-01 0.000000000000000000e+00 1.963495408493620871e-03
2.663201047457152981e+02 5.129480809371332606e-02 -3.997999628085490698e-01 0.000000000000000000e+00 1.963495408493620871e-03
2.664467041128644951e+02 6.021721631402811303e-02 -4.200327005911876910e-01 0.000000000000000000e+00 1.963495408493620871e-03
2.666879983991843233e+02 6.789587459011130199e-02 -4.390100514915775132e-01 0.000000000000000000e+00 1.963495408493620871e-03
2.668138640562920614e+02 6.881784724788508889e-02 -4.387686482804080690e-01 0.000000000000000000e+00 1.963495408493620871e-03
2.670572916306455227e+02 6.064718712342527518e-02 -4.194042489957935937e-01 0.000000000000000000e+00 1.963495408493620871e-03
2.671852460159346947e+02 5.393863306330909380e-02 -3.997018164330459200e-01 0.000000000000000000e+00 1.963495408493620871e-03
2.674356270776750648e+02 3.400450439342114772e-02 -3.443335705478577924e-01 0.000000000000000000e+00 1.963495408493620871e-03
2.675675428860785701e+02 2.338934605492596491e-02 -3.071907315105797398e-01 0.000000000000000000e+00 1.963495408493620871e-03
2.678267139054843824e+02 1.476842989620662239e-03 -2.212148649479852569e-01 0.000000000000000000e+00 1.963495408493620871e-03
2.679623201548382099e+02 -7.028277346747997811e-03 -1.708940797507695064e-01 0.000000000000000000e+00 1.963495408493620871e-03
2.682271748977939296e+02 -1.899034637319385599e-02 -6.579153606932176823e-02 0.000000000000000000e+00 1.963495408493620871e-03
2.683636827098226831e+02 -2.002929005254665273e-02 -1.012454182644137446e-02 0.000000000000000000e+00 1.963495408493620871e-03
2.686275276320420176e+02 -1.556307955136812700e-02 9.602251715536369581e-02 0.000000000000000000e+00 1.963495408493620871e-03
2.687615332998366853e+02 -8.585732668721899469e-03 1.470079066861575412e-01 0.000000000000000000e+00 1.963495408493620871e-03
2.690191328907613411e+02 7.765137136971557441e-03 2.355326977940731537e-01 0.000000000000000000e+00 1.963495408493620871e-03
2.691491036441784104e+02 1.810117110428236670e-02 2.736786001729205053e-01 0.000000000000000000e+00 1.963495408493620871e-03
2.693997893901536145e+02 3.516196590413084994e-02 3.324477046183018092e-01 0.000000000000000000e+00 1.963495408493620871e-03
2.695264779818161287e+02 4.309851808725258249e-02 3.536916250421149321e-01 0.000000000000000000e+00 1.963495408493620871e-03
2.697732572056032154e+02 5.143459089778398829e-02 3.779805600420713119e-01 0.000000000000000000e+00 1.963495408493620871e-03
2.698987352144255851e+02 5.351606558672271363e-02 3.814015513740950380e-01 0.000000000000000000e+00 1.963495408493620871e-03
2.701461941053165674e+02 4.946096069608731799e-02 3.709240195903829029e-01 0.000000000000000000e+00 1.963495408493620871e-03
2.702728357912975525e+02 4.537942874399845949e-02 3.571855008466525705e-01 0.000000000000000000e+00 1.963495408493620871e-03
2.705252597402437686e+02 3.122485719786492406e-02 3.140402188871347366e-01 0.000000000000000000e+00 1.963495408493620871e-03
2.706548213581138498e+02 2.348346946809840366e-02 2.848905825327785468e-01 0.000000000000000000e+00 1.963495408493620871e-03
2.709143005474749657e+02 6.321586675895446081e-03 2.139043732083614202e-01 0.000000000000000000e+00 1.963495408493620871e-03
2.710469725227029016e+02 -6.718335538405291463e-04 1.728503448991397240e-01 0.000000000000000000e+00 1.963495408493620871e-03
2.713118103937110845e+02 -1.168455844012155839e-02 8.349167146914737714e-02 0.000000000000000000e+00 1.963495408493620871e-03
2.714458131984335978e+02 -1.369092909658846217e-02 3.669725304017422418e-02 0.000000000000000000e+00 1.963495408493620871e-03
2.717111065623695936e+02 -1.265512698050301303e-02 -5.636057789878087809e-02 0.000000000000000000e+00 1.963495408493620871e-03
2.718437908720325709e+02 -8.532537343382782039e-03 -1.007994329389257926e-01 0.000000000000000000e+00 1.963495408493620871e-03
2.721048541842470172e+02 2.642295316578467668e-03 -1.814967938742426679e-01 0.000000000000000000e+00 1.963495408493620871e-03
2.722345860720842552e+02 1.005834188288323716e-02 -2.163274366438006080e-01 0.000000000000000000e+00 1.963495408493620871e-03
2.724899201683882666e+02 2.349764546080815308e-02 -2.728577403970423587e-01 0.000000000000000000e+00 1.963495408493620871e-03
2.726168532236852116e+02 2.985281876025768638e-02 -2.938095929779219184e-01 0.000000000000000000e+00 1.963495408493620871e-03
2.728682505972658987e+02 3.775150891617767152e-02 -3.205643995538193236e-01 0.000000000000000000e+00 1.963495408493620871e-03
2.729938436494805387e+02 3.999249118691401012e-02 -3.261957277879118933e-01 0.000000000000000000e+00 1.963495408493620871e-03
2.732448921169328173e+02 3.860585255661443116e-02 -3.221220658130750092e-01 0.000000000000000000e+00 1.963495408493620871e-03
2.733710747166673514e+02 3.608696719421133903e-02 -3.127256197330269272e-01 0.000000000000000000e+00 1.963495408493620871e-03
2.736254557241742305e+02 2.649742825104142024e-02 -2.795326491558381976e-01 0.000000000000000000e+00 1.963495408493620871e-03
2.737537985757433034e+02 2.085891467527832902e-02 -2.565799096266337398e-01 0.000000000000000000e+00 1.963495408493620871e-03
2.740136202994279415e+02 8.102440498576526234e-03 -1.985563342948708510e-01 0.000000000000000000e+00 1.963495408493620871e-03
2.741445453862015142e+02 2.530812927068936714e-03 -1.650013876508182875e-01 0.000000000000000000e+00 1.963495408493620871e-03
2.744090249241518222e+02 -6.556498802996177377e-03 -9.009348440288847404e-02 0.000000000000000000e+00 1.963495408493620871e-03
2.745414242240868816e+02 -8.835954834062171789e-03 -5.091741524604022351e-02 0.000000000000000000e+00 1.963495408493620871e-03
2.748070846187802090e+02 -9.397022766250007555e-03 2.891932380910217093e-02 0.000000000000000000e+00 1.963495408493620871e-03
2.749389606429706419e+02 -7.168281689547381305e-03 6.715988287868554507e-02 0.000000000000000000e+00 1.963495408493620871e-03
2.752019113046177949e+02 2.637320007140460387e-04 1.384735854559153712e-01 0.000000000000000000e+00 1.963495408493620871e-03
2.753317378032782585e+02 5.334132423266160078e-03 1.695412837006171070e-01 0.000000000000000000e+00 1.963495408493620871e-03
2.755901526480273560e+02 1.544692023910574502e-02 2.215898187719837487e-01 0.000000000000000000e+00 1.963495408493620871e-03
2.757177126423212030e+02 2.022054290733171777e-02 2.413605946711486205e-01 0.000000000000000000e+00 1.963495408493620871e-03
2.759724752934068306e+02 2.698145475196248380e-02 2.682942031467393518e-01 0.000000000000000000e+00 1.963495408493620871e-03
2.760987302768136828e+02 2.896350422747256959e-02 2.750376384228352955e-01 0.000000000000000000e+00 1.963495408493620871e-03
2.763525253999910660e+02 2.901746278467583900e-02 2.752423762810585206e-01 0.000000000000000000e+00 1.963495408493620871e-03
2.764789975784365765e+02 2.746013345966337449e-02 2.689492226616065906e-01 0.000000000000000000e+00 1.963495408493620871e-03
2.767348917723522845e+02 2.116530744037951883e-02 2.436914430143976296e-01 0.000000000000000000e+00 1.963495408493620871e-03
2.768629427791354374e+02 1.711373240458431352e-02 2.255725988554352079e-01 0.000000000000000000e+00 1.963495408493620871e-03
2.771229291727542545e+02 7.969802047910357762e-03 1.785762772300423795e-01 0.000000000000000000e+00 1.963495408493620871e-03
2.772530829777967369e+02 3.693877442906236350e-03 1.511425153882483829e-01 0.000000000000000000e+00 1.963495408493620871e-03
2.775169599907500810e+02 -3.322289987627610741e-03 8.909702322879070602e-02 0.000000000000000000e+00 1.963495408493620871e-03
2.776485510218818149e+02 -5.439188110059046261e-03 5.644429206102889729e-02 0.000000000000000000e+00 1.963495408493620871e-03
2.779139112607929292e+02 -6.572204328245885227e-03 -1.088053009844347496e-02 0.000000000000000000e+00 1.963495408493620871e-03
2.780454569491439543e+02 -5.464378611195861921e-03 -4.341180547274101076e-02 0.000000000000000000e+00 1.963495408493620871e-03
2.783091994161684966e+02 -6.292187166924839703e-04 -1.049117004157091859e-01 0.000000000000000000e+00 1.963495408493620871e-03
2.784393675440983884e+02 2.740840456303142436e-03 -1.320628162313937093e-01 0.000000000000000000e+00 1.963495408493620871e-03
2.786996441490869074e+02 1.005325118048745053e-02 -1.783747070737005114e-01 0.000000000000000000e+00 1.963495408493620871e-03
2.788280211389605938e+02 1.349664209303914203e-02 -1.963848562401550868e-01 0.000000000000000000e+00 1.963495408493620871e-03
2.790850946753106427e+02 1.885353879627689466e-02 -2.218955350519188352e-01 0.000000000000000000e+00 1.963495408493620871e-03
2.792122683543985886e+02 2.045017328980050161e-02 -2.289556921099692166e-01 0.000000000000000000e+00 1.963495408493620871e-03
2.794680682630723254e+02 2.110600773729424950e-02 -2.317479814581773212e-01 0.000000000000000000e+00 1.963495408493620871e-03
2.795952110845152561e+02 2.015396209807303329e-02 -2.276424014287428410e-01 0.000000000000000000e+00 1.963495408493620871e-03
2.798522307857037958e+02 1.609406115042301758e-02 -2.085762951947179866e-01 0.000000000000000000e+00 1.963495408493620871e-03
2.799804986113570067e+02 1.324469958257839912e-02 -1.942825888479923491e-01 0.000000000000000000e+00 1.963495408493620871e-03
2.802405512816097826e+02 6.855842364067334452e-03 -1.565143551304627179e-01 0.000000000000000000e+00 1.963495408493620871e-03
2.803704992282430339e+02 3.699595424287158325e-03 -1.341602907025027658e-01 0.000000000000000000e+00 1.963495408493620871e-03
2.806337438560919395e+02 -1.477500807455032171e-03 -8.329258262617297848e-02 0.000000000000000000e+00 1.963495408493620871e-03
2.807650001764120020e+02 -3.224683838162126399e-03 -5.626671375815096854e-02 0.000000000000000000e+00 1.963495408493620871e-03
2.810298048065102421e+02 -4.414699830811694842e-03 -2.819612859605996613e-04 0.000000000000000000e+00 1.963495408493620871e-03
2.811612789041892029e+02 -3.907735565947735579e-03 2.705724004225948387e-02 0.000000000000000000e+00 1.963495408493620871e-03
2.814252212902243286e+02 -8.128115587725951233e-04 7.907515013170754448e-02 0.000000000000000000e+00 1.963495408493620871e-03
2.815557915452442899e+02 1.394427125362102809e-03 1.023556310508819678e-01 0.000000000000000000e+00 1.963495408493620871e-03
2.818171420446822708e+02 6.509764418973284367e-03 1.424703295360389421e-01 0.000000000000000000e+00 1.963495408493620871e-03
2.819462944962639881e+02 8.922304069060825460e-03 1.583944141291072083e-01 0.000000000000000000e+00 1.963495408493620871e-03
2.822049586190776154e+02 1.292257906367639576e-02 1.815197817143635317e-01 0.000000000000000000e+00 1.963495408493620871e-03
2.823331271008702288e+02 1.414383895831806959e-02 1.883572439008136534e-01 0.000000000000000000e+00 1.963495408493620871e-03
2.825924888624318214e+02 1.527753518094480262e-02 1.924719604232493220e-01 0.000000000000000000e+00 1.963495408493620871e-03
2.827235796292404189e+02 1.520932717163401941e-02 1.897136638809127918e-01 0.000000000000000000e+00 1.963495408493620871e-03
