# q:-1.000000e+00, m:1.000000e+00, N:480 - x,px,py,pz,w
2.349867037793890177e+02 1.818265111220295216e-01 -6.768745705723850726e-04 0.000000000000000000e+00 1.963495408493620871e-03
1.613346896086287927e+02 4.988028593330699756e-02 -2.331496454177142685e-04 0.000000000000000000e+00 1.963495408493620871e-03
2.063660853436131788e+02 1.126332441993523059e-01 -4.109737094915454428e-03 0.000000000000000000e+00 1.963495408493620871e-03
2.372793220062268631e+02 -1.977918529771888548e-02 1.342640416127497457e-03 0.000000000000000000e+00 1.963495408493620871e-03
2.238984776713567442e+02 -5.302342942622721711e-02 -1.600256034225040758e-03 0.000000000000000000e+00 1.963495408493620871e-03
1.995617512981966115e+02 8.206016514825924257e-02 5.356913359501393754e-04 0.000000000000000000e+00 1.963495408493620871e-03
1.908920318414502333e+02 5.169032792051217462e-02 -5.311980041765159907e-04 0.000000000000000000e+00 1.963495408493620871e-03
1.990071273696127605e+02 8.741438921132457796e-02 4.858346520652817449e-04 0.000000000000000000e+00 1.963495408493620871e-03
2.205759281173966428e+02 2.319050119345710814e-01 -3.552881817072630504e-04 0.000000000000000000e+00 1.963495408493620871e-03
1.965144549289032341e+02 4.834446151911372946e-02 5.499932928649811040e-04 0.000000000000000000e+00 1.963495408493620871e-03
1.897208176748123378e+02 7.771159578141509372e-02 -4.852718703839214130e-04 0.000000000000000000e+00 1.963495408493620871e-03
1.909317253996199781e+02 5.503504310216668360e-02 5.376460585532599193e-04 0.000000000000000000e+00 1.963495408493620871e-03
2.062897549839651390e+02 4.456197795170059872e-01 -4.611148614567966205e-04 0.000000000000000000e+00 1.963495408493620871e-03
1.993182264282315259e+02 2.428055439614300592e-01 5.105811610783837816e-04 0.000000000000000000e+00 1.963495408493620871e-03
1.997770628414166367e+02 1.092780017085659139e-01 -4.653584246836551305e-04 0.000000000000000000e+00 1.963495408493620871e-03
1.908522053126422406e+02 5.242215115096923728e-02 4.608197722407578927e-04 0.000000000000000000e+00 1.963495408493620871e-03
1.959942086181122818e+02 2.114241416538562568e-01 -4.115593136729797695e-04 0.000000000000000000e+00 1.963495408493620871e-03
1.924927025614970546e+02 1.752062478727495209e-01 5.104999213552381763e-04 0.000000000000000000e+00 1.963495408493620871e-03
1.891971879425546206e+02 8.641136156927814449e-02 -3.724561865573435340e-04 0.000000000000000000e+00 1.963495408493620871e-03
1.904886971328608070e+02 4.163134727851286465e-02 4.363450364331973716e-04 0.000000000000000000e+00 1.963495408493620871e-03
1.960289776137531987e+02 1.803608812651681936e-01 -4.736423885904725468e-04 0.000000000000000000e+00 1.963495408493620871e-03
1.882261895804244887e+02 6.994518963881542206e-02 4.969893047885710988e-04 0.000000000000000000e+00 1.963495408493620871e-03
1.866126956570245170e+02 -1.336734726048610655e-02 -4.195989334185912028e-04 0.000000000000000000e+00 1.963495408493620871e-03
1.862525939835833526e+02 -3.903196079483418901e-02 4.861969369677135314e-04 0.000000000000000000e+00 1.963495408493620871e-03
1.892412763564029774e+02 7.019434801411028602e-02 -3.780920721347546696e-04 0.000000000000000000e+00 1.963495408493620871e-03
1.906941578024979265e+02 3.966932169614623138e-02 4.541864069113030243e-04 0.000000000000000000e+00 1.963495408493620871e-03
1.917026542673831102e+02 6.669868477438258003e-02 -3.983409397814334030e-04 0.000000000000000000e+00 1.963495408493620871e-03
1.919376680714294707e+02 6.659186688672408261e-02 4.750088651722030476e-04 0.000000000000000000e+00 1.963495408493620871e-03
1.922478840968018972e+02 6.918712453001896190e-02 -4.237118609770160367e-04 0.000000000000000000e+00 1.963495408493620871e-03
1.923187112703544699e+02 6.773289995543066433e-02 4.919930779182540197e-04 0.000000000000000000e+00 1.963495408493620871e-03
1.924286549973289198e+02 6.263486363613335328e-02 -4.298896573105625641e-04 0.000000000000000000e+00 1.963495408493620871e-03
1.924888932929946179e+02 5.963040219290292876e-02 5.036256220400245820e-04 0.000000000000000000e+00 1.963495408493620871e-03
1.926732298851702012e+02 4.994262621979644184e-02 -4.066278282039451032e-04 0.000000000000000000e+00 1.963495408493620871e-03
1.928309202975465553e+02 4.455344911359952753e-02 4.692785546148792522e-04 0.000000000000000000e+00 1.963495408493620871e-03
1.931932055632706522e+02 3.298819763160978913e-02 -3.720689144682499602e-04 0.000000000000000000e+00 1.963495408493620871e-03
1.933674396129068214e+02 2.964769136521563930e-02 4.117471860105786441e-04 0.000000000000000000e+00 1.963495408493620871e-03
1.937355590380243200e+02 2.461752396385091107e-02 -3.227348622722571534e-04 0.000000000000000000e+00 1.963495408493620871e-03
1.940661590290715708e+02 2.465388451628854061e-02 3.964615339152827785e-04 0.000000000000000000e+00 1.963495408493620871e-03
1.943524433420951141e+02 2.945458518996869196e-02 -2.933720889683985350e-04 0.000000000000000000e+00 1.963495408493620871e-03
1.945206189027847188e+02 3.394159133305156562e-02 4.081658871867503268e-04 0.000000000000000000e+00 1.963495408493620871e-03
1.947313027009222708e+02 3.525420848877391933e-02 -2.439248730177843842e-04 0.000000000000000000e+00 1.963495408493620871e-03
1.948131030405760384e+02 3.489856888574531524e-02 3.577513908076339322e-04 0.000000000000000000e+00 1.963495408493620871e-03
1.951214604403775468e+02 2.818988524345047292e-02 -2.149029380701201683e-04 0.000000000000000000e+00 1.963495408493620871e-03
1.952652005810101628e+02 2.470679417508810094e-02 3.398286174013362458e-04 0.000000000000000000e+00 1.963495408493620871e-03
1.957537900516143736e+02 1.836519804259938160e-02 -2.273303490972118385e-04 0.000000000000000000e+00 1.963495408493620871e-03
1.960826869001952275e+02 2.518773212525950850e-02 3.148659512119954566e-04 0.000000000000000000e+00 1.963495408493620871e-03
1.970943426868018378e+02 7.960964721798816091e-02 -2.636464236539278871e-04 0.000000000000000000e+00 1.963495408493620871e-03
1.975333328097128458e+02 1.050663114351548799e-01 3.195753567797978735e-04 0.000000000000000000e+00 1.963495408493620871e-03
1.982135840945138057e+02 1.505237297843422528e-01 -3.143554532484426787e-04 0.000000000000000000e+00 1.963495408493620871e-03
1.981798583292371063e+02 1.467544931956687448e-01 3.597684096624624833e-04 0.000000000000000000e+00 1.963495408493620871e-03
1.965674675907277162e+02 4.098956836677875026e-02 -2.725602823928535462e-04 0.000000000000000000e+00 1.963495408493620871e-03
1.964703830815295191e+02 3.205482738567506928e-02 3.713293406322417550e-04 0.000000000000000000e+00 1.963495408493620871e-03
1.971465342825317180e+02 6.369092774104803678e-02 -2.058056148272010720e-04 0.000000000000000000e+00 1.963495408493620871e-03
1.979701416791749864e+02 9.580302474342800023e-02 3.451453907209410510e-04 0.000000000000000000e+00 1.963495408493620871e-03
1.970505854370092038e+02 5.819698790952927692e-02 -1.957621892156846655e-04 0.000000000000000000e+00 1.963495408493620871e-03
1.980010704016701482e+02 9.549487024728126050e-02 3.452909940576235921e-04 0.000000000000000000e+00 1.963495408493620871e-03
1.979799620899957802e+02 6.283521807233705125e-02 -2.329739877437344946e-04 0.000000000000000000e+00 1.963495408493620871e-03
1.983624555796646973e+02 6.746394088165619252e-02 3.469234735939445095e-04 0.000000000000000000e+00 1.963495408493620871e-03
1.983628250726919475e+02 6.241101579205718397e-02 -1.954371924648998855e-04 0.000000000000000000e+00 1.963495408493620871e-03
1.988637600233716967e+02 7.161680669602114857e-02 2.918232766416534608e-04 0.000000000000000000e+00 1.963495408493620871e-03
1.995827328257701652e+02 7.833211946328072495e-02 -1.527758229714400596e-04 0.000000000000000000e+00 1.963495408493620871e-03
1.998235806314881131e+02 8.616057553729028484e-02 2.834611942616669083e-04 0.000000000000000000e+00 1.963495408493620871e-03
2.001305365658807318e+02 9.242345541841825995e-02 -9.067042673673122207e-05 0.000000000000000000e+00 1.963495408493620871e-03
2.002340745672650542e+02 9.316713200667602057e-02 2.590254638334182555e-04 0.000000000000000000e+00 1.963495408493620871e-03
2.005047399697672574e+02 9.603023970276289289e-02 -1.305366684099356614e-04 0.000000000000000000e+00 1.963495408493620871e-03
2.006201415624797164e+02 9.687519385040022080e-02 2.847482420843972114e-04 0.000000000000000000e+00 1.963495408493620871e-03
2.008778646349511519e+02 9.937672185817221504e-02 -1.020436722395126573e-04 0.000000000000000000e+00 1.963495408493620871e-03
2.009980691931079093e+02 1.006781586230669073e-01 2.301557322318649934e-04 0.000000000000000000e+00 1.963495408493620871e-03
2.012481910067424451e+02 1.045694932094254348e-01 -7.726973324329372756e-05 0.000000000000000000e+00 1.963495408493620871e-03
2.013820056241345640e+02 1.066327624967238347e-01 2.021661474393480454e-04 0.000000000000000000e+00 1.963495408493620871e-03
2.016040356465399270e+02 1.100429575585283315e-01 -3.176440463113097234e-05 0.000000000000000000e+00 1.963495408493620871e-03
2.016947241083772724e+02 1.112312079752909022e-01 2.009184074317310565e-04 0.000000000000000000e+00 1.963495408493620871e-03
2.019285871666430410e+02 1.159220353036870127e-01 -3.936292023185171185e-05 0.000000000000000000e+00 1.963495408493620871e-03
2.020530263944700096e+02 1.185166761272489211e-01 2.217446667452155806e-04 0.000000000000000000e+00 1.963495408493620871e-03
2.022416262460556595e+02 1.222847200866996609e-01 -1.104671976577048986e-04 0.000000000000000000e+00 1.963495408493620871e-03
2.023546111111878929e+02 1.240350580333575425e-01 2.341006158902565444e-04 0.000000000000000000e+00 1.963495408493620871e-03
2.025226867911387103e+02 1.261024833675926105e-01 -7.239856495629136445e-05 0.000000000000000000e+00 1.963495408493620871e-03
2.025978972543465773e+02 1.261613737796407897e-01 2.077243726723128282e-04 0.000000000000000000e+00 1.963495408493620871e-03
2.027543138231746696e+02 1.247339198058168147e-01 -5.090418305570449135e-05 0.000000000000000000e+00 1.963495408493620871e-03
2.028292801401865972e+02 1.222637482677674525e-01 1.953552788819032772e-04 0.000000000000000000e+00 1.963495408493620871e-03
2.029975193085444118e+02 1.149391890638837843e-01 3.498826621114001667e-05 0.000000000000000000e+00 1.963495408493620871e-03
2.030863595016008389e+02 1.106651233789103517e-01 1.213096339144931093e-04 0.000000000000000000e+00 1.963495408493620871e-03
2.033439638936802112e+02 9.791218251713967868e-02 4.775815531013450320e-05 0.000000000000000000e+00 1.963495408493620871e-03
2.035565029866495195e+02 9.161487164300183283e-02 1.259845770618091905e-04 0.000000000000000000e+00 1.963495408493620871e-03
2.038539351637543575e+02 8.746228162564022302e-02 3.578598083600917042e-05 0.000000000000000000e+00 1.963495408493620871e-03
2.041139939836604071e+02 8.637060918890218653e-02 1.296323581929473571e-04 0.000000000000000000e+00 1.963495408493620871e-03
2.044382465468424641e+02 8.769830171690895515e-02 2.355106178344277428e-05 0.000000000000000000e+00 1.963495408493620871e-03
2.047147631195041981e+02 9.356227843609649097e-02 1.254376643474702639e-04 0.000000000000000000e+00 1.963495408493620871e-03
2.049501160483737294e+02 1.008880806039589989e-01 7.569805311650790224e-05 0.000000000000000000e+00 1.963495408493620871e-03
2.050775058801217199e+02 1.051008360105415707e-01 9.800925555729741350e-05 0.000000000000000000e+00 1.963495408493620871e-03
2.052291458235650339e+02 1.071382383395660387e-01 8.608449010338037615e-05 0.000000000000000000e+00 1.963495408493620871e-03
2.053134060663635125e+02 1.059981499350652473e-01 9.553162137232915053e-05 0.000000000000000000e+00 1.963495408493620871e-03
2.054703427693734454e+02 1.008444547562668825e-01 7.853491356728400062e-05 0.000000000000000000e+00 1.963495408493620871e-03
2.056659320648678886e+02 9.607434633917197320e-02 9.769034469104588298e-05 0.000000000000000000e+00 1.963495408493620871e-03
2.060231076587687937e+02 9.360467064240407531e-02 6.937233728981001329e-05 0.000000000000000000e+00 1.963495408493620871e-03
2.062620480375279044e+02 9.836690799971634092e-02 8.425124123358177929e-05 0.000000000000000000e+00 1.963495408493620871e-03
2.065990033956058483e+02 1.061517242967302543e-01 9.058845289153474758e-05 0.000000000000000000e+00 1.963495408493620871e-03
2.067366706937039282e+02 1.079309770497164367e-01 4.940560792492419218e-05 0.000000000000000000e+00 1.963495408493620871e-03
2.069679088786242005e+02 1.104224065129398302e-01 8.851348468798714460e-05 0.000000000000000000e+00 1.963495408493620871e-03
2.071207217345868514e+02 1.116603838441311836e-01 2.116836832817186123e-05 0.000000000000000000e+00 1.963495408493620871e-03
2.073260231765641208e+02 1.133733545216941418e-01 1.392087848828431665e-04 0.000000000000000000e+00 1.963495408493620871e-03
2.074681903400276610e+02 1.147001777019501095e-01 -2.258754864007580647e-05 0.000000000000000000e+00 1.963495408493620871e-03
2.076753279415296163e+02 1.166919579776193594e-01 1.639215318065865928e-04 0.000000000000000000e+00 1.963495408493620871e-03
2.078271568309577333e+02 1.179522040703344793e-01 -3.535763246986076591e-05 0.000000000000000000e+00 1.963495408493620871e-03
2.080104324873256019e+02 1.191983318023772109e-01 1.843929138298543093e-04 0.000000000000000000e+00 1.963495408493620871e-03
2.081583469537244753e+02 1.203542599860889240e-01 -5.605642779107324265e-05 0.000000000000000000e+00 1.963495408493620871e-03
2.083569234051093702e+02 1.219379149179706662e-01 2.051213976270295589e-04 0.000000000000000000e+00 1.963495408493620871e-03
2.084693553639147012e+02 1.222747881669709047e-01 -5.796313532144484605e-05 0.000000000000000000e+00 1.963495408493620871e-03
2.086746272726869336e+02 1.231670177224317708e-01 1.749947561973259880e-04 0.000000000000000000e+00 1.963495408493620871e-03
2.088037727606798626e+02 1.237785182585584148e-01 -4.899914929976747797e-05 0.000000000000000000e+00 1.963495408493620871e-03
2.089839658543396013e+02 1.244892927452429798e-01 1.903516178686889999e-04 0.000000000000000000e+00 1.963495408493620871e-03
2.091235024831349563e+02 1.241590945155489206e-01 -7.763206204315955519e-05 0.000000000000000000e+00 1.963495408493620871e-03
2.092976960870034873e+02 1.236419115969795701e-01 1.531384086495661003e-04 0.000000000000000000e+00 1.963495408493620871e-03
2.094324067796543147e+02 1.234672371638863564e-01 -6.880032662555805368e-05 0.000000000000000000e+00 1.963495408493620871e-03
2.096242982158593975e+02 1.229783838132988832e-01 1.768480900188566926e-04 0.000000000000000000e+00 1.963495408493620871e-03
2.097541406283568790e+02 1.220914619145641172e-01 -1.083456997526182426e-04 0.000000000000000000e+00 1.963495408493620871e-03
2.099371307235342954e+02 1.207543334626478837e-01 1.946980469555325459e-04 0.000000000000000000e+00 1.963495408493620871e-03
2.100805266882268256e+02 1.194809202253411529e-01 -1.276875213272492726e-04 0.000000000000000000e+00 1.963495408493620871e-03
2.102690042386270761e+02 1.180777322847816890e-01 2.258985983710848160e-04 0.000000000000000000e+00 1.963495408493620871e-03
2.104087269807649534e+02 1.170206338607428787e-01 -1.460845105560256178e-04 0.000000000000000000e+00 1.963495408493620871e-03
2.105933070373757801e+02 1.152598860818577486e-01 2.728607961799146267e-04 0.000000000000000000e+00 1.963495408493620871e-03
2.107392200072720527e+02 1.134612647468450641e-01 -1.939398757433667003e-04 0.000000000000000000e+00 1.963495408493620871e-03
2.109229727213312060e+02 1.113811554374131568e-01 2.903499678785823154e-04 0.000000000000000000e+00 1.963495408493620871e-03
2.110642173395469854e+02 1.099482483649261572e-01 -1.896303054885751496e-04 0.000000000000000000e+00 1.963495408493620871e-03
2.112438146251779472e+02 1.078370633338207596e-01 2.610767790528967431e-04 0.000000000000000000e+00 1.963495408493620871e-03
2.113912636367252560e+02 1.056954865203304089e-01 -1.800973279675821223e-04 0.000000000000000000e+00 1.963495408493620871e-03
2.115700747725420570e+02 1.028170368519052691e-01 2.367876409452563638e-04 0.000000000000000000e+00 1.963495408493620871e-03
2.117079043177338065e+02 1.003653482931654572e-01 -1.696932303060282119e-04 0.000000000000000000e+00 1.963495408493620871e-03
2.118943642908995741e+02 9.712442979895320738e-02 2.236259035288962064e-04 0.000000000000000000e+00 1.963495408493620871e-03
2.120461970436956562e+02 9.462662635140187128e-02 -1.842632689171482007e-04 0.000000000000000000e+00 1.963495408493620871e-03
2.122179665194335314e+02 9.099364998092235313e-02 2.429745857308609168e-04 0.000000000000000000e+00 1.963495408493620871e-03
2.123877313999541911e+02 8.702560695590350059e-02 -2.116585499743744037e-04 0.000000000000000000e+00 1.963495408493620871e-03
2.125709038216190265e+02 8.305908593207872448e-02 2.724824895402903012e-04 0.000000000000000000e+00 1.963495408493620871e-03
2.127237164542583230e+02 7.997830879022455042e-02 -2.543557407239850241e-04 0.000000000000000000e+00 1.963495408493620871e-03
2.129289334005677574e+02 7.516404745916349661e-02 3.278259335049233314e-04 0.000000000000000000e+00 1.963495408493620871e-03
2.130936046406582989e+02 7.104122992943542880e-02 -2.874538017917960026e-04 0.000000000000000000e+00 1.963495408493620871e-03
2.133011942141003487e+02 6.649736637740791267e-02 3.567104000258639876e-04 0.000000000000000000e+00 1.963495408493620871e-03
2.134624494953298495e+02 6.290102715905951380e-02 -2.933202624502286677e-04 0.000000000000000000e+00 1.963495408493620871e-03
2.136781197702753445e+02 5.806042259193482796e-02 3.255486638058214480e-04 0.000000000000000000e+00 1.963495408493620871e-03
2.138576862783959882e+02 5.400991995431993209e-02 -2.604417298309225125e-04 0.000000000000000000e+00 1.963495408493620871e-03
2.140601841735251583e+02 4.985434004293752552e-02 3.088056628668555846e-04 0.000000000000000000e+00 1.963495408493620871e-03
2.142471938679780408e+02 4.623778701861148976e-02 -2.500154396193885516e-04 0.000000000000000000e+00 1.963495408493620871e-03
2.144630432076000943e+02 4.185466767864869791e-02 2.900077545624277892e-04 0.000000000000000000e+00 1.963495408493620871e-03
2.146481781203854098e+02 3.853589236091297526e-02 -2.474183716385910036e-04 0.000000000000000000e+00 1.963495408493620871e-03
2.148708460035451537e+02 3.477857983816153714e-02 2.752748903065036987e-04 0.000000000000000000e+00 1.963495408493620871e-03
2.150597255878611236e+02 3.182460329761689632e-02 -2.444299648408954930e-04 0.000000000000000000e+00 1.963495408493620871e-03
2.152944857717178593e+02 2.882155530564409207e-02 2.867161012985125035e-04 0.000000000000000000e+00 1.963495408493620871e-03
2.154928089090513197e+02 2.642029117920956238e-02 -2.789409407732113769e-04 0.000000000000000000e+00 1.963495408493620871e-03
2.157214223104167559e+02 2.398473953604308290e-02 3.413843808645814328e-04 0.000000000000000000e+00 1.963495408493620871e-03
2.159339272731206449e+02 2.261138089358487313e-02 -3.397451602174677318e-04 0.000000000000000000e+00 1.963495408493620871e-03
2.161601360413883128e+02 2.136922376734494075e-02 3.996400832507794685e-04 0.000000000000000000e+00 1.963495408493620871e-03
2.163633500082261776e+02 2.046990867330533009e-02 -3.572200805025371436e-04 0.000000000000000000e+00 1.963495408493620871e-03
2.166029484279700625e+02 1.980009098338456758e-02 4.052038026680294036e-04 0.000000000000000000e+00 1.963495408493620871e-03
2.167816385622764415e+02 1.947183630814440514e-02 -3.502647168228716556e-04 0.000000000000000000e+00 1.963495408493620871e-03
2.170032296963051976e+02 1.965589707307542275e-02 3.838160897600344061e-04 0.000000000000000000e+00 1.963495408493620871e-03
2.172001509476201875e+02 1.995709782740225091e-02 -3.216259929422600147e-04 0.000000000000000000e+00 1.963495408493620871e-03
2.173965041923681838e+02 1.985386913980773105e-02 3.765334893395082261e-04 0.000000000000000000e+00 1.963495408493620871e-03
2.175697971526450090e+02 1.984786671647314343e-02 -3.154384929271945837e-04 0.000000000000000000e+00 1.963495408493620871e-03
2.177627085729573366e+02 1.949781609515864253e-02 3.522589257267389048e-04 0.000000000000000000e+00 1.963495408493620871e-03
2.179309890789391488e+02 1.918848965298506487e-02 -3.149516153516523378e-04 0.000000000000000000e+00 1.963495408493620871e-03
2.181227168158065126e+02 1.872989199190916443e-02 3.639522526712330721e-04 0.000000000000000000e+00 1.963495408493620871e-03
2.182876099473964473e+02 1.811917672171530977e-02 -3.151455741375330539e-04 0.000000000000000000e+00 1.963495408493620871e-03
2.184771963126495393e+02 1.702190776076705284e-02 3.887973835721336615e-04 0.000000000000000000e+00 1.963495408493620871e-03
2.186419965670695262e+02 1.614467889086174807e-02 -3.666920901375816488e-04 0.000000000000000000e+00 1.963495408493620871e-03
2.188385169453320600e+02 1.534186955179650882e-02 4.410788516569463759e-04 0.000000000000000000e+00 1.963495408493620871e-03
2.190063718835217799e+02 1.431610210987611237e-02 -4.099681662222611910e-04 0.000000000000000000e+00 1.963495408493620871e-03
2.191985321685801011e+02 1.277112541492943232e-02 4.776333980861162485e-04 0.000000000000000000e+00 1.963495408493620871e-03
2.193675246326126285e+02 1.172874043702551265e-02 -4.112805600357178118e-04 0.000000000000000000e+00 1.963495408493620871e-03
2.195583791865408330e+02 9.987542698265919339e-03 4.817860595827545269e-04 0.000000000000000000e+00 1.963495408493620871e-03
2.197196500330239530e+02 8.074088638907687271e-03 -4.146619157541887673e-04 0.000000000000000000e+00 1.963495408493620871e-03
2.199019951250631379e+02 5.581205560771821880e-03 4.694495415544955134e-04 0.000000000000000000e+00 1.963495408493620871e-03
2.200533122591583322e+02 2.698427345725431126e-03 -3.986938127933647709e-04 0.000000000000000000e+00 1.963495408493620871e-03
2.202250136194207073e+02 -1.691322423747686557e-03 4.679617374831003323e-04 0.000000000000000000e+00 1.963495408493620871e-03
2.203693664691113554e+02 -6.188209692181159682e-03 -3.989398320719744827e-04 0.000000000000000000e+00 1.963495408493620871e-03
2.205371438209440100e+02 -1.284004092560520061e-02 4.677347941844195401e-04 0.000000000000000000e+00 1.963495408493620871e-03
2.206864311945997201e+02 -1.946484489169938992e-02 -4.108180215492986641e-04 0.000000000000000000e+00 1.963495408493620871e-03
2.208710020528784526e+02 -2.786625083418894921e-02 4.826814159425285708e-04 0.000000000000000000e+00 1.963495408493620871e-03
2.210353978450744137e+02 -3.525022933499884215e-02 -4.183051438901940855e-04 0.000000000000000000e+00 1.963495408493620871e-03
2.212449560648363445e+02 -4.451381269043455657e-02 5.052830747663001731e-04 0.000000000000000000e+00 1.963495408493620871e-03
2.214279484787445824e+02 -5.246000441048744023e-02 -4.335162269752061009e-04 0.000000000000000000e+00 1.963495408493620871e-03
2.216609574772362237e+02 -6.196092597380162270e-02 5.265440039763315174e-04 0.000000000000000000e+00 1.963495408493620871e-03
2.218762613172883675e+02 -6.985520849501253293e-02 -4.835887796336333332e-04 0.000000000000000000e+00 1.963495408493620871e-03
2.221279936087388194e+02 -7.837501519367023883e-02 5.845269849689305620e-04 0.000000000000000000e+00 1.963495408493620871e-03
2.223728261243454654e+02 -8.547281795531327941e-02 -5.186271561052994972e-04 0.000000000000000000e+00 1.963495408493620871e-03
2.226651808174327698e+02 -9.292214647399404948e-02 5.984527677562770332e-04 0.000000000000000000e+00 1.963495408493620871e-03
2.229433953098502741e+02 -9.818960606992843676e-02 -5.088868624531839085e-04 0.000000000000000000e+00 1.963495408493620871e-03
2.232692250892619654e+02 -1.009489330653641770e-01 5.754765144981116532e-04 0.000000000000000000e+00 1.963495408493620871e-03
2.235566713931158631e+02 -9.980322448894130005e-02 -5.005641870195013396e-04 0.000000000000000000e+00 1.963495408493620871e-03
2.238243904303168108e+02 -9.826791051401587151e-02 5.905100382234258717e-04 0.000000000000000000e+00 1.963495408493620871e-03
2.240535793582758401e+02 -9.959767234871652608e-02 -5.267127532520104972e-04 0.000000000000000000e+00 1.963495408493620871e-03
2.242986162545203115e+02 -1.044343461206604096e-01 6.034885324102673551e-04 0.000000000000000000e+00 1.963495408493620871e-03
2.244812029715652955e+02 -1.095180118789754464e-01 -5.478424726362678956e-04 0.000000000000000000e+00 1.963495408493620871e-03
2.247536731443377107e+02 -1.163454020493037699e-01 6.215143700353804694e-04 0.000000000000000000e+00 1.963495408493620871e-03
2.249756399256503698e+02 -1.204136623565273123e-01 -5.447346650148234340e-04 0.000000000000000000e+00 1.963495408493620871e-03
2.252242614691545839e+02 -1.233235494096859286e-01 6.244396933291895954e-04 0.000000000000000000e+00 1.963495408493620871e-03
2.254626410812741710e+02 -1.253347075110001763e-01 -5.399225043759633838e-04 0.000000000000000000e+00 1.963495408493620871e-03
2.257446979913730445e+02 -1.270487032436705688e-01 6.536158679017357994e-04 0.000000000000000000e+00 1.963495408493620871e-03
2.260067580777408693e+02 -1.268744324637429144e-01 -5.994939250427649231e-04 0.000000000000000000e+00 1.963495408493620871e-03
2.262726754017653548e+02 -1.248747916826190574e-01 6.920602262779363681e-04 0.000000000000000000e+00 1.963495408493620871e-03
2.264917416781970871e+02 -1.223958268450336118e-01 -6.310617159931471848e-04 0.000000000000000000e+00 1.963495408493620871e-03
2.267353446556660970e+02 -1.193999728954632522e-01 7.176379556971431957e-04 0.000000000000000000e+00 1.963495408493620871e-03
2.269886618106146727e+02 -1.163540108494051095e-01 -6.434672136283931844e-04 0.000000000000000000e+00 1.963495408493620871e-03
2.272398659550583773e+02 -1.138521612168713892e-01 6.990696029521471658e-04 0.000000000000000000e+00 1.963495408493620871e-03
2.274458818276608554e+02 -1.121396592892806576e-01 -6.315183193825947734e-04 0.000000000000000000e+00 1.963495408493620871e-03
2.276538999693506469e+02 -1.113624795122963862e-01 6.962110500649987700e-04 0.000000000000000000e+00 1.963495408493620871e-03
2.278416754191016480e+02 -1.119627198736690699e-01 -6.581881346115300195e-04 0.000000000000000000e+00 1.963495408493620871e-03
2.280395047294325082e+02 -1.150835875570624112e-01 7.115206188818452848e-04 0.000000000000000000e+00 1.963495408493620871e-03
2.282304318047760319e+02 -1.199785952915974618e-01 -6.912019372126267450e-04 0.000000000000000000e+00 1.963495408493620871e-03
2.284662904504780840e+02 -1.244468497647348015e-01 7.491457728777299119e-04 0.000000000000000000e+00 1.963495408493620871e-03
2.286934129159052702e+02 -1.260726924398164472e-01 -6.924472382105666211e-04 0.000000000000000000e+00 1.963495408493620871e-03
2.288907014721807798e+02 -1.264603421772221292e-01 7.664076862986376939e-04 0.000000000000000000e+00 1.963495408493620871e-03
2.290901971832971640e+02 -1.270013392487414627e-01 -6.650152029395038807e-04 0.000000000000000000e+00 1.963495408493620871e-03
2.293101971555217347e+02 -1.281683247725849684e-01 7.715728057575241706e-04 0.000000000000000000e+00 1.963495408493620871e-03
2.295301771534691682e+02 -1.275832639805401514e-01 -6.998494606231059562e-04 0.000000000000000000e+00 1.963495408493620871e-03
2.298051970920608937e+02 -1.237630667273265650e-01 8.003005780794780494e-04 0.000000000000000000e+00 1.963495408493620871e-03
2.299780502321259803e+02 -1.214894145237681300e-01 -7.561417209608026647e-04 0.000000000000000000e+00 1.963495408493620871e-03
2.301028346359325099e+02 -1.208659298614167543e-01 8.087491192904155361e-04 0.000000000000000000e+00 1.963495408493620871e-03
2.304128644816047995e+02 -1.170495428466387655e-01 -7.459292293288243697e-04 0.000000000000000000e+00 1.963495408493620871e-03
2.306532908752011792e+02 -1.153712327006893579e-01 7.611194875179504767e-04 0.000000000000000000e+00 1.963495408493620871e-03
2.308639521480391181e+02 -1.143720031473662024e-01 -7.525747388033213582e-04 0.000000000000000000e+00 1.963495408493620871e-03
2.309817704160698213e+02 -1.166790304366442377e-01 8.041896032698408418e-04 0.000000000000000000e+00 1.963495408493620871e-03
2.311452891997815016e+02 -1.212006749795669636e-01 -7.979336270001568913e-04 0.000000000000000000e+00 1.963495408493620871e-03
2.313148027171607737e+02 -1.357801331659924948e-01 8.389827907104125630e-04 0.000000000000000000e+00 1.963495408493620871e-03
2.316938238809172788e+02 -1.524807995416608830e-01 -8.290077533642577906e-04 0.000000000000000000e+00 1.963495408493620871e-03
2.319180212044243206e+02 -1.508241338047253688e-01 8.683764722246108906e-04 0.000000000000000000e+00 1.963495408493620871e-03
2.321580567093859599e+02 -1.454225529411221629e-01 -8.297204712944278998e-04 0.000000000000000000e+00 1.963495408493620871e-03
2.322763907989405254e+02 -1.433902643914704012e-01 8.771162855710937321e-04 0.000000000000000000e+00 1.963495408493620871e-03
2.326080200678662209e+02 -1.457961765296995060e-01 -7.771731051495437293e-04 0.000000000000000000e+00 1.963495408493620871e-03
2.337152786266312319e+02 -1.417094045802943791e-01 8.536150427625505046e-04 0.000000000000000000e+00 1.963495408493620871e-03
2.328198582292191361e+02 -1.580588071194998223e-01 -7.593608997408353781e-04 0.000000000000000000e+00 1.963495408493620871e-03
2.333022024164106369e+02 -1.569360509677196203e-01 8.610726847141276803e-04 0.000000000000000000e+00 1.963495408493620871e-03
2.339294596826746044e+02 -1.336243678345150898e-01 -8.003621772166278660e-04 0.000000000000000000e+00 1.963495408493620871e-03
2.330253878252677566e+02 -1.704927009755099476e-01 8.725034376470231726e-04 0.000000000000000000e+00 1.963495408493620871e-03
2.348848031667434384e+02 -1.319713770706563705e-01 -7.918285055997526661e-04 0.000000000000000000e+00 1.963495408493620871e-03
2.345086055255072779e+02 -1.231872154744354519e-01 8.949870171613754852e-04 0.000000000000000000e+00 1.963495408493620871e-03
2.339634024408713628e+02 -1.366384331403491803e-01 -9.007629864346698885e-04 0.000000000000000000e+00 1.963495408493620871e-03
2.350735271478776554e+02 -1.447808409576545885e-01 9.946663759271444014e-04 0.000000000000000000e+00 1.963495408493620871e-03
2.357151115295618240e+02 -1.487402180634573856e-01 -9.614535075044238193e-04 0.000000000000000000e+00 1.963495408493620871e-03
2.366460407258351495e+02 -1.266594237566240899e-01 1.000915983635472777e-03 0.000000000000000000e+00 1.963495408493620871e-03
2.380551149043695318e+02 -6.322672898405237718e-02 -9.673558610455215961e-04 0.000000000000000000e+00 1.963495408493620871e-03
2.351803471763419395e+02 -1.546839072585460551e-01 1.005716004232999616e-03 0.000000000000000000e+00 1.963495408493620871e-03
2.354887835191557883e+02 -1.547290366634935244e-01 -9.355047676967479485e-04 0.000000000000000000e+00 1.963495408493620871e-03
2.371261259406021509e+02 -9.758086860040306176e-02 1.002213381891160033e-03 0.000000000000000000e+00 1.963495408493620871e-03
2.359652093700357511e+02 -1.626890789893457867e-01 -8.391339909125758879e-04 0.000000000000000000e+00 1.963495408493620871e-03
2.367749224776744086e+02 -1.238652320910037102e-01 9.029506218643636260e-04 0.000000000000000000e+00 1.963495408493620871e-03
2.338736557890967731e+02 -1.495896745828310670e-01 -7.396479768025203405e-04 0.000000000000000000e+00 1.963495408493620871e-03
2.406639135370287192e+02 -6.287595221178696181e-02 9.204412982960626880e-04 0.000000000000000000e+00 1.963495408493620871e-03
2.411596799165940297e+02 -7.111569680643686775e-02 -7.116318276350322349e-04 0.000000000000000000e+00 1.963495408493620871e-03
2.381625536232174625e+02 -7.065649420346092890e-02 9.074674323669054254e-04 0.000000000000000000e+00 1.963495408493620871e-03
2.387063405531276885e+02 -5.049457178204068419e-02 -8.298343546512747075e-04 0.000000000000000000e+00 1.963495408493620871e-03
2.416776481813903956e+02 -1.067527331766555954e-01 1.114631244608103129e-03 0.000000000000000000e+00 1.963495408493620871e-03
2.392993785143442835e+02 -2.481297561720969408e-02 -1.043900955418989532e-03 0.000000000000000000e+00 1.963495408493620871e-03
2.414581329217967323e+02 -8.828617788964956969e-02 1.332962232951800247e-03 0.000000000000000000e+00 1.963495408493620871e-03
2.433567197910691959e+02 -7.308241820605047845e-02 -1.130261680275526258e-03 0.000000000000000000e+00 1.963495408493620871e-03
2.417379998413383930e+02 -1.122648490465091853e-01 1.348899875002713272e-03 0.000000000000000000e+00 1.963495408493620871e-03
2.390735574180885123e+02 -3.527168244052894530e-02 -1.148923032836235295e-03 0.000000000000000000e+00 1.963495408493620871e-03
2.423109010579394749e+02 -9.188594293000917901e-02 1.195277801536055208e-03 0.000000000000000000e+00 1.963495408493620871e-03
2.432695763068315102e+02 -8.360273501465079193e-02 -9.200569015070558972e-04 0.000000000000000000e+00 1.963495408493620871e-03
2.452226625529617650e+02 7.987147837951971696e-03 1.229198140863131845e-03 0.000000000000000000e+00 1.963495408493620871e-03
2.440778148128223677e+02 -4.453628043485262367e-02 -8.025086055020510135e-04 0.000000000000000000e+00 1.963495408493620871e-03
2.462809829204533969e+02 2.178304080980223573e-02 1.073251391156634753e-03 0.000000000000000000e+00 1.963495408493620871e-03
2.469280701412118901e+02 -5.582759869596792823e-02 -4.978635987778044390e-04 0.000000000000000000e+00 1.963495408493620871e-03
2.471533001915005627e+02 -6.020777621821081504e-02 9.861391123886168852e-04 0.000000000000000000e+00 1.963495408493620871e-03
2.442513410561676324e+02 -5.341092140291411883e-02 -5.711256337196878551e-04 0.000000000000000000e+00 1.963495408493620871e-03
2.466113886571341141e+02 -1.880533034259701877e-02 1.035071289166720988e-03 0.000000000000000000e+00 1.963495408493620871e-03
2.422712132179067623e+02 -1.047769188178365590e-01 -6.964460063140528838e-04 0.000000000000000000e+00 1.963495408493620871e-03
2.455407352745146454e+02 1.791778304465366234e-02 1.311330473469988784e-03 0.000000000000000000e+00 1.963495408493620871e-03
2.426965885556859064e+02 -1.228766728535497094e-01 -1.163051894142997505e-03 0.000000000000000000e+00 1.963495408493620871e-03
2.435459796584457024e+02 -8.756841491839165159e-02 1.620647699548384080e-03 0.000000000000000000e+00 1.963495408493620871e-03
2.414359384639851100e+02 -2.101575834952528199e-01 -1.360350232348641816e-03 0.000000000000000000e+00 1.963495408493620871e-03
2.476299318200222217e+02 -4.840718269733002704e-02 1.792111414939123954e-03 0.000000000000000000e+00 1.963495408493620871e-03
2.488163460343755560e+02 -1.047739708677803208e-02 -1.254235035375509191e-03 0.000000000000000000e+00 1.963495408493620871e-03
2.515432537511456985e+02 2.462016777344636781e-02 1.634145397241341426e-03 0.000000000000000000e+00 1.963495408493620871e-03
2.510143957681376889e+02 3.695152159823285321e-02 -8.307670074930112534e-04 0.000000000000000000e+00 1.963495408493620871e-03
2.477387750200528274e+02 -5.742871997805056028e-02 1.299860601442152713e-03 0.000000000000000000e+00 1.963495408493620871e-03
2.451462735756934421e+02 -1.371279824881137602e-02 -9.414290921148050703e-04 0.000000000000000000e+00 1.963495408493620871e-03
2.479248413181861963e+02 -6.361341510348891837e-02 1.235224267530771452e-03 0.000000000000000000e+00 1.963495408493620871e-03
2.481122578189711021e+02 -8.780825387688942496e-02 -4.240793572642373487e-04 0.000000000000000000e+00 1.963495408493620871e-03
2.584060000777724326e+02 1.022907859983683276e-01 1.189323890070117596e-03 0.000000000000000000e+00 1.963495408493620871e-03
2.487704045624572871e+02 -3.743415202629110650e-02 -3.918892826158685075e-04 0.000000000000000000e+00 1.963495408493620871e-03
2.419485265814898298e+02 -1.832626121114852014e-01 8.428957695516454702e-04 0.000000000000000000e+00 1.963495408493620871e-03
2.410846196421226182e+02 -1.603526775620415235e-01 -5.350846244899234386e-04 0.000000000000000000e+00 1.963495408493620871e-03
2.489307125696356309e+02 -2.799975296275106565e-03 1.240450081391146573e-03 0.000000000000000000e+00 1.963495408493620871e-03
2.502047718659859470e+02 1.226050653833969661e-02 -9.691936851329895422e-04 0.000000000000000000e+00 1.963495408493620871e-03
2.493440751618617526e+02 2.582061208906322874e-02 1.483751253122782016e-03 0.000000000000000000e+00 1.963495408493620871e-03
2.525144365127356423e+02 2.201985600076931254e-02 -1.150979355557903757e-03 0.000000000000000000e+00 1.963495408493620871e-03
2.521698013536340568e+02 1.820161463573999328e-02 1.876781740856531613e-03 0.000000000000000000e+00 1.963495408493620871e-03
2.552942722447013750e+02 1.057554460496367976e-01 -8.555280863359151274e-04 0.000000000000000000e+00 1.963495408493620871e-03
2.581551100153266134e+02 4.754593301528609040e-02 2.156290099561421984e-03 0.000000000000000000e+00 1.963495408493620871e-03
2.532464988920500844e+02 7.007054604371548701e-02 -1.219338627837647255e-03 0.000000000000000000e+00 1.963495408493620871e-03
2.468058740693122957e+02 -9.677955831160481304e-02 1.209599039532121287e-03 0.000000000000000000e+00 1.963495408493620871e-03
2.505865461251710258e+02 2.938105920123151860e-02 -9.427184086424763524e-04 0.000000000000000000e+00 1.963495408493620871e-03
2.392917045267087417e+02 -2.938839124377730719e-02 1.092882987368017089e-03 0.000000000000000000e+00 1.963495408493620871e-03
2.499318730769642229e+02 3.064701510889855651e-02 -4.817335564930225926e-04 0.000000000000000000e+00 1.963495408493620871e-03
2.484290532226901860e+02 -4.923689241669752109e-02 1.151598656398590851e-03 0.000000000000000000e+00 1.963495408493620871e-03
2.536575282686560229e+02 7.232746758347233240e-02 1.008024272828296031e-05 0.000000000000000000e+00 1.963495408493620871e-03
2.367374975074142469e+02 -1.660343452626806271e-01 7.972920092189058131e-04 0.000000000000000000e+00 1.963495408493620871e-03
2.568905351019094496e+02 -2.138350168273783769e-02 -2.649560856748804953e-04 0.000000000000000000e+00 1.963495408493620871e-03
2.555013306156791657e+02 9.642823424025154244e-02 1.239891447505882954e-03 0.000000000000000000e+00 1.963495408493620871e-03
2.519066553840584106e+02 -2.256067801624492275e-02 -6.764926098240993130e-04 0.000000000000000000e+00 1.963495408493620871e-03
2.576819634883318599e+02 1.729115994270970236e-02 1.840620148203658390e-03 0.000000000000000000e+00 1.963495408493620871e-03
2.549155507015816227e+02 8.215602211259248611e-02 -5.983386221487164590e-04 0.000000000000000000e+00 1.963495408493620871e-03
2.510877668684214541e+02 7.534925741436576674e-03 1.238133174928295792e-03 0.000000000000000000e+00 1.963495408493620871e-03
2.599511511414644929e+02 1.435466961916827267e-01 -4.532199879755949290e-04 0.000000000000000000e+00 1.963495408493620871e-03
2.580932195641694875e+02 1.588962161409709362e-01 1.184656849589246688e-03 0.000000000000000000e+00 1.963495408493620871e-03
2.643822536610741736e+02 1.069509568426778856e-01 -8.953821529459175550e-04 0.000000000000000000e+00 1.963495408493620871e-03
2.532290842550450236e+02 6.042673022031437580e-02 1.582905032058950666e-03 0.000000000000000000e+00 1.963495408493620871e-03
2.527973643921720281e+02 3.212463620884067894e-02 -6.883148561539210704e-04 0.000000000000000000e+00 1.963495408493620871e-03
2.517110554463515655e+02 2.389205433945468249e-02 1.051692304490482429e-03 0.000000000000000000e+00 1.963495408493620871e-03
2.604083163247857442e+02 1.602927555000281390e-01 -5.963939586922781992e-04 0.000000000000000000e+00 1.963495408493620871e-03
2.548333599800637330e+02 -1.155045692213159739e-02 1.402008379159903721e-03 0.000000000000000000e+00 1.963495408493620871e-03
2.564657243984036086e+02 7.761950455380767222e-02 1.339595047558241156e-04 0.000000000000000000e+00 1.963495408493620871e-03
2.632239649104893715e+02 1.213459407266863077e-01 7.633928357640084542e-04 0.000000000000000000e+00 1.963495408493620871e-03
2.715987892961574062e+02 2.264801729321740953e-01 3.155064593242323605e-04 0.000000000000000000e+00 1.963495408493620871e-03
2.584684534918110899e+02 4.196352353446443362e-02 8.828145770325896736e-04 0.000000000000000000e+00 1.963495408493620871e-03
2.569050427009188979e+02 4.300594845590202664e-02 -6.542256709559634556e-04 0.000000000000000000e+00 1.963495408493620871e-03
2.591795831968300377e+02 7.079290600548690526e-02 1.245833600978458631e-03 0.000000000000000000e+00 1.963495408493620871e-03
2.576471334135148368e+02 3.697834568277330244e-04 -4.258013941272181780e-04 0.000000000000000000e+00 1.963495408493620871e-03
2.452157712480918406e+02 -1.193335788569524145e-02 9.133803187409100625e-04 0.000000000000000000e+00 1.963495408493620871e-03
2.406369009765475084e+02 -9.760578551585361029e-02 -8.204273583359957336e-04 0.000000000000000000e+00 1.963495408493620871e-03
2.408083901012048216e+02 -2.047051781816897897e-01 9.583884022868800366e-05 0.000000000000000000e+00 1.963495408493620871e-03
2.608170722541698296e+02 1.036635709379101489e-01 2.549652487921772446e-04 0.000000000000000000e+00 1.963495408493620871e-03
2.562591577876293627e+02 -2.874852305503884653e-02 1.297681843415772951e-03 0.000000000000000000e+00 1.963495408493620871e-03
2.658281513153432911e+02 2.341909333453837672e-01 -2.942323703525120157e-04 0.000000000000000000e+00 1.963495408493620871e-03
2.612451088504436711e+02 1.118863586781021768e-01 1.392771610441543781e-03 0.000000000000000000e+00 1.963495408493620871e-03
2.623379939754530028e+02 1.526175683083475232e-01 -1.326101666536962011e-03 0.000000000000000000e+00 1.963495408493620871e-03
2.617852299742680202e+02 6.287367925289391590e-02 2.017310179503256466e-03 0.000000000000000000e+00 1.963495408493620871e-03
2.646065959568430799e+02 1.031096193840366493e-01 -7.114452331285050016e-04 0.000000000000000000e+00 1.963495408493620871e-03
2.699677098840183476e+02 2.342268630241008398e-01 1.000015313759859605e-03 0.000000000000000000e+00 1.963495408493620871e-03
2.805738655649973907e+02 7.724007320745283900e-02 5.345493862357703031e-04 0.000000000000000000e+00 1.963495408493620871e-03
2.665104960233856559e+02 1.907215393624139554e-01 1.048625126117510610e-03 0.000000000000000000e+00 1.963495408493620871e-03
2.645900070413526919e+02 1.053919974675869287e-01 -9.543620994378311463e-05 0.000000000000000000e+00 1.963495408493620871e-03
2.619802183574318519e+02 1.315046625355570931e-01 1.115073444194207954e-03 0.000000000000000000e+00 1.963495408493620871e-03
2.527987501365836920e+02 -4.825466705304328613e-02 2.801408626815324494e-04 0.000000000000000000e+00 1.963495408493620871e-03
2.516389746508160954e+02 1.099749539616596411e-02 9.921328298332797360e-04 0.000000000000000000e+00 1.963495408493620871e-03
2.563550261405706578e+02 1.092365876947005432e-01 -1.546422390671576674e-03 0.000000000000000000e+00 1.963495408493620871e-03
2.399771545776602863e+02 -4.074745079527085367e-02 -2.365021521634049569e-04 0.000000000000000000e+00 1.963495408493620871e-03
2.398889746926788575e+02 -1.528389719097881794e-01 9.438862002826143817e-06 0.000000000000000000e+00 1.963495408493620871e-03
2.569139225086756255e+02 1.137808192642935645e-01 -1.421781157604119208e-03 0.000000000000000000e+00 1.963495408493620871e-03
2.519694815085227617e+02 -6.162709630138100275e-02 1.354619551709662704e-04 0.000000000000000000e+00 1.963495408493620871e-03
2.639532489367668973e+02 1.583441318343991600e-01 1.350441113333862011e-03 0.000000000000000000e+00 1.963495408493620871e-03
2.599524105538587264e+02 7.440560178810046166e-02 -1.409888918621740074e-03 0.000000000000000000e+00 1.963495408493620871e-03
2.725826591592550585e+02 2.037484010624248387e-01 1.622513633132074669e-03 0.000000000000000000e+00 1.963495408493620871e-03
2.761065123050737498e+02 2.434047647478458920e-01 -4.827558896973902728e-04 0.000000000000000000e+00 1.963495408493620871e-03
2.736272242918140023e+02 1.732907894285915240e-01 9.809286901105861330e-04 0.000000000000000000e+00 1.963495408493620871e-03
2.714794701382038511e+02 5.554206424301283418e-02 4.677727886380223790e-05 0.000000000000000000e+00 1.963495408493620871e-03
2.617138472851721076e+02 1.066842743961433360e-01 5.277450198185736855e-04 0.000000000000000000e+00 1.963495408493620871e-03
2.601438109764697515e+02 4.477404520096107954e-02 -3.966903709336418735e-04 0.000000000000000000e+00 1.963495408493620871e-03
2.628895059978808604e+02 7.910272428433400005e-02 8.017463064091210484e-04 0.000000000000000000e+00 1.963495408493620871e-03
2.639669682084463602e+02 1.193826330466325192e-01 3.002567183010481375e-04 0.000000000000000000e+00 1.963495408493620871e-03
2.550831279464385375e+02 3.677083820196350161e-02 9.690690805701511652e-04 0.000000000000000000e+00 1.963495408493620871e-03
2.440797831593635578e+02 -7.134241188537211731e-02 -8.607827290812632842e-04 0.000000000000000000e+00 1.963495408493620871e-03
2.360260207981889948e+02 -1.981782585847851608e-01 -2.700266717249038585e-03 0.000000000000000000e+00 1.963495408493620871e-03
2.367974732432890050e+02 -1.349919208923997527e-01 4.108444960106236860e-03 0.000000000000000000e+00 1.963495408493620871e-03
2.419577971555755767e+02 -1.946936659493873067e-01 -4.141355159854627141e-03 0.000000000000000000e+00 1.963495408493620871e-03
2.582809438874132866e+02 2.578503808300592476e-02 1.931004293749035566e-03 0.000000000000000000e+00 1.963495408493620871e-03
2.622210762350306936e+02 1.218360963731735525e-01 -4.242492833449212257e-04 0.000000000000000000e+00 1.963495408493620871e-03
2.665865931559713431e+02 1.669236409116754138e-01 -6.446405386813020737e-04 0.000000000000000000e+00 1.963495408493620871e-03
2.723270864954870945e+02 2.353016711887857271e-01 6.431978202003347080e-04 0.000000000000000000e+00 1.963495408493620871e-03
2.717659065273454075e+02 6.913758153178330146e-02 -2.666363848718812180e-04 0.000000000000000000e+00 1.963495408493620871e-03
2.721472916567008724e+02 1.516193914397954146e-01 7.465612133712043550e-04 0.000000000000000000e+00 1.963495408493620871e-03
2.691573055134197148e+02 9.216885777885305830e-02 -1.127778729795258800e-03 0.000000000000000000e+00 1.963495408493620871e-03
2.709746537224291956e+02 1.637525180564589622e-01 6.759813278955132364e-04 0.000000000000000000e+00 1.963495408493620871e-03
2.694024919658280055e+02 1.708605403246995225e-01 -1.174193604406888712e-03 0.000000000000000000e+00 1.963495408493620871e-03
2.690918607999346364e+02 1.783563411425734824e-01 1.474576923934118244e-03 0.000000000000000000e+00 1.963495408493620871e-03
2.489182998727532947e+02 -1.025969468658488315e-01 -1.549638009678698265e-03 0.000000000000000000e+00 1.963495408493620871e-03
2.523183565632055547e+02 -2.675650767594162788e-02 2.321561079233255137e-03 0.000000000000000000e+00 1.963495408493620871e-03
2.568701728413598175e+02 8.057830939710658447e-02 4.163416557369007363e-04 0.000000000000000000e+00 1.963495408493620871e-03
2.363873651548991006e+02 -1.948656245990317559e-01 -3.325229063359046167e-03 0.000000000000000000e+00 1.963495408493620871e-03
2.384293038124807538e+02 -8.720778398250714214e-02 6.859195461405176442e-03 0.000000000000000000e+00 1.963495408493620871e-03
2.613904368823975233e+02 1.855689965651599327e-01 -4.911840264778541756e-03 0.000000000000000000e+00 1.963495408493620871e-03
2.679764465766296553e+02 1.398766126447602565e-01 3.691490281244519389e-03 0.000000000000000000e+00 1.963495408493620871e-03
2.684100098208699592e+02 1.292468853122560879e-01 -1.511048239626625912e-03 0.000000000000000000e+00 1.963495408493620871e-03
2.664754251149217907e+02 1.579625520817768136e-01 -4.415051540485415236e-04 0.000000000000000000e+00 1.963495408493620871e-03
2.631027845817788489e+02 3.525606739351646451e-04 8.961743773110218518e-04 0.000000000000000000e+00 1.963495408493620871e-03
2.795273678038168441e+02 1.678047828957043852e-02 1.350913843619906720e-05 0.000000000000000000e+00 1.963495408493620871e-03
2.742562011880572754e+02 1.548869106695154041e-01 2.895408699785398604e-04 0.000000000000000000e+00 1.963495408493620871e-03
2.767450594750274604e+02 2.045347133447721344e-01 -1.658247543989763238e-03 0.000000000000000000e+00 1.963495408493620871e-03
2.652271167628217086e+02 4.774482648090273840e-02 5.021040551102242885e-04 0.000000000000000000e+00 1.963495408493620871e-03
2.643161384053796041e+02 -6.271286517079019407e-03 -3.049226278807023842e-03 0.000000000000000000e+00 1.963495408493620871e-03
2.655939827149737198e+02 1.613337558595459020e-01 1.094801082233490480e-03 0.000000000000000000e+00 1.963495408493620871e-03
2.491863076385343163e+02 -6.229480123396697461e-02 -3.020537143240401966e-03 0.000000000000000000e+00 1.963495408493620871e-03
2.447153225308850892e+02 -1.207029384486030810e-01 2.149752777033262820e-03 0.000000000000000000e+00 1.963495408493620871e-03
2.433468444052680013e+02 -1.494028316444364068e-01 -3.401860067292748237e-03 0.000000000000000000e+00 1.963495408493620871e-03
2.377285658519632534e+02 -2.089793184273376347e-01 1.671799905123298215e-03 0.000000000000000000e+00 1.963495408493620871e-03
2.574922225680952579e+02 6.996709341240694990e-02 1.873205104860342380e-03 0.000000000000000000e+00 1.963495408493620871e-03
2.512277638422293080e+02 -1.738726535650838290e-01 -2.956823485183627566e-03 0.000000000000000000e+00 1.963495408493620871e-03
2.668640506825724401e+02 1.627637688269532035e-01 4.500995498573869512e-03 0.000000000000000000e+00 1.963495408493620871e-03
2.704701255327454419e+02 2.045346411835992084e-01 -4.417051339353827120e-03 0.000000000000000000e+00 1.963495408493620871e-03
2.655604637207828773e+02 4.286370362861023631e-02 7.519743236958690256e-04 0.000000000000000000e+00 1.963495408493620871e-03
2.798507864616402117e+02 -1.664942723138268521e-02 1.443688044936665329e-03 0.000000000000000000e+00 1.963495408493620871e-03
2.800719931929598374e+02 -2.327757915875730554e-02 6.149496393564057601e-04 0.000000000000000000e+00 1.963495408493620871e-03
2.594228024081144213e+02 -6.306684308760593383e-02 -7.228482488812418977e-04 0.000000000000000000e+00 1.963495408493620871e-03
2.691565699695166813e+02 5.470835545561969493e-02 -1.934156764012502378e-03 0.000000000000000000e+00 1.963495408493620871e-03
2.751104917807631409e+02 1.844986523396744960e-01 1.073200544231856478e-03 0.000000000000000000e+00 1.963495408493620871e-03
2.633143667959157028e+02 4.318844060962304110e-02 -3.555099085685000694e-03 0.000000000000000000e+00 1.963495408493620871e-03
2.611977817468446688e+02 1.097674444476369124e-02 -2.665475533974691878e-04 0.000000000000000000e+00 1.963495408493620871e-03
2.611424832874492381e+02 4.323647487303591830e-02 -3.119436335476615842e-03 0.000000000000000000e+00 1.963495408493620871e-03
2.687014478514380471e+02 1.367004143726326393e-01 9.810377725057773703e-04 0.000000000000000000e+00 1.963495408493620871e-03
2.473980763715479441e+02 -1.440928396643245957e-01 -5.142077118886436392e-03 0.000000000000000000e+00 1.963495408493620871e-03
2.437991275987582185e+02 -1.004852692488929777e-01 4.458481681603377288e-03 0.000000000000000000e+00 1.963495408493620871e-03
2.532754197689159241e+02 8.986291886752439256e-03 -2.888455889169700818e-03 0.000000000000000000e+00 1.963495408493620871e-03
2.649858584878896295e+02 7.659844216731993838e-02 -2.703703578675476903e-04 0.000000000000000000e+00 1.963495408493620871e-03
2.637992543651184292e+02 2.124248698781541073e-02 4.269627803268657984e-03 0.000000000000000000e+00 1.963495408493620871e-03
2.744008248890829691e+02 1.359641943494442340e-01 -6.711243017744932676e-03 0.000000000000000000e+00 1.963495408493620871e-03
2.758644759992627087e+02 1.126365044897563866e-01 5.483457954306117810e-04 0.000000000000000000e+00 1.963495408493620871e-03
2.667500419696712584e+02 7.919842940258189912e-02 -1.363104378682932470e-04 0.000000000000000000e+00 1.963495408493620871e-03
2.691743762804406401e+02 8.518949638806447289e-02 7.177279323072010934e-04 0.000000000000000000e+00 1.963495408493620871e-03
2.719607617133600002e+02 5.275992578476872141e-02 6.638930143286360505e-05 0.000000000000000000e+00 1.963495408493620871e-03
2.775978206732594913e+02 1.941315345803980574e-01 -1.650126187985887730e-03 0.000000000000000000e+00 1.963495408493620871e-03
2.811005419943047627e+02 9.131983865768075054e-03 1.891000510029953053e-03 0.000000000000000000e+00 1.963495408493620871e-03
2.650670884829100942e+02 1.212809721590313583e-01 -1.690414964579818255e-03 0.000000000000000000e+00 1.963495408493620871e-03
2.584530971252659697e+02 5.882002802772064859e-04 1.013475900164625032e-04 0.000000000000000000e+00 1.963495408493620871e-03
2.587737922884375052e+02 3.819265100698843174e-02 7.772709292080898572e-04 0.000000000000000000e+00 1.963495408493620871e-03
2.482359219680011506e+02 -9.362173861122104201e-02 -3.107421148463786805e-03 0.000000000000000000e+00 1.963495408493620871e-03
2.512382367444246256e+02 -1.300193088067387315e-01 -2.252974383726695853e-03 0.000000000000000000e+00 1.963495408493620871e-03
2.517394269770683763e+02 -1.025910240116780225e-01 -4.906928964906378393e-03 0.000000000000000000e+00 1.963495408493620871e-03
2.522666436856505072e+02 -9.619920604939941056e-02 -2.420065301929636564e-03 0.000000000000000000e+00 1.963495408493620871e-03
2.734884287742566471e+02 1.138674640411567462e-01 6.824571383360323283e-04 0.000000000000000000e+00 1.963495408493620871e-03
2.711732887389703706e+02 7.799146464529288503e-02 1.898391082807108967e-03 0.000000000000000000e+00 1.963495408493620871e-03
2.753020574240225642e+02 1.197592349553443791e-01 -6.303812997949484118e-03 0.000000000000000000e+00 1.963495408493620871e-03
2.749003127307789782e+02 1.148556285293105828e-01 8.524619175015552496e-05 0.000000000000000000e+00 1.963495408493620871e-03
2.779638356379747961e+02 1.635232932273806561e-01 -2.985512729686960222e-04 0.000000000000000000e+00 1.963495408493620871e-03
2.721410895937679584e+02 1.404441680922946523e-01 1.814434399840709339e-03 0.000000000000000000e+00 1.963495408493620871e-03
2.724924582920010039e+02 9.671399939430264103e-02 -3.687910805472555380e-04 0.000000000000000000e+00 1.963495408493620871e-03
2.707475657100130206e+02 1.493394909422057770e-01 -2.233085037519105549e-03 0.000000000000000000e+00 1.963495408493620871e-03
2.788466256584761140e+02 1.592299693487439494e-01 1.817489689240531225e-03 0.000000000000000000e+00 1.963495408493620871e-03
2.594827972692959293e+02 -8.909489907193200373e-03 -1.523195939128480468e-03 0.000000000000000000e+00 1.963495408493620871e-03
2.482364455937477032e+02 -1.518460578489310708e-01 -1.500032608082337840e-03 0.000000000000000000e+00 1.963495408493620871e-03
2.529077809730679292e+02 -8.161955381792325437e-02 2.180863394512024944e-03 0.000000000000000000e+00 1.963495408493620871e-03
2.654560141076346440e+02 6.592121612954598975e-02 -2.763830547662345701e-03 0.000000000000000000e+00 1.963495408493620871e-03
2.643601161835042035e+02 -1.443355604992985902e-02 7.795111960724545892e-04 0.000000000000000000e+00 1.963495408493620871e-03
2.713932337936220165e+02 9.702106523971767982e-02 -4.428847225822376069e-03 0.000000000000000000e+00 1.963495408493620871e-03
2.724374168227361679e+02 1.766996551570900742e-01 -5.029489938892787136e-03 0.000000000000000000e+00 1.963495408493620871e-03
2.617471139558153368e+02 4.906490718812170360e-02 1.237824879573359675e-03 0.000000000000000000e+00 1.963495408493620871e-03
2.536663860204130856e+02 -6.779741862476965086e-02 7.512397272964083279e-04 0.000000000000000000e+00 1.963495408493620871e-03
2.809282344143717864e+02 -2.977422630873859111e-02 -4.713881458892419350e-03 0.000000000000000000e+00 1.963495408493620871e-03
2.783959141028473141e+02 1.169597543166194242e-01 -9.133764704180461283e-04 0.000000000000000000e+00 1.963495408493620871e-03
3.006041606367592749e+02 1.109745550211594656e-01 -1.050253540313273197e-03 0.000000000000000000e+00 1.963495408493620871e-03
2.759102626046613977e+02 -1.008802225676285746e-01 1.955441460000656960e-03 0.000000000000000000e+00 1.963495408493620871e-03
2.694955537622392399e+02 1.552173928374706857e-01 -1.295908064773173716e-03 0.000000000000000000e+00 1.963495408493620871e-03
2.615191812987608841e+02 1.340970460715768670e-02 -1.880237245140718803e-03 0.000000000000000000e+00 1.963495408493620871e-03
2.674527858652802479e+02 8.235222796888286290e-02 2.379576684785711643e-03 0.000000000000000000e+00 1.963495408493620871e-03
2.660928645517518589e+02 6.161167975136205149e-02 -2.223261901888058840e-03 0.000000000000000000e+00 1.963495408493620871e-03
2.683724580213828972e+02 9.024637029772383801e-02 -2.728495819229273013e-03 0.000000000000000000e+00 1.963495408493620871e-03
2.752566900301816872e+02 1.816776943961500856e-01 1.640555384197653430e-03 0.000000000000000000e+00 1.963495408493620871e-03
2.672872703347147194e+02 4.168363372074536388e-02 -5.347120219790323222e-04 0.000000000000000000e+00 1.963495408493620871e-03
2.679226552909656789e+02 2.793133096277308769e-02 -5.690910843120277132e-04 0.000000000000000000e+00 1.963495408493620871e-03
2.697316991607782484e+02 9.387201247967620621e-02 -2.453544540848981372e-04 0.000000000000000000e+00 1.963495408493620871e-03
2.703921680959734886e+02 -2.065843056218588658e-02 -6.515357122306807526e-04 0.000000000000000000e+00 1.963495408493620871e-03
2.792462538589261953e+02 -1.476831495979466502e-02 5.133735104903480381e-03 0.000000000000000000e+00 1.963495408493620871e-03
2.729785789518304568e+02 1.123396538297709996e-01 4.433823639409075965e-03 0.000000000000000000e+00 1.963495408493620871e-03
2.812628667192488479e+02 -7.943273740753936663e-02 -4.124169128377806227e-03 0.000000000000000000e+00 1.963495408493620871e-03
2.762954420244909102e+02 1.617537850093084539e-01 -7.145224242053061772e-04 0.000000000000000000e+00 1.963495408493620871e-03
2.810553565642529747e+02 -7.667950372109470780e-02 -1.774975546528867118e-03 0.000000000000000000e+00 1.963495408493620871e-03
2.870545048603768237e+02 3.660385427360379751e-02 2.909922276999936993e-03 0.000000000000000000e+00 1.963495408493620871e-03
2.818451909858485465e+02 -1.020413068647351151e-01 -2.515775887707789697e-03 0.000000000000000000e+00 1.963495408493620871e-03
2.788992071961091028e+02 1.011082863776057161e-01 6.506296473194870828e-04 0.000000000000000000e+00 1.963495408493620871e-03
2.785264447060328621e+02 9.256639386289669535e-02 1.729489794653105324e-03 0.000000000000000000e+00 1.963495408493620871e-03
2.753438031335288088e+02 1.065834986450722860e-01 -2.292410785428591457e-03 0.000000000000000000e+00 1.963495408493620871e-03
2.756739916859295363e+02 1.274747221874226177e-01 1.812155399136773735e-03 0.000000000000000000e+00 1.963495408493620871e-03
2.788600127923738228e+02 1.142599724344052665e-02 -3.477862376598014026e-03 0.000000000000000000e+00 1.963495408493620871e-03
2.844761261593488939e+02 -4.445031466142473908e-02 2.115028390002824440e-03 0.000000000000000000e+00 1.963495408493620871e-03
2.814359600181340966e+02 -9.657644027234402184e-02 -3.298124879313942340e-03 0.000000000000000000e+00 1.963495408493620871e-03
2.796352756388321268e+02 -3.325273795477205752e-02 2.491992641997319621e-03 0.000000000000000000e+00 1.963495408493620871e-03
2.735476560035212970e+02 7.905381609449128877e-02 1.156612840914539829e-03 0.000000000000000000e+00 1.963495408493620871e-03
2.758071907522444235e+02 5.537111209941936174e-02 2.165245013058302807e-03 0.000000000000000000e+00 1.963495408493620871e-03
2.770268969507341126e+02 1.641900654476681487e-01 1.568866133459976067e-03 0.000000000000000000e+00 1.963495408493620871e-03
2.769573726469531607e+02 1.602776297776398184e-01 -1.339705424688518789e-03 0.000000000000000000e+00 1.963495408493620871e-03
2.787921946667028692e+02 8.873954793803959240e-02 1.000841022161716182e-03 0.000000000000000000e+00 1.963495408493620871e-03
2.679488854715533535e+02 -1.485171118755186925e-01 -7.468981502505627141e-04 0.000000000000000000e+00 1.963495408493620871e-03
2.694454446080184198e+02 7.423142495181493661e-02 -1.404301368307468187e-05 0.000000000000000000e+00 1.963495408493620871e-03
2.638446243416480570e+02 -1.595460763735752630e-01 2.442275164753831499e-03 0.000000000000000000e+00 1.963495408493620871e-03
2.782126897394611547e+02 -2.250009942759797488e-01 -3.254083247984779909e-03 0.000000000000000000e+00 1.963495408493620871e-03
2.800140502096174373e+02 -1.550169474901356981e-02 1.049410277030059235e-03 0.000000000000000000e+00 1.963495408493620871e-03
2.732857505055353045e+02 9.691033484062172576e-02 2.145330856646330674e-03 0.000000000000000000e+00 1.963495408493620871e-03
2.726503841553709435e+02 8.039713741043837125e-02 1.809953668369162962e-03 0.000000000000000000e+00 1.963495408493620871e-03
2.554358122798290367e+02 -1.277453561718747410e-01 -1.934336103245459532e-03 0.000000000000000000e+00 1.963495408493620871e-03
2.433226230224358346e+02 -2.469561206140051535e-01 3.999369657159895309e-04 0.000000000000000000e+00 1.963495408493620871e-03
2.645241587238395482e+02 -9.193315841853458292e-02 -3.109219036229903714e-04 0.000000000000000000e+00 1.963495408493620871e-03
