# q:-1.000000e+00, m:1.000000e+00, N:480 - x,px,py,pz,w
1.887599370450697620e+02 2.153817883455666840e-03 1.086325007996767067e-01 0.000000000000000000e+00 1.963495408493620871e-03
1.888863091441936319e+02 4.295660123573574740e-03 1.304442919847332294e-01 0.000000000000000000e+00 1.963495408493620871e-03
1.891428239267477238e+02 9.333287521801621883e-03 1.672406321925979933e-01 0.000000000000000000e+00 1.963495408493620871e-03
1.892708851375359416e+02 1.169313741529087389e-02 1.812266859614078129e-01 0.000000000000000000e+00 1.963495408493620871e-03
1.895293306657443679e+02 1.536103930130401987e-02 1.997186720995896558e-01 0.000000000000000000e+00 1.963495408493620871e-03
1.896575788582957784e+02 1.622558270289866517e-02 2.038830006626174418e-01 0.000000000000000000e+00 1.963495408493620871e-03
1.899158922695572471e+02 1.605859437659791500e-02 2.020223810227805006e-01 0.000000000000000000e+00 1.963495408493620871e-03
1.900445046109154532e+02 1.496453009024754227e-02 1.962367472058604012e-01 0.000000000000000000e+00 1.963495408493620871e-03
1.903041781118497511e+02 1.135239854417235961e-02 1.752187318332584232e-01 0.000000000000000000e+00 1.963495408493620871e-03
1.904336907518751048e+02 8.989314515561600341e-03 1.606593806349199960e-01 0.000000000000000000e+00 1.963495408493620871e-03
1.906952481933795980e+02 4.086988645312318938e-03 1.240885489475762049e-01 0.000000000000000000e+00 1.963495408493620871e-03
1.908256576388221504e+02 1.776052908708523545e-03 1.031027408877941975e-01 0.000000000000000000e+00 1.963495408493620871e-03
1.910885668339363690e+02 -1.677192355067815520e-03 5.679911180865492709e-02 0.000000000000000000e+00 1.963495408493620871e-03
1.912193884161745245e+02 -2.718131616324956281e-03 3.272004853212381881e-02 0.000000000000000000e+00 1.963495408493620871e-03
1.914824046881025481e+02 -2.965636854407788237e-03 -1.595812321050964211e-02 0.000000000000000000e+00 1.963495408493620871e-03
1.916129805288398416e+02 -2.325844389801768643e-03 -3.932354924215905601e-02 0.000000000000000000e+00 1.963495408493620871e-03
1.918749327309104160e+02 4.180000062368469452e-04 -8.282267440708754314e-02 0.000000000000000000e+00 1.963495408493620871e-03
1.920048370500527710e+02 2.151722215061779159e-03 -1.019579799955383226e-01 0.000000000000000000e+00 1.963495408493620871e-03
1.922653019349181989e+02 6.001240583049309921e-03 -1.340388863249162843e-01 0.000000000000000000e+00 1.963495408493620871e-03
1.923945547028615692e+02 7.693984662923047252e-03 -1.463658353439832860e-01 0.000000000000000000e+00 1.963495408493620871e-03
1.926539891301772798e+02 1.037255750414041097e-02 -1.630581131151437879e-01 0.000000000000000000e+00 1.963495408493620871e-03
1.927829820229551956e+02 1.104617807549375386e-02 -1.672150916972861279e-01 0.000000000000000000e+00 1.963495408493620871e-03
1.930423604067121346e+02 1.117332065833273255e-02 -1.670368846331465318e-01 0.000000000000000000e+00 1.963495408493620871e-03
1.931716058655245263e+02 1.050336557502781591e-02 -1.628665493739404613e-01 0.000000000000000000e+00 1.963495408493620871e-03
1.934318589021686989e+02 8.202476100097184225e-03 -1.466674233266989646e-01 0.000000000000000000e+00 1.963495408493620871e-03
1.935617137239514420e+02 6.612863076214607616e-03 -1.351190692233790180e-01 0.000000000000000000e+00 1.963495408493620871e-03
1.938232438480360713e+02 3.302789393652638249e-03 -1.058639782142630492e-01 0.000000000000000000e+00 1.963495408493620871e-03
1.939537281384129983e+02 1.683892115478681723e-03 -8.888308083421339600e-02 0.000000000000000000e+00 1.963495408493620871e-03
1.942162176695510141e+02 -7.672968673666930028e-04 -5.135057612122644055e-02 0.000000000000000000e+00 1.963495408493620871e-03
1.943470197980156513e+02 -1.571961077701573232e-03 -3.166614141235696289e-02 0.000000000000000000e+00 1.963495408493620871e-03
1.946096507192806939e+02 -1.916142451823885399e-03 8.173638811568934015e-03 0.000000000000000000e+00 1.963495408493620871e-03
1.947403277162598840e+02 -1.587844030124477713e-03 2.746832138368322795e-02 0.000000000000000000e+00 1.963495408493620871e-03
1.950022945572878825e+02 1.247506804898032562e-04 6.348204324840259205e-02 0.000000000000000000e+00 1.963495408493620871e-03
1.951325405557213060e+02 1.235683470639166101e-03 7.949973203330212845e-02 0.000000000000000000e+00 1.963495408493620871e-03
1.953935108771111402e+02 3.805023910423900591e-03 1.065173501345192120e-01 0.000000000000000000e+00 1.963495408493620871e-03
1.955233134442436267e+02 4.950787792330732170e-03 1.170767555065317933e-01 0.000000000000000000e+00 1.963495408493620871e-03
1.957835522869799831e+02 6.839645544921149102e-03 1.316772969604507737e-01 0.000000000000000000e+00 1.963495408493620871e-03
1.959131603734709870e+02 7.340558761190772372e-03 1.355671837251662404e-01 0.000000000000000000e+00 1.963495408493620871e-03
1.961733108540305466e+02 7.557578508045358079e-03 1.363644400099696952e-01 0.000000000000000000e+00 1.963495408493620871e-03
1.963030701998267489e+02 7.159084451108302209e-03 1.333884224589463319e-01 0.000000000000000000e+00 1.963495408493620871e-03
1.965637711111620831e+02 5.720277768780517719e-03 1.209841634898729257e-01 0.000000000000000000e+00 1.963495408493620871e-03
1.966939314442678892e+02 4.679765303350832961e-03 1.118979936278203940e-01 0.000000000000000000e+00 1.963495408493620871e-03
1.969554773889646810e+02 2.497186995129633408e-03 8.869285556191577879e-02 0.000000000000000000e+00 1.963495408493620871e-03
1.970860650719996556e+02 1.400125110753328711e-03 7.508623271127401466e-02 0.000000000000000000e+00 1.963495408493620871e-03
1.973482705407359958e+02 -2.844995068006009580e-04 4.496028623801540808e-02 0.000000000000000000e+00 1.963495408493620871e-03
1.974790890721450580e+02 -8.697488542099909847e-04 2.904711277022543892e-02 0.000000000000000000e+00 1.963495408493620871e-03
1.977414276228357721e+02 -1.198910949871499895e-03 -3.190455139743253454e-03 0.000000000000000000e+00 1.963495408493620871e-03
1.978721860692378129e+02 -1.039527294162241166e-03 -1.891565213346502183e-02 0.000000000000000000e+00 1.963495408493620871e-03
1.981341198824181049e+02 4.776818392654598455e-06 -4.832597590583956326e-02 0.000000000000000000e+00 1.963495408493620871e-03
1.982646073060379308e+02 7.028070221671632416e-04 -6.152052951955286342e-02 0.000000000000000000e+00 1.963495408493620871e-03
1.985258926978480361e+02 2.370695465912692028e-03 -8.388418024381882887e-02 0.000000000000000000e+00 1.963495408493620871e-03
1.986560867790300335e+02 3.125945093558259863e-03 -9.274191669627936119e-02 0.000000000000000000e+00 1.963495408493620871e-03
1.989168734300478150e+02 4.408164281467365914e-03 -1.051895184606486122e-01 0.000000000000000000e+00 1.963495408493620871e-03
1.990469286986676423e+02 4.764111452501830837e-03 -1.086715024921187517e-01 0.000000000000000000e+00 1.963495408493620871e-03
1.993076296638992062e+02 4.977631809367293395e-03 -1.099715431393877840e-01 0.000000000000000000e+00 1.963495408493620871e-03
1.994377726555402717e+02 4.747493547835296424e-03 -1.078740157672073985e-01 0.000000000000000000e+00 1.963495408493620871e-03
1.996988128179744137e+02 3.864857755181085389e-03 -9.844606058253915770e-02 0.000000000000000000e+00 1.963495408493620871e-03
1.998292125745921908e+02 3.201151985974030455e-03 -9.136226464439138606e-02 0.000000000000000000e+00 1.963495408493620871e-03
2.000907986050551415e+02 1.795037167876135063e-03 -7.312216325181022936e-02 0.000000000000000000e+00 1.963495408493620871e-03
2.002214798748552198e+02 1.073425966605559296e-03 -6.233234202731208207e-02 0.000000000000000000e+00 1.963495408493620871e-03
2.004835062873214611e+02 -5.106321252007560256e-05 -3.839352043477935877e-02 0.000000000000000000e+00 1.963495408493620871e-03
2.006143477747961299e+02 -4.575985749958803687e-04 -2.567441252396523640e-02 0.000000000000000000e+00 1.963495408493620871e-03
2.008764829171255712e+02 -7.286262262373602392e-04 1.224662147987290450e-04 0.000000000000000000e+00 1.963495408493620871e-03
2.010072980903372581e+02 -6.575485014008292627e-04 1.277701244719583323e-02 0.000000000000000000e+00 1.963495408493620871e-03
2.012691923469865571e+02 -3.555507948239120322e-05 3.648963530731995364e-02 0.000000000000000000e+00 1.963495408493620871e-03
2.013998406270802093e+02 3.941594237038370356e-04 4.720008629537521261e-02 0.000000000000000000e+00 1.963495408493620871e-03
2.016613241208833074e+02 1.449253857836524211e-03 6.543009690037245030e-02 0.000000000000000000e+00 1.963495408493620871e-03
2.017917834797906096e+02 1.934555629096934397e-03 7.272714177201843044e-02 0.000000000000000000e+00 1.963495408493620871e-03
2.020529383776789700e+02 2.776958366889410289e-03 8.311872780245339876e-02 0.000000000000000000e+00 1.963495408493620871e-03
2.021833025484390021e+02 3.020330468303701263e-03 8.613569657989995909e-02 0.000000000000000000e+00 1.963495408493620871e-03
2.024443874372865650e+02 3.195692920896295829e-03 8.763517057926435705e-02 0.000000000000000000e+00 1.963495408493620871e-03
2.025748008223719125e+02 3.066846745656205860e-03 8.617979855969987169e-02 0.000000000000000000e+00 1.963495408493620871e-03
2.028360902321475976e+02 2.536282488394199161e-03 7.907568223807587282e-02 0.000000000000000000e+00 1.963495408493620871e-03
2.029666637999927730e+02 2.123342107335688799e-03 7.360758608282430560e-02 0.000000000000000000e+00 1.963495408493620871e-03
2.032282975229359749e+02 1.238128747397337177e-03 5.940840001590449310e-02 0.000000000000000000e+00 1.963495408493620871e-03
2.033590514354924323e+02 7.763534806761512516e-04 5.094413410035647516e-02 0.000000000000000000e+00 1.963495408493620871e-03
2.036209712975653474e+02 4.593648563769049111e-05 3.211813715064108093e-02 0.000000000000000000e+00 1.963495408493620871e-03
2.037518323442376698e+02 -2.260634148709193911e-04 2.206730065856965864e-02 0.000000000000000000e+00 1.963495408493620871e-03
2.040138339167375818e+02 -4.306815329019040065e-04 1.652242433118070869e-03 0.000000000000000000e+00 1.963495408493620871e-03
2.041446852972435977e+02 -4.035493834980626330e-04 -8.406991009394050585e-03 0.000000000000000000e+00 1.963495408493620871e-03
2.044065469660874612e+02 -4.197685263234080845e-05 -2.729350975000074953e-02 0.000000000000000000e+00 1.963495408493620871e-03
2.045372977725171495e+02 2.169827064509490672e-04 -3.586968474468268941e-02 0.000000000000000000e+00 1.963495408493620871e-03
2.047989057363504344e+02 8.681470425415823387e-04 -5.052374515382045128e-02 0.000000000000000000e+00 1.963495408493620871e-03
2.049295379522755240e+02 1.172365257641421084e-03 -5.643971251520085719e-02 0.000000000000000000e+00 1.963495408493620871e-03
2.051909358942094457e+02 1.709850410431290255e-03 -6.496117227701378449e-02 0.000000000000000000e+00 1.963495408493620871e-03
2.053215050818045597e+02 1.870711438524708895e-03 -6.750978455377833198e-02 0.000000000000000000e+00 1.963495408493620871e-03
2.055828509526016035e+02 2.001495431395478638e-03 -6.902249640067344150e-02 0.000000000000000000e+00 1.963495408493620871e-03
2.057134467885875324e+02 1.931753455821535927e-03 -6.803263102541250162e-02 0.000000000000000000e+00 1.963495408493620871e-03
2.059749132227909740e+02 1.619602624210243758e-03 -6.273212075554662759e-02 0.000000000000000000e+00 1.963495408493620871e-03
2.061056065090942582e+02 1.368836566383527329e-03 -5.855544731389585034e-02 0.000000000000000000e+00 1.963495408493620871e-03
2.063672850551237161e+02 8.242370611091940020e-04 -4.761444212871727977e-02 0.000000000000000000e+00 1.963495408493620871e-03
2.064980908865035474e+02 5.362870838934155268e-04 -4.104730130093156570e-02 0.000000000000000000e+00 1.963495408493620871e-03
2.067599505847589114e+02 7.397449343862251558e-05 -2.639913683481350318e-02 0.000000000000000000e+00 1.963495408493620871e-03
2.068908257912576119e+02 -1.022346054923850014e-04 -1.854682774586893096e-02 0.000000000000000000e+00 1.963495408493620871e-03
2.071527434078373915e+02 -2.477149210512259096e-04 -2.569570118312478058e-03 0.000000000000000000e+00 1.963495408493620871e-03
2.072836165419273016e+02 -2.409211338444118783e-04 5.331576626467778024e-03 0.000000000000000000e+00 1.963495408493620871e-03
2.075454549674255418e+02 -3.604153875897759185e-05 2.019666675732285921e-02 0.000000000000000000e+00 1.963495408493620871e-03
2.076762688359991955e+02 1.165855661593460718e-04 2.697599054176080813e-02 0.000000000000000000e+00 1.963495408493620871e-03
2.079379543551964957e+02 5.088861402898793834e-04 3.860244491487828389e-02 0.000000000000000000e+00 1.963495408493620871e-03
2.080686956082451786e+02 6.950184922120687843e-04 4.332973512972876362e-02 0.000000000000000000e+00 1.963495408493620871e-03
2.083302505698309517e+02 1.028799062179973790e-03 5.020828990685909793e-02 0.000000000000000000e+00 1.963495408493620871e-03
2.084609513799850333e+02 1.131913183146636111e-03 5.231699731683647769e-02 0.000000000000000000e+00 1.963495408493620871e-03
2.087224699667548578e+02 1.223439259261274552e-03 5.373540255969889295e-02 0.000000000000000000e+00 1.963495408493620871e-03
2.088531846440247932e+02 1.187102775611400401e-03 5.307917952190953359e-02 0.000000000000000000e+00 1.963495408493620871e-03
2.091147726477603328e+02 1.007576876956195640e-03 4.916760517815279424e-02 0.000000000000000000e+00 1.963495408493620871e-03
2.092455451705878602e+02 8.588954912228750210e-04 4.601227108739584792e-02 0.000000000000000000e+00 1.963495408493620871e-03
2.095072608000195657e+02 5.315014726848906650e-04 3.767124668743156157e-02 0.000000000000000000e+00 1.963495408493620871e-03
2.096381018123106514e+02 3.563571208628222090e-04 3.263262826222008972e-02 0.000000000000000000e+00 1.963495408493620871e-03
2.098999292724126065e+02 7.099711819656253438e-05 2.135858596767375994e-02 0.000000000000000000e+00 1.963495408493620871e-03
2.100308139216323866e+02 -3.987736975981305727e-05 1.529330319909354488e-02 0.000000000000000000e+00 1.963495408493620871e-03
2.102926805897085387e+02 -1.385768424013645759e-04 2.928037557228752377e-03 0.000000000000000000e+00 1.963495408493620871e-03
2.104235661748344626e+02 -1.400697431759451714e-04 -3.205676554114744725e-03 0.000000000000000000e+00 1.963495408493620871e-03
2.106853892144856104e+02 -2.705943205669485065e-05 -1.476998878183355401e-02 0.000000000000000000e+00 1.963495408493620871e-03
2.108162406727920200e+02 6.085534279048004187e-05 -2.006321091703962972e-02 0.000000000000000000e+00 1.963495408493620871e-03
2.110779737442088901e+02 2.916498329363622971e-04 -2.917317379851223219e-02 0.000000000000000000e+00 1.963495408493620871e-03
2.112087818059043798e+02 4.028418364674009062e-04 -3.290017406364437874e-02 0.000000000000000000e+00 1.963495408493620871e-03
2.114704358098113346e+02 6.048762565634349534e-04 -3.837340986797656978e-02 0.000000000000000000e+00 1.963495408493620871e-03
2.116012186635363150e+02 6.691169342119277419e-04 -4.008733321868348382e-02 0.000000000000000000e+00 1.963495408493620871e-03
2.118628484395529199e+02 7.301718080782303600e-04 -4.135548934022502399e-02 0.000000000000000000e+00 1.963495408493620871e-03
2.119936381846212328e+02 7.120643329532117590e-04 -4.093479276505108261e-02 0.000000000000000000e+00 1.963495408493620871e-03
2.122553069717710059e+02 6.112314427250639150e-04 -3.808258088239684785e-02 0.000000000000000000e+00 1.963495408493620871e-03
2.123861302348898619e+02 5.251406808915421538e-04 -3.572580005104733503e-02 0.000000000000000000e+00 1.963495408493620871e-03
2.126478740360691120e+02 3.328176440450388799e-04 -2.943644224579489849e-02 0.000000000000000000e+00 1.963495408493620871e-03
2.127787379768517440e+02 2.288279679862315584e-04 -2.561390561724407114e-02 0.000000000000000000e+00 1.963495408493620871e-03
2.130405491415323809e+02 5.694847093524273130e-05 -1.703221176767217085e-02 0.000000000000000000e+00 1.963495408493620871e-03
2.131714397993672208e+02 -1.095533348523566170e-05 -1.240020173847900496e-02 0.000000000000000000e+00 1.963495408493620871e-03
2.134332765017266524e+02 -7.534795020116153699e-05 -2.937053057519816400e-03 0.000000000000000000e+00 1.963495408493620871e-03
2.135641689398359233e+02 -7.937066983277168129e-05 1.769837440600371958e-03 0.000000000000000000e+00 1.963495408493620871e-03
2.138259822911908543e+02 -1.879868124118335652e-05 1.066319848830244582e-02 0.000000000000000000e+00 1.963495408493620871e-03
2.139568555404858898e+02 3.065356399979132047e-05 1.474688292939727724e-02 0.000000000000000000e+00 1.963495408493620871e-03
2.142186172027175246e+02 1.632535258419499837e-04 2.179927446152340326e-02 0.000000000000000000e+00 1.963495408493620871e-03
2.143494651318279125e+02 2.281184455861607154e-04 2.470042302594814554e-02 0.000000000000000000e+00 1.963495408493620871e-03
2.146111800938427336e+02 3.474183114536854872e-04 2.899735433107695354e-02 0.000000000000000000e+00 1.963495408493620871e-03
2.147420127348001699e+02 3.863727008253493660e-04 3.036841400713869571e-02 0.000000000000000000e+00 1.963495408493620871e-03
2.150037121789107459e+02 4.255285366436061217e-04 3.146347722872175345e-02 0.000000000000000000e+00 1.963495408493620871e-03
2.151345480544293594e+02 4.169873080125778564e-04 3.120576271694481055e-02 0.000000000000000000e+00 1.963495408493620871e-03
2.153962688770625107e+02 3.617364587995031979e-04 2.915250351000665818e-02 0.000000000000000000e+00 1.963495408493620871e-03
2.155271237131016164e+02 3.130550284405105434e-04 2.741258840675621367e-02 0.000000000000000000e+00 1.963495408493620871e-03
2.157888876027714957e+02 2.026733908809859742e-04 2.272318606179793768e-02 0.000000000000000000e+00 1.963495408493620871e-03
2.159197660263416765e+02 1.423833234045648421e-04 1.985589807623702047e-02 0.000000000000000000e+00 1.963495408493620871e-03
2.161815695200980372e+02 4.133269143999177290e-05 1.339617496696176788e-02 0.000000000000000000e+00 1.963495408493620871e-03
2.163124638826719490e+02 8.107180762737090140e-07 9.898666795085810099e-03 0.000000000000000000e+00 1.963495408493620871e-03
2.165742834439778903e+02 -3.975683366115057986e-05 2.737465576148098538e-03 0.000000000000000000e+00 1.963495408493620871e-03
2.167051795158270409e+02 -4.382359655824088644e-05 -8.333636081134087464e-04 0.000000000000000000e+00 1.963495408493620871e-03
2.169669869550308761e+02 -1.232604622594103379e-05 -7.594895176453536623e-03 0.000000000000000000e+00 1.963495408493620871e-03
2.170978724955562598e+02 1.482727618145243524e-05 -1.070869057151754150e-02 0.000000000000000000e+00 1.963495408493620871e-03
2.173596509323126043e+02 8.923742351385678282e-05 -1.610403362608227307e-02 0.000000000000000000e+00 1.963495408493620871e-03
2.174905220457381745e+02 1.261961225522827980e-04 -1.833474867028177246e-02 0.000000000000000000e+00 1.963495408493620871e-03
2.177522735627546240e+02 1.949621827939333860e-04 -2.166526518552670463e-02 0.000000000000000000e+00 1.963495408493620871e-03
2.178831356445352583e+02 2.179765117215281764e-04 -2.274610913863463896e-02 0.000000000000000000e+00 1.963495408493620871e-03
2.181448775586787576e+02 2.422369735890251034e-04 -2.366599286141306269e-02 0.000000000000000000e+00 1.963495408493620871e-03
2.182757410482243472e+02 2.384890975747853417e-04 -2.351824297732126728e-02 0.000000000000000000e+00 1.963495408493620871e-03
2.185374943815020572e+02 2.089740761959575112e-04 -2.206008756430024101e-02 0.000000000000000000e+00 1.963495408493620871e-03
2.186683683448792976e+02 1.820879150285585591e-04 -2.079079106705718563e-02 0.000000000000000000e+00 1.963495408493620871e-03
2.189301458347130165e+02 1.201859750046659276e-04 -1.733399877278173074e-02 0.000000000000000000e+00 1.963495408493620871e-03
2.190610331584050243e+02 8.603992911668950378e-05 -1.520759106167530322e-02 0.000000000000000000e+00 1.963495408493620871e-03
2.193228333846719806e+02 2.802641261986558129e-05 -1.039957483747113928e-02 0.000000000000000000e+00 1.963495408493620871e-03
2.194537299837582793e+02 4.439650059552034483e-06 -7.788499405859882971e-03 0.000000000000000000e+00 1.963495408493620871e-03
2.197155400075903060e+02 -2.032347488319361219e-05 -2.430069724340881091e-03 0.000000000000000000e+00 1.963495408493620871e-03
2.198464379475389023e+02 -2.358139434005011246e-05 2.481746306126544205e-04 0.000000000000000000e+00 1.963495408493620871e-03
2.201082418860187033e+02 -7.736556134403402914e-06 5.330686842910176831e-03 0.000000000000000000e+00 1.963495408493620871e-03
2.202391341889252203e+02 6.805288152945216870e-06 7.677622594482121782e-03 0.000000000000000000e+00 1.963495408493620871e-03
2.205009222373012676e+02 4.758086327809370598e-05 1.175731624459588898e-02 0.000000000000000000e+00 1.963495408493620871e-03
2.206318065125167607e+02 6.814711348323941728e-05 1.345202988627564392e-02 0.000000000000000000e+00 1.963495408493620871e-03
2.208935794112601911e+02 1.068484869542772121e-04 1.600160094225047680e-02 0.000000000000000000e+00 1.963495408493620871e-03
2.210244584854366110e+02 1.201036314627517559e-04 1.684194346944567836e-02 0.000000000000000000e+00 1.963495408493620871e-03
2.212862256246687878e+02 1.346694152436822339e-04 1.759686788152382483e-02 0.000000000000000000e+00 1.963495408493620871e-03
2.214171052446084786e+02 1.331933170517509389e-04 1.752090832932741427e-02 0.000000000000000000e+00 1.963495408493620871e-03
2.216788783226041346e+02 1.178371787042322696e-04 1.649996466462153727e-02 0.000000000000000000e+00 1.963495408493620871e-03
2.218097635911698546e+02 1.033377434506897946e-04 1.558508828089279902e-02 0.000000000000000000e+00 1.963495408493620871e-03
2.220715499033504443e+02 6.942669694072180426e-05 1.306611133199184552e-02 0.000000000000000000e+00 1.963495408493620871e-03
2.222024425632335749e+02 5.053614617247917574e-05 1.150704814470068262e-02 0.000000000000000000e+00 1.963495408493620871e-03
2.224642416192188250e+02 1.801710652240923422e-05 7.968547584463990530e-03 0.000000000000000000e+00 1.963495408493620871e-03
2.225951395443922252e+02 4.624351583053830166e-06 6.041165493375202922e-03 0.000000000000000000e+00 1.963495408493620871e-03
2.228569443961622767e+02 -1.003779290299448501e-05 2.076689225239738805e-03 0.000000000000000000e+00 1.963495408493620871e-03
2.229878432634199044e+02 -1.235318266341133704e-05 9.062791612294510829e-05 0.000000000000000000e+00 1.963495408493620871e-03
2.232496451666189046e+02 -4.655982266629330889e-06 -3.686734664722326332e-03 0.000000000000000000e+00 1.963495408493620871e-03
2.233805410908135798e+02 2.940698352980128524e-06 -5.435546124403467863e-03 0.000000000000000000e+00 1.963495408493620871e-03
2.236423344901774612e+02 2.476726458452441703e-05 -8.484962940829543152e-03 0.000000000000000000e+00 1.963495408493620871e-03
2.237732260508016395e+02 3.594783802043063686e-05 -9.757333567095004614e-03 0.000000000000000000e+00 1.963495408493620871e-03
2.240350111230250434e+02 5.722338517814883410e-05 -1.168548262796404065e-02 0.000000000000000000e+00 1.963495408493620871e-03
2.241658997622112679e+02 6.467073027379745005e-05 -1.233021483154972744e-02 0.000000000000000000e+00 1.963495408493620871e-03
2.244276814800922182e+02 7.316262633981494878e-05 -1.293728552265642484e-02 0.000000000000000000e+00 1.963495408493620871e-03
2.245585702889666209e+02 7.268616818947391930e-05 -1.290630139582593476e-02 0.000000000000000000e+00 1.963495408493620871e-03
2.248203550135340834e+02 6.490798855487801898e-05 -1.220200969416177991e-02 0.000000000000000000e+00 1.963495408493620871e-03
2.249512467977081371e+02 5.727077210536508190e-05 -1.155057352894489631e-02 0.000000000000000000e+00 1.963495408493620871e-03
2.252130386069346173e+02 3.911796147886162725e-05 -9.736291053001487963e-03 0.000000000000000000e+00 1.963495408493620871e-03
2.253439343872192069e+02 2.890480210046032704e-05 -8.606291278997217978e-03 0.000000000000000000e+00 1.963495408493620871e-03
2.256057331751260051e+02 1.109599172575145173e-05 -6.031443907871452542e-03 0.000000000000000000e+00 1.963495408493620871e-03
2.257366318741324562e+02 3.670419151964578837e-06 -4.624726876879875145e-03 0.000000000000000000e+00 1.963495408493620871e-03
2.259984339969277585e+02 -4.772409130356962677e-06 -1.724597420354454392e-03 0.000000000000000000e+00 1.963495408493620871e-03
2.261293333128813572e+02 -6.299705564667330113e-06 -2.685005286546296964e-04 0.000000000000000000e+00 1.963495408493620871e-03
2.263911340659406619e+02 -2.711755643631082058e-06 2.507148618424688905e-03 0.000000000000000000e+00 1.963495408493620871e-03
2.265220318854869959e+02 1.153373419807246194e-06 3.795469187060210303e-03 0.000000000000000000e+00 1.963495408493620871e-03
2.267838281963281872e+02 1.255784576274856119e-05 6.048744312836116382e-03 0.000000000000000000e+00 1.963495408493620871e-03
2.269147236999093025e+02 1.849277665832613058e-05 6.992911943937472549e-03 0.000000000000000000e+00 1.963495408493620871e-03
2.271765155413312698e+02 2.991357914638363789e-05 8.433550552517087365e-03 0.000000000000000000e+00 1.963495408493620871e-03
2.273074094442463888e+02 3.399492311183241662e-05 8.921741655599554205e-03 0.000000000000000000e+00 1.963495408493620871e-03
2.275691993864264759e+02 3.880704020421263595e-05 9.400932208582079425e-03 0.000000000000000000e+00 1.963495408493620871e-03
2.277000933125423501e+02 3.872541893005869272e-05 9.396521372828078866e-03 0.000000000000000000e+00 1.963495408493620871e-03
2.279618847340900061e+02 3.489535577355905451e-05 8.918053426591833477e-03 0.000000000000000000e+00 1.963495408493620871e-03
2.280927801898677387e+02 3.096845392737326825e-05 8.459782042922702611e-03 0.000000000000000000e+00 1.963495408493620871e-03
2.283545753149394102e+02 2.147854677332472660e-05 7.168193316535101736e-03 0.000000000000000000e+00 1.963495408493620871e-03
2.284854728806648154e+02 1.608562367507441036e-05 6.358548355631940888e-03 0.000000000000000000e+00 1.963495408493620871e-03
2.287472717362907986e+02 6.564626269611795916e-06 4.506058770186039363e-03 0.000000000000000000e+00 1.963495408493620871e-03
2.288781708804675645e+02 2.547905549127335631e-06 3.490877144312759094e-03 0.000000000000000000e+00 1.963495408493620871e-03
2.291399716003435856e+02 -2.175006642272407583e-06 1.393061336013847297e-03 0.000000000000000000e+00 1.963495408493620871e-03
2.292708711253588660e+02 -3.122520530447445050e-06 3.374781153140465027e-04 0.000000000000000000e+00 1.963495408493620871e-03
2.295326712360511578e+02 -1.519606650626813709e-06 -1.679074680142779788e-03 0.000000000000000000e+00 1.963495408493620871e-03
2.296635700189557667e+02 3.986275189825014276e-07 -2.617374321158139582e-03 0.000000000000000000e+00 1.963495408493620871e-03
2.299253678620441690e+02 6.221827490834751673e-06 -4.263549795766571719e-03 0.000000000000000000e+00 1.963495408493620871e-03
2.300562654435613581e+02 9.301092314632989890e-06 -4.956196445203104803e-03 0.000000000000000000e+00 1.963495408493620871e-03
2.303180609422037151e+02 1.529306286555671117e-05 -6.019835969817670038e-03 0.000000000000000000e+00 1.963495408493620871e-03
2.304489576675439650e+02 1.747678363257629922e-05 -6.384753042822668978e-03 0.000000000000000000e+00 1.963495408493620871e-03
2.307107521195492836e+02 2.013097834458757939e-05 -6.756547337228505437e-03 0.000000000000000000e+00 1.963495408493620871e-03
2.308416488224703187e+02 2.017706352596165180e-05 -6.766498974350733039e-03 0.000000000000000000e+00 1.963495408493620871e-03
2.311034439818800763e+02 1.834422566536260282e-05 -6.446813420791414756e-03 0.000000000000000000e+00 1.963495408493620871e-03
2.312343414531142116e+02 1.637172325660773425e-05 -6.128436733856266680e-03 0.000000000000000000e+00 1.963495408493620871e-03
2.314961385052021967e+02 1.152193477672694454e-05 -5.219617728872132968e-03 0.000000000000000000e+00 1.963495408493620871e-03
2.316270370657438207e+02 8.737666364571640263e-06 -4.646110800806482061e-03 0.000000000000000000e+00 1.963495408493620871e-03
2.318888360675821900e+02 3.761322854408312223e-06 -3.328577404043298917e-03 0.000000000000000000e+00 1.963495408493620871e-03
2.320197354626203321e+02 1.637389137185257613e-06 -2.604327520629984467e-03 0.000000000000000000e+00 1.963495408493620871e-03
2.322815354811183397e+02 -9.396405927853718524e-07 -1.103886245467443784e-03 0.000000000000000000e+00 1.963495408493620871e-03
2.324124351018448635e+02 -1.503195403996638673e-06 -3.471872450390449307e-04 0.000000000000000000e+00 1.963495408493620871e-03
2.326742348660920072e+02 -8.296178644443442403e-07 1.101283098654161872e-03 0.000000000000000000e+00 1.963495408493620871e-03
2.328051341293829637e+02 9.509637257055135408e-08 1.776827875378409437e-03 0.000000000000000000e+00 1.963495408493620871e-03
2.330669327651415585e+02 2.993893843650195243e-06 2.965704799170459406e-03 0.000000000000000000e+00 1.963495408493620871e-03
2.331978314203706191e+02 4.552685060849097232e-06 3.467987146549543834e-03 0.000000000000000000e+00 1.963495408493620871e-03
2.334596288556988952e+02 7.621248669882825408e-06 4.244092546701768581e-03 0.000000000000000000e+00 1.963495408493620871e-03
2.335905270642950029e+02 8.760656341445645799e-06 4.513460006066415120e-03 0.000000000000000000e+00 1.963495408493620871e-03
2.338523239384313115e+02 1.018470683231994667e-05 4.797026957656882855e-03 0.000000000000000000e+00 1.963495408493620871e-03
2.339832221182658429e+02 1.025261341752660352e-05 4.813337596924295581e-03 0.000000000000000000e+00 1.963495408493620871e-03
2.342450193201507034e+02 9.402438337077730958e-06 4.603459857147927138e-03 0.000000000000000000e+00 1.963495408493620871e-03
2.343759178763380646e+02 8.436024589934907892e-06 4.385115793187581781e-03 0.000000000000000000e+00 1.963495408493620871e-03
2.346377160220771998e+02 6.017233109223363751e-06 3.752981222374608596e-03 0.000000000000000000e+00 1.963495408493620871e-03
2.347686151271887240e+02 4.614054884587259624e-06 3.351255466496630420e-03 0.000000000000000000e+00 1.963495408493620871e-03
2.350304142669317002e+02 2.076764188816374028e-06 2.424723281707640010e-03 0.000000000000000000e+00 1.963495408493620871e-03
2.351613138020078679e+02 9.821876301423717475e-07 1.913874248891185093e-03 0.000000000000000000e+00 1.963495408493620871e-03
2.354231134799740914e+02 -3.828503979241833827e-07 8.528120609422206637e-04 0.000000000000000000e+00 1.963495408493620871e-03
2.355540131426237735e+02 -7.022958044558563583e-07 3.164599235940463492e-04 0.000000000000000000e+00 1.963495408493620871e-03
2.358158127206925485e+02 -4.350192995633005063e-07 -7.124716707842876015e-04 0.000000000000000000e+00 1.963495408493620871e-03
2.359467122150880414e+02 6.668309138587718969e-10 -1.193471522816336866e-03 0.000000000000000000e+00 1.963495408493620871e-03
2.362085112435578367e+02 1.412867164600584854e-06 -2.042246658771390035e-03 0.000000000000000000e+00 1.963495408493620871e-03
2.363394104367878583e+02 2.185073310504668590e-06 -2.402205674109412960e-03 0.000000000000000000e+00 1.963495408493620871e-03
2.366012088638885871e+02 3.722629601962325842e-06 -2.962019521670403686e-03 0.000000000000000000e+00 1.963495408493620871e-03
2.367321078293200856e+02 4.303936247150342713e-06 -3.158546788527788994e-03 0.000000000000000000e+00 1.963495408493620871e-03
2.369939059628306097e+02 5.049460444844562763e-06 -3.371540601884658993e-03 0.000000000000000000e+00 1.963495408493620871e-03
2.371248049054374292e+02 5.105114004071836888e-06 -3.389482133234896291e-03 0.000000000000000000e+00 1.963495408493620871e-03
2.373866031863733213e+02 4.722280407375667005e-06 -3.254155222177752653e-03 0.000000000000000000e+00 1.963495408493620871e-03
2.375175023091688900e+02 4.259550582654409545e-06 -3.106318345503288579e-03 0.000000000000000000e+00 1.963495408493620871e-03
2.377793010505956204e+02 3.079446398323206246e-06 -2.672019703184943737e-03 0.000000000000000000e+00 1.963495408493620871e-03
2.379102004441885754e+02 2.387203990703456690e-06 -2.393964212052624319e-03 0.000000000000000000e+00 1.963495408493620871e-03
2.381719996819053904e+02 1.120318692448276235e-06 -1.749658518282225803e-03 0.000000000000000000e+00 1.963495408493620871e-03
2.383028992925264049e+02 5.677488647951459260e-07 -1.393277852595466290e-03 0.000000000000000000e+00 1.963495408493620871e-03
2.385646988093213565e+02 -1.403422642979808490e-07 -6.515297825119665490e-04 0.000000000000000000e+00 1.963495408493620871e-03
2.386955984902338628e+02 -3.167520020931726022e-07 -2.758012574131733482e-04 0.000000000000000000e+00 1.963495408493620871e-03
2.389573979730131441e+02 -2.238986691010465066e-07 4.468189252449269837e-04 0.000000000000000000e+00 1.963495408493620871e-03
2.390882975775335524e+02 -2.584052403560594981e-08 7.854875482214270996e-04 0.000000000000000000e+00 1.963495408493620871e-03
2.393500968000942635e+02 6.430272504562750345e-07 1.384658349854733708e-03 0.000000000000000000e+00 1.963495408493620871e-03
2.394809962594017918e+02 1.015436756376476476e-06 1.639658106334091273e-03 0.000000000000000000e+00 1.963495408493620871e-03
2.397427951884940001e+02 1.765896190032369205e-06 2.038482662619091855e-03 0.000000000000000000e+00 1.963495408493620871e-03
2.398736945346549874e+02 2.054695125444710078e-06 2.179964042160928341e-03 0.000000000000000000e+00 1.963495408493620871e-03
2.401354933143273627e+02 2.434331028336691399e-06 2.337694295694837943e-03 0.000000000000000000e+00 1.963495408493620871e-03
2.402663926452983105e+02 2.471874257455379843e-06 2.354821442897527678e-03 0.000000000000000000e+00 1.963495408493620871e-03
2.405281914889034738e+02 2.305557076059721052e-06 2.269113251879742877e-03 0.000000000000000000e+00 1.963495408493620871e-03
2.406590909039211681e+02 2.089676518185002825e-06 2.170114058293052574e-03 0.000000000000000000e+00 1.963495408493620871e-03
2.409208899664584465e+02 1.528565654789774995e-06 1.875168651859882452e-03 0.000000000000000000e+00 1.963495408493620871e-03
2.410517895115975477e+02 1.195904534641743069e-06 1.684970340774566812e-03 0.000000000000000000e+00 1.963495408493620871e-03
2.413135888152454811e+02 5.803473737266066518e-07 1.242111739008796602e-03 0.000000000000000000e+00 1.963495408493620871e-03
2.414444884668916416e+02 3.091206769453809584e-07 9.963028061354785910e-04 0.000000000000000000e+00 1.963495408493620871e-03
2.417062879105261288e+02 -4.620901240423943733e-08 4.833281362795251450e-04 0.000000000000000000e+00 1.963495408493620871e-03
2.418371875990400213e+02 -1.388904590692997283e-07 2.229196880918124491e-04 0.000000000000000000e+00 1.963495408493620871e-03
2.420989870325107631e+02 -1.100744588792616548e-07 -2.787134123516034779e-04 0.000000000000000000e+00 1.963495408493620871e-03
2.422298866868771086e+02 -2.144260217891106776e-08 -5.143178700735863418e-04 0.000000000000000000e+00 1.963495408493620871e-03
2.424916859992518141e+02 2.899210835897595034e-07 -9.326245860946814209e-04 0.000000000000000000e+00 1.963495408493620871e-03
2.426225855848451260e+02 4.663271056136716127e-07 -1.111382066465130877e-03 0.000000000000000000e+00 1.963495408493620871e-03
2.428843847566382408e+02 8.258800879021157965e-07 -1.392328149689079676e-03 0.000000000000000000e+00 1.963495408493620871e-03
2.430152842871523831e+02 9.664955061123542442e-07 -1.492906426943872407e-03 0.000000000000000000e+00 1.963495408493620871e-03
2.432770833846251435e+02 1.155425031893298990e-06 -1.607833115411201347e-03 0.000000000000000000e+00 1.963495408493620871e-03
2.434079829059496376e+02 1.178323579697186352e-06 -1.622767203735329608e-03 0.000000000000000000e+00 1.963495408493620871e-03
2.436697820301762931e+02 1.108585785569596476e-06 -1.569919716172265504e-03 0.000000000000000000e+00 1.963495408493620871e-03
2.438006815898793604e+02 1.009987757102691756e-06 -1.504661391759294729e-03 0.000000000000000000e+00 1.963495408493620871e-03
2.440624808162161514e+02 7.482617375722070783e-07 -1.306568178792490501e-03 0.000000000000000000e+00 1.963495408493620871e-03
2.441933804373161365e+02 5.912926386153170623e-07 -1.177778637468468404e-03 0.000000000000000000e+00 1.963495408493620871e-03
2.444551797787766247e+02 2.973653592626238572e-07 -8.768943279559837916e-04 0.000000000000000000e+00 1.963495408493620871e-03
2.445860794512756797e+02 1.664520800192069348e-07 -7.094131198836049887e-04 0.000000000000000000e+00 1.963495408493620871e-03
2.448478788619955822e+02 -9.421150252214280979e-09 -3.588259301575822584e-04 0.000000000000000000e+00 1.963495408493620871e-03
2.449787785536719582e+02 -5.771158320812022068e-08 -1.803805695629024611e-04 0.000000000000000000e+00 1.963495408493620871e-03
2.452405779632892973e+02 -5.354861032385077866e-08 1.641721730769215822e-04 0.000000000000000000e+00 1.963495408493620871e-03
2.453714776404904399e+02 -1.590654819222937567e-08 3.263505576051883589e-04 0.000000000000000000e+00 1.963495408493620871e-03
2.456332769957668063e+02 1.238812575437556346e-07 6.147962325592096558e-04 0.000000000000000000e+00 1.963495408493620871e-03
2.457641766414471363e+02 2.047585170430975746e-07 7.384492009286532360e-04 0.000000000000000000e+00 1.963495408493620871e-03
2.460259759314009500e+02 3.718714368858760007e-07 9.341587197286838062e-04 0.000000000000000000e+00 1.963495408493620871e-03
2.461568755510480173e+02 4.383550230403127472e-07 1.004978229805401609e-03 0.000000000000000000e+00 1.963495408493620871e-03
2.464186748051018299e+02 5.296662939074983979e-07 1.087598908632419689e-03 0.000000000000000000e+00 1.963495408493620871e-03
2.465495744196245766e+02 5.425023013637325470e-07 1.099821324158345741e-03 0.000000000000000000e+00 1.963495408493620871e-03
2.468113736844312314e+02 5.144148639276172500e-07 1.067775337844961616e-03 0.000000000000000000e+00 1.963495408493620871e-03
2.469422733159567542e+02 4.707308000226113567e-07 1.025237472532173353e-03 0.000000000000000000e+00 1.963495408493620871e-03
2.472040726269499658e+02 3.523492085218267050e-07 8.940540193334509935e-04 0.000000000000000000e+00 1.963495408493620871e-03
2.473349722865856961e+02 2.804809642568625134e-07 8.080440187687655713e-04 0.000000000000000000e+00 1.963495408493620871e-03
2.475967716508353647e+02 1.445043646378194936e-07 6.057296014188618153e-04 0.000000000000000000e+00 1.963495408493620871e-03
2.477276713344591883e+02 8.340426567001308541e-08 4.926730054932441016e-04 0.000000000000000000e+00 1.963495408493620871e-03
2.479894707315760911e+02 -7.229970930083882123e-11 2.557520424347311172e-04 0.000000000000000000e+00 1.963495408493620871e-03
2.481203704245729398e+02 -2.369709928134027174e-08 1.349825363539949798e-04 0.000000000000000000e+00 1.963495408493620871e-03
2.483821698223416377e+02 -2.474481678878033928e-08 -9.879537120784597469e-05 0.000000000000000000e+00 1.963495408493620871e-03
2.485130695091704069e+02 -8.683496219885410426e-09 -2.091431105048646580e-04 0.000000000000000000e+00 1.963495408493620871e-03
2.487748688826866044e+02 5.371943863155536905e-08 -4.061137747059813787e-04 0.000000000000000000e+00 1.963495408493620871e-03
2.489057685552070893e+02 9.043444871570190315e-08 -4.908566439265033910e-04 0.000000000000000000e+00 1.963495408493620871e-03
2.491675678987679134e+02 1.670681710438931505e-07 -6.253374254419813471e-04 0.000000000000000000e+00 1.963495408493620871e-03
2.492984675591718258e+02 1.980115367664429215e-07 -6.743424584854841456e-04 0.000000000000000000e+00 1.963495408493620871e-03
2.495602668856972741e+02 2.413488675764013612e-07 -7.329503835917807429e-04 0.000000000000000000e+00 1.963495408493620871e-03
2.496911665433449059e+02 2.482718878437982360e-07 -7.427342402864409122e-04 0.000000000000000000e+00 1.963495408493620871e-03
2.499529658739784566e+02 2.374852811033971785e-07 -7.239856196174832047e-04 0.000000000000000000e+00 1.963495408493620871e-03
2.500838655390425060e+02 2.184185804231956106e-07 -6.966011595232432822e-04 0.000000000000000000e+00 1.963495408493620871e-03
2.503456648903071766e+02 1.655192143200664043e-07 -6.104039741180744289e-04 0.000000000000000000e+00 1.963495408493620871e-03
2.504765645680677153e+02 1.330502891381446479e-07 -5.534440598994734518e-04 0.000000000000000000e+00 1.963495408493620871e-03
2.507383639436791896e+02 7.087514025115843360e-08 -4.192127676293608165e-04 0.000000000000000000e+00 1.963495408493620871e-03
2.508692636325313003e+02 4.261351747810768274e-08 -3.439952721056934891e-04 0.000000000000000000e+00 1.963495408493620871e-03
2.511310630237144039e+02 3.037621560304671735e-09 -1.855720346482699892e-04 0.000000000000000000e+00 1.963495408493620871e-03
2.512619627172122136e+02 -8.688058891077626603e-09 -1.045335780309143085e-04 0.000000000000000000e+00 1.963495408493620871e-03
2.515237621095421616e+02 -1.134054114649406007e-08 5.252795602090222071e-05 0.000000000000000000e+00 1.963495408493620871e-03
2.516546618006410085e+02 -5.074390886675295101e-09 1.267573269637611529e-04 0.000000000000000000e+00 1.963495408493620871e-03
2.519164611827069962e+02 2.135397540844977827e-08 2.594385274423371664e-04 0.000000000000000000e+00 1.963495408493620871e-03
2.520473608675880257e+02 3.731613620528071624e-08 3.167126994516588365e-04 0.000000000000000000e+00 1.963495408493620871e-03
2.523091602364183359e+02 7.119574136850373302e-08 4.084176105513738931e-04 0.000000000000000000e+00 1.963495408493620871e-03
2.524400599158534249e+02 8.511288805039726251e-08 4.422194250281329033e-04 0.000000000000000000e+00 1.963495408493620871e-03
2.527018592768742735e+02 1.049991708037112295e-07 4.832061035381617358e-04 0.000000000000000000e+00 1.963495408493620871e-03
2.528327589549270442e+02 1.084863499031275767e-07 4.905803919056628791e-04 0.000000000000000000e+00 1.963495408493620871e-03
2.530945583174443243e+02 1.045531384106524991e-07 4.798485685354323869e-04 0.000000000000000000e+00 1.963495408493620871e-03
2.532254579986108070e+02 9.655491984550932426e-08 4.625122388256938601e-04 0.000000000000000000e+00 1.963495408493620871e-03
2.534872573699893223e+02 7.384597743518050865e-08 4.069778614902436610e-04 0.000000000000000000e+00 1.963495408493620871e-03
2.536181570566879770e+02 5.970332680081967008e-08 3.699039686448849906e-04 0.000000000000000000e+00 1.963495408493620871e-03
2.538799564387837790e+02 3.234256249768814434e-08 2.816393766647274895e-04 0.000000000000000000e+00 1.963495408493620871e-03
2.540108561304049601e+02 1.980474850584028082e-08 2.319344559449620891e-04 0.000000000000000000e+00 1.963495408493620871e-03
2.542726555194959985e+02 2.033349709470687503e-09 1.273224554415436621e-04 0.000000000000000000e+00 1.963495408493620871e-03
2.544035552132414750e+02 -3.330690506347715321e-09 7.379291264380319619e-05 0.000000000000000000e+00 1.963495408493620871e-03
2.546653546030233031e+02 -4.973168330997489973e-09 -3.020313389645639052e-05 0.000000000000000000e+00 1.963495408493620871e-03
2.547962542957960181e+02 -2.426779404072512887e-09 -7.951556160586272610e-05 0.000000000000000000e+00 1.963495408493620871e-03
2.550580536811820025e+02 8.893314578034294924e-09 -1.681529431625207655e-04 0.000000000000000000e+00 1.963495408493620871e-03
2.551889533712474361e+02 1.584191459750317162e-08 -2.065754223545150973e-04 0.000000000000000000e+00 1.963495408493620871e-03
2.554507527508191060e+02 3.071838811795783680e-08 -2.680180756074490881e-04 0.000000000000000000e+00 1.963495408493620871e-03
2.555816524384646584e+02 3.689886293196053440e-08 -2.907243776371454215e-04 0.000000000000000000e+00 1.963495408493620871e-03
2.558434518145131449e+02 4.586393410304471298e-08 -3.188514518963849365e-04 0.000000000000000000e+00 1.963495408493620871e-03
2.559743515014739614e+02 4.758852218457966600e-08 -3.243608908678373903e-04 0.000000000000000000e+00 1.963495408493620871e-03
2.562361508780138593e+02 4.627487159909525091e-08 -3.186262410533893482e-04 0.000000000000000000e+00 1.963495408493620871e-03
2.563670505662680625e+02 4.294414367354774844e-08 -3.078086419087727363e-04 0.000000000000000000e+00 1.963495408493620871e-03
2.566288499465973132e+02 3.321963983045728316e-08 -2.719788516053346216e-04 0.000000000000000000e+00 1.963495408493620871e-03
2.567597496372470118e+02 2.709123076253854017e-08 -2.478235384596247501e-04 0.000000000000000000e+00 1.963495408493620871e-03
2.570215490222652761e+02 1.510971877679601615e-08 -1.904595829774155557e-04 0.000000000000000000e+00 1.963495408493620871e-03
2.571524487150870755e+02 9.573782189607547917e-09 -1.581472745096770631e-04 0.000000000000000000e+00 1.963495408493620871e-03
2.574142481032607748e+02 1.546986937925110767e-09 -8.984732562994187017e-05 0.000000000000000000e+00 1.963495408493620871e-03
2.575451477970799488e+02 -9.772659624360742750e-10 -5.474241816592798315e-05 0.000000000000000000e+00 1.963495408493620871e-03
2.578069471857155008e+02 -2.104273784243080957e-09 1.384633739372754233e-05 0.000000000000000000e+00 1.963495408493620871e-03
2.579378468791863384e+02 -1.188628693400394758e-09 4.646541753778655505e-05 0.000000000000000000e+00 1.963495408493620871e-03
2.581996462660488305e+02 3.380920494193534655e-09 1.048939170861105843e-04 0.000000000000000000e+00 1.963495408493620871e-03
2.583305459583971242e+02 6.264284787387077727e-09 1.302118157508049359e-04 0.000000000000000000e+00 1.963495408493620871e-03
2.585923453428110292e+02 1.253620804306969375e-08 1.710888319936380863e-04 0.000000000000000000e+00 1.963495408493620871e-03
2.587232450341189747e+02 1.519946946167049364e-08 1.864157319216882928e-04 0.000000000000000000e+00 1.963495408493620871e-03
2.589850444169783827e+02 1.916312086412011260e-08 2.059174469794208839e-04 0.000000000000000000e+00 1.963495408493620871e-03
2.591159441079617523e+02 1.998553653422170990e-08 2.100682285085471218e-04 0.000000000000000000e+00 1.963495408493620871e-03
2.593777434909679869e+02 1.959387882234803559e-08 2.070735059515739322e-04 0.000000000000000000e+00 1.963495408493620871e-03
2.595086431824721558e+02 1.825733754539265382e-08 2.003104004141094332e-04 0.000000000000000000e+00 1.963495408493620871e-03
2.597704425670411297e+02 1.425705626124069675e-08 1.777822941837340677e-04 0.000000000000000000e+00 1.963495408493620871e-03
2.599013422595400584e+02 1.171402395009432016e-08 1.625224930892009401e-04 0.000000000000000000e+00 1.963495408493620871e-03
2.601631416460812147e+02 6.682129401077481100e-09 1.260321920744743697e-04 0.000000000000000000e+00 1.963495408493620871e-03
2.602940413395073733e+02 4.321857569317195011e-09 1.053340393147748834e-04 0.000000000000000000e+00 1.963495408493620871e-03
2.605558407274194224e+02 8.376959291280422165e-10 6.116111648012549141e-05 0.000000000000000000e+00 1.963495408493620871e-03
2.606867404212897554e+02 -2.861427810758186798e-10 3.836134235474419798e-05 0.000000000000000000e+00 1.963495408493620871e-03
2.609485398094480502e+02 -8.913362536753611464e-10 -5.964849354670104849e-06 0.000000000000000000e+00 1.963495408493620871e-03
2.610794395031967383e+02 -5.688557653545632070e-10 -2.699030868788361505e-05 0.000000000000000000e+00 1.963495408493620871e-03
2.613412388906574506e+02 1.228604837271064704e-09 -6.476212284955835366e-05 0.000000000000000000e+00 1.963495408493620871e-03
2.614721385839521872e+02 2.395742880239384258e-09 -8.121781088730667462e-05 0.000000000000000000e+00 1.963495408493620871e-03
2.617339379704013709e+02 4.983803997523244776e-09 -1.081060827245368947e-04 0.000000000000000000e+00 1.963495408493620871e-03
2.618648376632596637e+02 6.097680129956107666e-09 -1.182955639929468864e-04 0.000000000000000000e+00 1.963495408493620871e-03
2.621266370490496342e+02 7.774016084750056041e-09 -1.311928078429821793e-04 0.000000000000000000e+00 1.963495408493620871e-03
2.622575367417662733e+02 8.131883186704068025e-09 -1.339421746902324530e-04 0.000000000000000000e+00 1.963495408493620871e-03
2.625193361276013775e+02 8.004709100838975672e-09 -1.322088154028844872e-04 0.000000000000000000e+00 1.963495408493620871e-03
2.626502358205217433e+02 7.478948502187909724e-09 -1.279931646788840470e-04 0.000000000000000000e+00 1.963495408493620871e-03
2.629120352069800788e+02 5.878506560300103380e-09 -1.139322224538756253e-04 0.000000000000000000e+00 1.963495408493620871e-03
2.630429349003028960e+02 4.847364053251688086e-09 -1.043331819403979337e-04 0.000000000000000000e+00 1.963495408493620871e-03
2.633047342875667596e+02 2.787797672115164510e-09 -8.098296579695841730e-05 0.000000000000000000e+00 1.963495408493620871e-03
2.634356339812709962e+02 1.813834749327321005e-09 -6.762219140260772266e-05 0.000000000000000000e+00 1.963495408493620871e-03
2.636974333691000538e+02 3.744823488597908322e-10 -3.909091449129215408e-05 0.000000000000000000e+00 1.963495408493620871e-03
2.638283330629868715e+02 -8.601513005175999687e-11 -2.438020714170635551e-05 0.000000000000000000e+00 1.963495408493620871e-03
2.640901324509147230e+02 -3.299630149436721596e-10 4.092165180875102640e-06 0.000000000000000000e+00 1.963495408493620871e-03
2.642210321447489036e+02 -1.920889181370890192e-10 1.759540142550032680e-05 0.000000000000000000e+00 1.963495408493620871e-03
2.644828315323837273e+02 5.640948838135359793e-10 4.210225952570149119e-05 0.000000000000000000e+00 1.963495408493620871e-03
2.646137312260248677e+02 1.060341958859464062e-09 5.288976720131536354e-05 0.000000000000000000e+00 1.963495408493620871e-03
2.648755306132261467e+02 2.171161471976190639e-09 7.066848337722006804e-05 0.000000000000000000e+00 1.963495408493620871e-03
2.650064303066782259e+02 2.654752613578996688e-09 7.746808188557088555e-05 0.000000000000000000e+00 1.963495408493620871e-03
2.652682296935914223e+02 3.389954567958820740e-09 8.612132000336546482e-05 0.000000000000000000e+00 1.963495408493620871e-03
2.653991293869779042e+02 3.557438359467210698e-09 8.804495720495860583e-05 0.000000000000000000e+00 1.963495408493620871e-03
2.656609287738984904e+02 3.536967431642087070e-09 8.736625827283949278e-05 0.000000000000000000e+00 1.963495408493620871e-03
2.657918284673630751e+02 3.335908927087129280e-09 8.493265275179228096e-05 0.000000000000000000e+00 1.963495408493620871e-03
2.660536278545346249e+02 2.693878074617179586e-09 7.655185199473202773e-05 0.000000000000000000e+00 1.963495408493620871e-03
2.661845275481658746e+02 2.268196635457339979e-09 7.072265172335935287e-05 0.000000000000000000e+00 1.963495408493620871e-03
2.664463269356812702e+02 1.391538095510366537e-09 5.625863121285651515e-05 0.000000000000000000e+00 1.963495408493620871e-03
2.665772266294797532e+02 9.641745215371448358e-10 4.788678804530469983e-05 0.000000000000000000e+00 1.963495408493620871e-03
2.668390260172566286e+02 2.997701735713613133e-10 2.991534407791437145e-05 0.000000000000000000e+00 1.963495408493620871e-03
2.669699257111465158e+02 6.952793063954734244e-11 2.063630865795746620e-05 0.000000000000000000e+00 1.963495408493620871e-03
2.672317250989996751e+02 -1.219812364791030022e-10 2.773872347080770084e-06 0.000000000000000000e+00 1.963495408493620871e-03
2.673626247928863791e+02 -1.121803654646885789e-10 -5.667165731498544133e-06 0.000000000000000000e+00 1.963495408493620871e-03
2.676244241806562627e+02 1.029269282609221923e-10 -2.099943055832187861e-05 0.000000000000000000e+00 1.963495408493620871e-03
2.677553238744805526e+02 2.634427663839865760e-10 -2.777971910228834888e-05 0.000000000000000000e+00 1.963495408493620871e-03
2.680171232621007675e+02 6.477761887221093470e-10 -3.912485569118177061e-05 0.000000000000000000e+00 1.963495408493620871e-03
2.681480229558574138e+02 8.213116344592772801e-10 -4.353158203445476514e-05 0.000000000000000000e+00 1.963495408493620871e-03
2.684098223433701946e+02 1.092929968133242719e-09 -4.918086407182360671e-05 0.000000000000000000e+00 1.963495408493620871e-03
2.685407220371023982e+02 1.154708459138242826e-09 -5.044243865485107233e-05 0.000000000000000000e+00 1.963495408493620871e-03
2.688025214246183054e+02 1.146527181349126637e-09 -4.991553051117839562e-05 0.000000000000000000e+00 1.963495408493620871e-03
2.689334211183791581e+02 1.072691772435988350e-09 -4.829018163418567875e-05 0.000000000000000000e+00 1.963495408493620871e-03
2.691952205059841390e+02 8.439249791238876970e-10 -4.296822964211044829e-05 0.000000000000000000e+00 1.963495408493620871e-03
2.693261201998021761e+02 6.969912198851650440e-10 -3.935314455416787159e-05 0.000000000000000000e+00 1.963495408493620871e-03
2.695879195875226628e+02 4.016073388311949439e-10 -3.054082828894458235e-05 0.000000000000000000e+00 1.963495408493620871e-03
2.697188192813966339e+02 2.595053466044043874e-10 -2.542916048171806000e-05 0.000000000000000000e+00 1.963495408493620871e-03
2.699806186691996572e+02 4.955421475633050154e-11 -1.413705898217373429e-05 0.000000000000000000e+00 1.963495408493620871e-03
2.701115183630997763e+02 -1.592588442945476354e-11 -8.180524555951145253e-06 0.000000000000000000e+00 1.963495408493620871e-03
2.703733177509113830e+02 -3.634535963073255705e-11 3.457914619059885387e-06 0.000000000000000000e+00 1.963495408493620871e-03
2.705042174447991101e+02 -4.115930695569686285e-12 8.957656132379110262e-06 0.000000000000000000e+00 1.963495408493620871e-03
2.707660168325573409e+02 1.326175574865475928e-10 1.858953009864195799e-05 0.000000000000000000e+00 1.963495408493620871e-03
2.708969165264122125e+02 2.170407960781966678e-10 2.270974559606739866e-05 0.000000000000000000e+00 1.963495408493620871e-03
2.711587159140998438e+02 3.983080792203309573e-10 2.951106580431622225e-05 0.000000000000000000e+00 1.963495408493620871e-03
2.712896156079227694e+02 4.800792154875381630e-10 3.218598411362660628e-05 0.000000000000000000e+00 1.963495408493620871e-03
2.715514149955582184e+02 6.131213778581622083e-10 3.605959154091963606e-05 0.000000000000000000e+00 1.963495408493620871e-03
2.716823146893657963e+02 6.506014407540799850e-10 3.717802742420856323e-05 0.000000000000000000e+00 1.963495408493620871e-03
2.719441140769957315e+02 6.648769561303137328e-10 3.745715060190710211e-05 0.000000000000000000e+00 1.963495408493620871e-03
2.720750137708151328e+02 6.338597854209213958e-10 3.662747577082817077e-05 0.000000000000000000e+00 1.963495408493620871e-03
2.723368131584893490e+02 5.197383036511867858e-10 3.306820476924165201e-05 0.000000000000000000e+00 1.963495408493620871e-03
2.724677128523391048e+02 4.424749604047149606e-10 3.050026446911552829e-05 0.000000000000000000e+00 1.963495408493620871e-03
2.727295122400747118e+02 2.839674905159492426e-10 2.443439774631492884e-05 0.000000000000000000e+00 1.963495408493620871e-03
2.728604119339536851e+02 2.105822394521943777e-10 2.108253834114613205e-05 0.000000000000000000e+00 1.963495408493620871e-03
2.731222113217349374e+02 9.413696925053046599e-11 1.432523550851966078e-05 0.000000000000000000e+00 1.963495408493620871e-03
2.732531110156305090e+02 5.160647295513557467e-11 1.094523858543091482e-05 0.000000000000000000e+00 1.963495408493620871e-03
2.735149104034311449e+02 2.832003992971696686e-12 4.284339740935794752e-06 0.000000000000000000e+00 1.963495408493620871e-03
2.736458100973300134e+02 -6.155485838647412679e-12 1.010946210791251221e-06 0.000000000000000000e+00 1.963495408493620871e-03
2.739076094851248513e+02 9.132795066963633796e-12 -5.391695502171926904e-06 0.000000000000000000e+00 1.963495408493620871e-03
2.740385091790162164e+02 2.887986444198835413e-11 -8.426870825325891791e-06 0.000000000000000000e+00 1.963495408493620871e-03
2.743003085667882033e+02 8.777935619316732286e-11 -1.378863897026466658e-05 0.000000000000000000e+00 1.963495408493620871e-03
2.744312082606676313e+02 1.182930625430802447e-10 -1.599426695569089343e-05 0.000000000000000000e+00 1.963495408493620871e-03
2.746930076484194387e+02 1.700038516118752324e-10 -1.897115141128364230e-05 0.000000000000000000e+00 1.963495408493620871e-03
2.748239073422936372e+02 1.834650525964407787e-10 -1.971761684509683950e-05 0.000000000000000000e+00 1.963495408493620871e-03
2.750857067300453878e+02 1.839133421758253478e-10 -1.962742998102734617e-05 0.000000000000000000e+00 1.963495408493620871e-03
2.752166064239244747e+02 1.709660436646971651e-10 -1.888725604208780427e-05 0.000000000000000000e+00 1.963495408493620871e-03
2.754784058116923688e+02 1.301684900177584518e-10 -1.640266058622173338e-05 0.000000000000000000e+00 1.963495408493620871e-03
2.756093055055807781e+02 1.068253306232216161e-10 -1.479560949828921580e-05 0.000000000000000000e+00 1.963495408493620871e-03
2.758711048933656116e+02 6.401564005316441586e-11 -1.140148231842166024e-05 0.000000000000000000e+00 1.963495408493620871e-03
2.760020045872608421e+02 4.695709465266535694e-11 -9.707625985366578655e-06 0.000000000000000000e+00 1.963495408493620871e-03
2.762638039750552821e+02 2.259427954960083353e-11 -6.699206868557866156e-06 0.000000000000000000e+00 1.963495408493620871e-03
2.763947036689535821e+02 1.492502245349163393e-11 -5.409760831388112369e-06 0.000000000000000000e+00 1.963495408493620871e-03
2.766565030567517169e+02 5.838666500169490640e-12 -3.360862785808301814e-06 0.000000000000000000e+00 1.963495408493620871e-03
2.767874027506509265e+02 3.489788169997213648e-12 -2.583193664841929986e-06 0.000000000000000000e+00 1.963495408493620871e-03
2.770492021384499708e+02 1.118553000049021993e-12 -1.448546776298274859e-06 0.000000000000000000e+00 1.963495408493620871e-03
2.771801018323494077e+02 6.066677488259725123e-13 -1.062665372131058198e-06 0.000000000000000000e+00 1.963495408493620871e-03
2.774419012201486225e+02 1.599827687476185981e-13 -5.381720976352928068e-07 0.000000000000000000e+00 1.963495408493620871e-03
2.775728009140481731e+02 7.884143632768557690e-14 -3.776613920386787291e-07 0.000000000000000000e+00 1.963495408493620871e-03
2.778346003018473311e+02 1.712506409574485656e-14 -1.725165030726570628e-07 0.000000000000000000e+00 1.963495408493620871e-03
2.779654999957468817e+02 7.668209765484939679e-15 -1.160117575375634766e-07 0.000000000000000000e+00 1.963495408493620871e-03
2.782272993835460397e+02 1.369589695854745672e-15 -4.765541570003879219e-08 0.000000000000000000e+00 1.963495408493620871e-03
2.783581990774455903e+02 5.564999365579521499e-16 -3.075386975149493636e-08 0.000000000000000000e+00 1.963495408493620871e-03
2.786199984652447483e+02 8.135671896983560699e-17 -1.130422921030328738e-08 0.000000000000000000e+00 1.963495408493620871e-03
2.787508981591442989e+02 2.991795235014934435e-17 -7.008959962250620708e-09 0.000000000000000000e+00 1.963495408493620871e-03
2.790126975469435138e+02 3.552373844491839785e-18 -2.288824889567288204e-09 0.000000000000000000e+00 1.963495408493620871e-03
2.791435972408430644e+02 1.177402196363975454e-18 -1.364782275083371552e-09 0.000000000000000000e+00 1.963495408493620871e-03
2.794053966286422224e+02 1.122359053353120150e-19 -3.920397304045088552e-10 0.000000000000000000e+00 1.963495408493620871e-03
2.795362963225417730e+02 3.333044710204070824e-20 -2.249841934883024920e-10 0.000000000000000000e+00 1.963495408493620871e-03
2.797980957103409310e+02 2.508835799580458700e-21 -5.608216361543346828e-11 0.000000000000000000e+00 1.963495408493620871e-03
2.799289954042404815e+02 6.621411531623378680e-22 -3.099432070960457256e-11 0.000000000000000000e+00 1.963495408493620871e-03
2.801907947920396964e+02 3.844110613658880220e-23 -6.579579162231075466e-12 0.000000000000000000e+00 1.963495408493620871e-03
2.803216944859392470e+02 8.916887700948457734e-24 -3.503438009009935495e-12 0.000000000000000000e+00 1.963495408493620871e-03
2.805834938737384050e+02 3.859262560091196840e-25 -6.166448967211977056e-13 0.000000000000000000e+00 1.963495408493620871e-03
2.807143935676379556e+02 7.748051273761461247e-26 -3.164586356450044287e-13 0.000000000000000000e+00 1.963495408493620871e-03
2.809761929554371136e+02 2.374584430010640874e-27 -4.436949558891114679e-14 0.000000000000000000e+00 1.963495408493620871e-03
2.811070926493366642e+02 4.037237895700246104e-28 -2.195021165374358860e-14 0.000000000000000000e+00 1.963495408493620871e-03
2.813688920371358222e+02 8.053495708687655827e-30 -2.296596147674997145e-15 0.000000000000000000e+00 1.963495408493620871e-03
2.814997917310353728e+02 1.122476826297611657e-30 -1.095266921950502872e-15 0.000000000000000000e+00 1.963495408493620871e-03
2.817615911188345876e+02 1.242757182452837185e-32 -7.557490582764408582e-17 0.000000000000000000e+00 1.963495408493620871e-03
2.818924908127341382e+02 1.346449223996145803e-33 -3.473309251288697687e-17 0.000000000000000000e+00 1.963495408493620871e-03
2.821542902005332962e+02 5.470654038692579777e-36 -1.141763708066502507e-18 0.000000000000000000e+00 1.963495408493620871e-03
2.822851898944328468e+02 4.122783525239533213e-37 -5.046589038918595812e-19 0.000000000000000000e+00 1.963495408493620871e-03
2.825469892822320048e+02 -2.754099946584534948e-40 2.788764499495506772e-21 0.000000000000000000e+00 1.963495408493620871e-03
2.826778889761315554e+02 -1.774428297143900331e-41 1.236224067530266211e-21 0.000000000000000000e+00 1.963495408493620871e-03
