-3.926990816987241395e-01 0.000000000000000000e+00
0.000000000000000000e+00 0.000000000000000000e+00
3.926990816987241395e-01 0.000000000000000000e+00
7.853981633974482790e-01 0.000000000000000000e+00
1.178097245096172418e+00 0.000000000000000000e+00
1.570796326794896558e+00 0.000000000000000000e+00
1.963495408493620697e+00 0.000000000000000000e+00
2.356194490192344837e+00 0.000000000000000000e+00
2.748893571891068976e+00 0.000000000000000000e+00
3.141592653589793116e+00 0.000000000000000000e+00
3.534291735288517255e+00 0.000000000000000000e+00
3.926990816987240951e+00 0.000000000000000000e+00
4.319689898685965090e+00 0.000000000000000000e+00
4.712388980384689674e+00 0.000000000000000000e+00
5.105088062083414258e+00 0.000000000000000000e+00
5.497787143782137065e+00 0.000000000000000000e+00
5.890486225480861648e+00 0.000000000000000000e+00
6.283185307179586232e+00 0.000000000000000000e+00
6.675884388878310816e+00 0.000000000000000000e+00
7.068583470577033623e+00 0.000000000000000000e+00
7.461282552275758206e+00 0.000000000000000000e+00
7.853981633974482790e+00 0.000000000000000000e+00
8.246680715673205597e+00 0.000000000000000000e+00
8.639379797371930181e+00 0.000000000000000000e+00
9.032078879070654764e+00 0.000000000000000000e+00
9.424777960769379348e+00 0.000000000000000000e+00
9.817477042468103932e+00 0.000000000000000000e+00
1.021017612416682674e+01 0.000000000000000000e+00
1.060287520586555132e+01 0.000000000000000000e+00
1.099557428756427591e+01 0.000000000000000000e+00
1.138827336926299871e+01 0.000000000000000000e+00
1.178097245096172330e+01 0.000000000000000000e+00
1.217367153266044788e+01 0.000000000000000000e+00
1.256637061435917246e+01 0.000000000000000000e+00
1.295906969605789705e+01 0.000000000000000000e+00
1.335176877775661985e+01 0.000000000000000000e+00
1.374446785945534444e+01 0.000000000000000000e+00
1.413716694115406902e+01 0.000000000000000000e+00
1.452986602285279183e+01 0.000000000000000000e+00
1.492256510455151641e+01 0.000000000000000000e+00
1.531526418625024100e+01 0.000000000000000000e+00
1.570796326794896380e+01 0.000000000000000000e+00
1.610066234964769194e+01 0.000000000000000000e+00
1.649336143134641475e+01 0.000000000000000000e+00
1.688606051304513755e+01 0.000000000000000000e+00
1.727875959474386391e+01 0.000000000000000000e+00
1.767145867644258672e+01 0.000000000000000000e+00
1.806415775814131308e+01 0.000000000000000000e+00
1.845685683984003589e+01 0.000000000000000000e+00
1.884955592153875870e+01 0.000000000000000000e+00
1.924225500323748506e+01 0.000000000000000000e+00
1.963495408493620786e+01 0.000000000000000000e+00
2.002765316663493422e+01 0.000000000000000000e+00
2.042035224833365703e+01 0.000000000000000000e+00
2.081305133003237984e+01 0.000000000000000000e+00
2.120575041173110620e+01 0.000000000000000000e+00
2.159844949342982900e+01 0.000000000000000000e+00
2.199114857512855181e+01 0.000000000000000000e+00
2.238384765682727817e+01 0.000000000000000000e+00
2.277654673852600098e+01 0.000000000000000000e+00
2.316924582022472379e+01 0.000000000000000000e+00
2.356194490192345015e+01 0.000000000000000000e+00
2.395464398362217295e+01 0.000000000000000000e+00
2.434734306532089931e+01 0.000000000000000000e+00
2.474004214701962212e+01 0.000000000000000000e+00
2.513274122871834493e+01 0.000000000000000000e+00
2.552544031041707129e+01 0.000000000000000000e+00
2.591813939211579410e+01 0.000000000000000000e+00
2.631083847381452046e+01 0.000000000000000000e+00
2.670353755551324326e+01 0.000000000000000000e+00
2.709623663721196607e+01 0.000000000000000000e+00
2.748893571891069243e+01 0.000000000000000000e+00
2.788163480060941524e+01 0.000000000000000000e+00
2.827433388230813804e+01 0.000000000000000000e+00
2.866703296400686440e+01 0.000000000000000000e+00
2.905973204570558721e+01 0.000000000000000000e+00
2.945243112740431002e+01 0.000000000000000000e+00
2.984513020910303638e+01 0.000000000000000000e+00
3.023782929080175919e+01 0.000000000000000000e+00
3.063052837250048555e+01 0.000000000000000000e+00
3.102322745419920835e+01 0.000000000000000000e+00
3.141592653589793116e+01 0.000000000000000000e+00
3.180862561759665397e+01 0.000000000000000000e+00
3.220132469929538388e+01 0.000000000000000000e+00
3.259402378099410669e+01 0.000000000000000000e+00
3.298672286269282949e+01 0.000000000000000000e+00
3.337942194439155230e+01 0.000000000000000000e+00
3.377212102609027511e+01 0.000000000000000000e+00
3.416482010778899792e+01 0.000000000000000000e+00
3.455751918948772783e+01 0.000000000000000000e+00
3.495021827118645064e+01 0.000000000000000000e+00
3.534291735288517344e+01 0.000000000000000000e+00
3.573561643458389625e+01 0.000000000000000000e+00
3.612831551628261906e+01 0.000000000000000000e+00
3.652101459798134897e+01 0.000000000000000000e+00
3.691371367968007178e+01 0.000000000000000000e+00
3.730641276137879458e+01 0.000000000000000000e+00
3.769911184307751739e+01 0.000000000000000000e+00
3.809181092477624020e+01 0.000000000000000000e+00
3.848451000647497011e+01 0.000000000000000000e+00
3.887720908817369292e+01 0.000000000000000000e+00
3.926990816987241573e+01 0.000000000000000000e+00
3.966260725157113853e+01 0.000000000000000000e+00
4.005530633326986134e+01 0.000000000000000000e+00
4.044800541496859125e+01 0.000000000000000000e+00
4.084070449666731406e+01 0.000000000000000000e+00
4.123340357836603687e+01 0.000000000000000000e+00
4.162610266006475968e+01 0.000000000000000000e+00
4.201880174176348248e+01 0.000000000000000000e+00
4.241150082346220529e+01 0.000000000000000000e+00
4.280419990516093520e+01 0.000000000000000000e+00
4.319689898685965801e+01 0.000000000000000000e+00
4.358959806855838082e+01 0.000000000000000000e+00
4.398229715025710362e+01 0.000000000000000000e+00
4.437499623195582643e+01 0.000000000000000000e+00
4.476769531365455634e+01 0.000000000000000000e+00
4.516039439535327915e+01 0.000000000000000000e+00
4.555309347705200196e+01 0.000000000000000000e+00
4.594579255875072477e+01 0.000000000000000000e+00
4.633849164044944757e+01 0.000000000000000000e+00
4.673119072214817038e+01 0.000000000000000000e+00
4.712388980384690029e+01 0.000000000000000000e+00
4.751658888554562310e+01 0.000000000000000000e+00
4.790928796724434591e+01 0.000000000000000000e+00
4.830198704894306871e+01 0.000000000000000000e+00
4.869468613064179152e+01 0.000000000000000000e+00
4.908738521234052143e+01 0.000000000000000000e+00
4.948008429403924424e+01 0.000000000000000000e+00
4.987278337573796705e+01 0.000000000000000000e+00
5.026548245743668986e+01 0.000000000000000000e+00
5.065818153913541266e+01 0.000000000000000000e+00
5.105088062083414258e+01 0.000000000000000000e+00
5.144357970253286538e+01 0.000000000000000000e+00
5.183627878423158819e+01 0.000000000000000000e+00
5.222897786593031100e+01 0.000000000000000000e+00
5.262167694762903380e+01 0.000000000000000000e+00
5.301437602932776372e+01 0.000000000000000000e+00
5.340707511102648652e+01 0.000000000000000000e+00
5.379977419272520933e+01 0.000000000000000000e+00
5.419247327442393214e+01 0.000000000000000000e+00
5.458517235612265495e+01 0.000000000000000000e+00
5.497787143782137775e+01 0.000000000000000000e+00
5.537057051952010767e+01 0.000000000000000000e+00
5.576326960121883047e+01 0.000000000000000000e+00
5.615596868291755328e+01 0.000000000000000000e+00
5.654866776461627609e+01 0.000000000000000000e+00
5.694136684631499890e+01 0.000000000000000000e+00
5.733406592801372881e+01 0.000000000000000000e+00
5.772676500971245162e+01 0.000000000000000000e+00
5.811946409141117442e+01 0.000000000000000000e+00
5.851216317310989723e+01 0.000000000000000000e+00
5.890486225480862004e+01 0.000000000000000000e+00
5.929756133650734284e+01 0.000000000000000000e+00
5.969026041820607276e+01 0.000000000000000000e+00
6.008295949990479556e+01 0.000000000000000000e+00
6.047565858160351837e+01 0.000000000000000000e+00
6.086835766330224118e+01 0.000000000000000000e+00
6.126105674500096399e+01 0.000000000000000000e+00
6.165375582669969390e+01 0.000000000000000000e+00
6.204645490839841671e+01 0.000000000000000000e+00
6.243915399009713951e+01 0.000000000000000000e+00
6.283185307179586232e+01 0.000000000000000000e+00
6.322455215349458513e+01 0.000000000000000000e+00
6.361725123519330793e+01 0.000000000000000000e+00
6.400995031689203074e+01 0.000000000000000000e+00
6.440264939859075355e+01 0.000000000000000000e+00
6.479534848028949057e+01 0.000000000000000000e+00
6.518804756198821337e+01 0.000000000000000000e+00
6.558074664368693618e+01 0.000000000000000000e+00
6.597344572538565899e+01 0.000000000000000000e+00
6.636614480708438180e+01 0.000000000000000000e+00
6.675884388878310460e+01 0.000000000000000000e+00
6.715154297048182741e+01 0.000000000000000000e+00
6.754424205218055022e+01 0.000000000000000000e+00
6.793694113387927302e+01 0.000000000000000000e+00
6.832964021557799583e+01 0.000000000000000000e+00
6.872233929727671864e+01 0.000000000000000000e+00
6.911503837897545566e+01 0.000000000000000000e+00
6.950773746067417846e+01 0.000000000000000000e+00
6.990043654237290127e+01 0.000000000000000000e+00
7.029313562407162408e+01 0.000000000000000000e+00
7.068583470577034689e+01 0.000000000000000000e+00
7.107853378746906969e+01 0.000000000000000000e+00
7.147123286916779250e+01 0.000000000000000000e+00
7.186393195086651531e+01 0.000000000000000000e+00
7.225663103256523812e+01 0.000000000000000000e+00
7.264933011426396092e+01 0.000000000000000000e+00
7.304202919596269794e+01 0.000000000000000000e+00
7.343472827766142075e+01 0.000000000000000000e+00
7.382742735936014356e+01 0.000000000000000000e+00
7.422012644105886636e+01 0.000000000000000000e+00
7.461282552275758917e+01 0.000000000000000000e+00
7.500552460445631198e+01 0.000000000000000000e+00
7.539822368615503478e+01 0.000000000000000000e+00
7.579092276785375759e+01 0.000000000000000000e+00
7.618362184955248040e+01 0.000000000000000000e+00
7.657632093125120321e+01 0.000000000000000000e+00
7.696902001294992601e+01 0.000000000000000000e+00
7.736171909464866303e+01 0.000000000000000000e+00
7.775441817634738584e+01 0.000000000000000000e+00
7.814711725804610865e+01 0.000000000000000000e+00
7.853981633974483145e+01 0.000000000000000000e+00
7.893251542144355426e+01 0.000000000000000000e+00
7.932521450314227707e+01 0.000000000000000000e+00
7.971791358484099987e+01 0.000000000000000000e+00
8.011061266653972268e+01 0.000000000000000000e+00
8.050331174823844549e+01 0.000000000000000000e+00
8.089601082993716830e+01 0.000000000000000000e+00
8.128870991163590531e+01 0.000000000000000000e+00
8.168140899333462812e+01 0.000000000000000000e+00
8.207410807503335093e+01 0.000000000000000000e+00
8.246680715673207374e+01 0.000000000000000000e+00
8.285950623843079654e+01 0.000000000000000000e+00
8.325220532012951935e+01 0.000000000000000000e+00
8.364490440182824216e+01 0.000000000000000000e+00
8.403760348352696496e+01 0.000000000000000000e+00
8.443030256522568777e+01 0.000000000000000000e+00
8.482300164692441058e+01 0.000000000000000000e+00
8.521570072862313339e+01 0.000000000000000000e+00
8.560839981032187040e+01 0.000000000000000000e+00
8.600109889202059321e+01 0.000000000000000000e+00
8.639379797371931602e+01 0.000000000000000000e+00
8.678649705541803883e+01 0.000000000000000000e+00
8.717919613711676163e+01 0.000000000000000000e+00
8.757189521881548444e+01 0.000000000000000000e+00
8.796459430051420725e+01 0.000000000000000000e+00
8.835729338221293006e+01 0.000000000000000000e+00
8.874999246391165286e+01 0.000000000000000000e+00
8.914269154561037567e+01 0.000000000000000000e+00
8.953539062730909848e+01 0.000000000000000000e+00
8.992808970900783549e+01 0.000000000000000000e+00
9.032078879070655830e+01 0.000000000000000000e+00
9.071348787240528111e+01 0.000000000000000000e+00
9.110618695410400392e+01 0.000000000000000000e+00
9.149888603580272672e+01 0.000000000000000000e+00
9.189158511750144953e+01 0.000000000000000000e+00
9.228428419920017234e+01 0.000000000000000000e+00
9.267698328089889515e+01 0.000000000000000000e+00
9.306968236259761795e+01 0.000000000000000000e+00
9.346238144429634076e+01 0.000000000000000000e+00
9.385508052599506357e+01 0.000000000000000000e+00
9.424777960769380059e+01 0.000000000000000000e+00
9.464047868939252339e+01 0.000000000000000000e+00
9.503317777109124620e+01 0.000000000000000000e+00
9.542587685278996901e+01 0.000000000000000000e+00
9.581857593448869181e+01 0.000000000000000000e+00
9.621127501618741462e+01 0.000000000000000000e+00
9.660397409788613743e+01 0.000000000000000000e+00
9.699667317958486024e+01 0.000000000000000000e+00
9.738937226128358304e+01 0.000000000000000000e+00
9.778207134298230585e+01 0.000000000000000000e+00
9.817477042468104287e+01 0.000000000000000000e+00
9.856746950637976568e+01 0.000000000000000000e+00
9.896016858807848848e+01 0.000000000000000000e+00
9.935286766977721129e+01 0.000000000000000000e+00
9.974556675147593410e+01 0.000000000000000000e+00
1.001382658331746569e+02 0.000000000000000000e+00
1.005309649148733797e+02 0.000000000000000000e+00
1.009236639965721025e+02 0.000000000000000000e+00
1.013163630782708253e+02 0.000000000000000000e+00
1.017090621599695481e+02 0.000000000000000000e+00
1.021017612416682709e+02 0.000000000000000000e+00
1.024944603233670080e+02 0.000000000000000000e+00
1.028871594050657308e+02 0.000000000000000000e+00
1.032798584867644536e+02 0.000000000000000000e+00
1.036725575684631764e+02 0.000000000000000000e+00
1.040652566501618992e+02 0.000000000000000000e+00
1.044579557318606220e+02 0.000000000000000000e+00
1.048506548135593448e+02 0.000000000000000000e+00
1.052433538952580676e+02 0.000000000000000000e+00
1.056360529769567904e+02 0.000000000000000000e+00
1.060287520586555132e+02 0.000000000000000000e+00
1.064214511403542502e+02 0.000000000000000000e+00
1.068141502220529730e+02 0.000000000000000000e+00
1.072068493037516959e+02 0.000000000000000000e+00
1.075995483854504187e+02 0.000000000000000000e+00
1.079922474671491415e+02 0.000000000000000000e+00
1.083849465488478643e+02 0.000000000000000000e+00
1.087776456305465871e+02 0.000000000000000000e+00
1.091703447122453099e+02 0.000000000000000000e+00
1.095630437939440327e+02 0.000000000000000000e+00
1.099557428756427555e+02 0.000000000000000000e+00
1.103484419573414783e+02 0.000000000000000000e+00
1.107411410390402153e+02 0.000000000000000000e+00
1.111338401207389381e+02 0.000000000000000000e+00
1.115265392024376609e+02 0.000000000000000000e+00
1.119192382841363838e+02 0.000000000000000000e+00
1.123119373658351066e+02 0.000000000000000000e+00
1.127046364475338294e+02 0.000000000000000000e+00
1.130973355292325522e+02 0.000000000000000000e+00
1.134900346109312750e+02 0.000000000000000000e+00
1.138827336926299978e+02 0.000000000000000000e+00
1.142754327743287206e+02 0.000000000000000000e+00
1.146681318560274434e+02 0.000000000000000000e+00
1.150608309377261804e+02 0.000000000000000000e+00
1.154535300194249032e+02 0.000000000000000000e+00
1.158462291011236260e+02 0.000000000000000000e+00
1.162389281828223488e+02 0.000000000000000000e+00
1.166316272645210717e+02 0.000000000000000000e+00
1.170243263462197945e+02 0.000000000000000000e+00
1.174170254279185173e+02 0.000000000000000000e+00
1.178097245096172401e+02 0.000000000000000000e+00
1.182024235913159629e+02 0.000000000000000000e+00
1.185951226730146857e+02 0.000000000000000000e+00
1.189878217547134085e+02 0.000000000000000000e+00
1.193805208364121455e+02 0.000000000000000000e+00
1.197732199181108683e+02 0.000000000000000000e+00
1.201659189998095911e+02 0.000000000000000000e+00
1.205586180815083139e+02 0.000000000000000000e+00
1.209513171632070367e+02 0.000000000000000000e+00
1.213440162449057595e+02 0.000000000000000000e+00
1.217367153266044824e+02 0.000000000000000000e+00
1.221294144083032052e+02 0.000000000000000000e+00
1.225221134900019280e+02 0.000000000000000000e+00
1.229148125717006508e+02 0.000000000000000000e+00
1.233075116533993878e+02 0.000000000000000000e+00
1.237002107350981106e+02 0.000000000000000000e+00
1.240929098167968334e+02 0.000000000000000000e+00
1.244856088984955562e+02 0.000000000000000000e+00
1.248783079801942790e+02 0.000000000000000000e+00
1.252710070618930018e+02 0.000000000000000000e+00
1.256637061435917246e+02 0.000000000000000000e+00
1.260564052252904474e+02 0.000000000000000000e+00
1.264491043069891703e+02 0.000000000000000000e+00
1.268418033886878931e+02 0.000000000000000000e+00
1.272345024703866159e+02 0.000000000000000000e+00
1.276272015520853387e+02 0.000000000000000000e+00
1.280199006337840615e+02 0.000000000000000000e+00
1.284125997154827701e+02 0.000000000000000000e+00
1.288052987971815071e+02 0.000000000000000000e+00
1.291979978788802157e+02 0.000000000000000000e+00
1.295906969605789527e+02 0.000000000000000000e+00
1.299833960422776897e+02 0.000000000000000000e+00
1.303760951239763983e+02 0.000000000000000000e+00
1.307687942056751353e+02 0.000000000000000000e+00
1.311614932873738439e+02 0.000000000000000000e+00
1.315541923690725810e+02 0.000000000000000000e+00
1.319468914507712896e+02 0.000000000000000000e+00
1.323395905324700266e+02 0.000000000000000000e+00
1.327322896141687352e+02 0.000000000000000000e+00
1.331249886958674722e+02 0.000000000000000000e+00
1.335176877775661808e+02 0.000000000000000000e+00
1.339103868592649178e+02 0.000000000000000000e+00
1.343030859409636548e+02 0.000000000000000000e+00
1.346957850226623634e+02 0.000000000000000000e+00
1.350884841043611004e+02 0.000000000000000000e+00
1.354811831860598090e+02 0.000000000000000000e+00
1.358738822677585460e+02 0.000000000000000000e+00
1.362665813494572546e+02 0.000000000000000000e+00
1.366592804311559917e+02 0.000000000000000000e+00
1.370519795128547003e+02 0.000000000000000000e+00
1.374446785945534373e+02 0.000000000000000000e+00
1.378373776762521459e+02 0.000000000000000000e+00
1.382300767579508829e+02 0.000000000000000000e+00
1.386227758396496199e+02 0.000000000000000000e+00
1.390154749213483285e+02 0.000000000000000000e+00
1.394081740030470655e+02 0.000000000000000000e+00
1.398008730847457741e+02 0.000000000000000000e+00
1.401935721664445111e+02 0.000000000000000000e+00
1.405862712481432197e+02 0.000000000000000000e+00
1.409789703298419568e+02 0.000000000000000000e+00
1.413716694115406654e+02 0.000000000000000000e+00
1.417643684932394024e+02 0.000000000000000000e+00
1.421570675749381394e+02 0.000000000000000000e+00
1.425497666566368480e+02 0.000000000000000000e+00
1.429424657383355850e+02 0.000000000000000000e+00
1.433351648200342936e+02 0.000000000000000000e+00
1.437278639017330306e+02 0.000000000000000000e+00
1.441205629834317392e+02 0.000000000000000000e+00
1.445132620651304762e+02 0.000000000000000000e+00
1.449059611468291848e+02 0.000000000000000000e+00
1.452986602285279218e+02 0.000000000000000000e+00
1.456913593102266304e+02 0.000000000000000000e+00
1.460840583919253675e+02 0.000000000000000000e+00
1.464767574736241045e+02 0.000000000000000000e+00
1.468694565553228131e+02 0.000000000000000000e+00
1.472621556370215501e+02 0.000000000000000000e+00
1.476548547187202587e+02 0.000000000000000000e+00
1.480475538004189957e+02 0.000000000000000000e+00
1.484402528821177043e+02 0.000000000000000000e+00
1.488329519638164413e+02 0.000000000000000000e+00
1.492256510455151499e+02 0.000000000000000000e+00
1.496183501272138869e+02 0.000000000000000000e+00
1.500110492089125955e+02 0.000000000000000000e+00
1.504037482906113325e+02 0.000000000000000000e+00
1.507964473723100696e+02 0.000000000000000000e+00
1.511891464540087782e+02 0.000000000000000000e+00
1.515818455357075152e+02 0.000000000000000000e+00
1.519745446174062238e+02 0.000000000000000000e+00
1.523672436991049608e+02 0.000000000000000000e+00
1.527599427808036694e+02 0.000000000000000000e+00
1.531526418625024064e+02 0.000000000000000000e+00
1.535453409442011150e+02 0.000000000000000000e+00
1.539380400258998520e+02 0.000000000000000000e+00
1.543307391075985606e+02 0.000000000000000000e+00
1.547234381892972976e+02 0.000000000000000000e+00
1.551161372709960347e+02 0.000000000000000000e+00
1.555088363526947433e+02 0.000000000000000000e+00
1.559015354343934803e+02 0.000000000000000000e+00
1.562942345160921889e+02 0.000000000000000000e+00
1.566869335977909259e+02 0.000000000000000000e+00
1.570796326794896345e+02 0.000000000000000000e+00
1.574723317611883715e+02 0.000000000000000000e+00
1.578650308428870801e+02 0.000000000000000000e+00
1.582577299245858171e+02 0.000000000000000000e+00
1.586504290062845257e+02 0.000000000000000000e+00
1.590431280879832627e+02 0.000000000000000000e+00
1.594358271696819997e+02 0.000000000000000000e+00
1.598285262513807083e+02 0.000000000000000000e+00
1.602212253330794454e+02 0.000000000000000000e+00
1.606139244147781540e+02 0.000000000000000000e+00
1.610066234964768910e+02 -1.104188058036751057e-03
1.613993225781755996e+02 -3.614556411133078642e-03
1.617920216598743366e+02 -2.812555308301708384e-04
1.621847207415730452e+02 0.000000000000000000e+00
1.625774198232717822e+02 0.000000000000000000e+00
1.629701189049705192e+02 0.000000000000000000e+00
1.633628179866692278e+02 0.000000000000000000e+00
1.637555170683679648e+02 0.000000000000000000e+00
1.641482161500666734e+02 0.000000000000000000e+00
1.645409152317654105e+02 0.000000000000000000e+00
1.649336143134641190e+02 0.000000000000000000e+00
1.653263133951628561e+02 0.000000000000000000e+00
1.657190124768615647e+02 0.000000000000000000e+00
1.661117115585603017e+02 0.000000000000000000e+00
1.665044106402590103e+02 0.000000000000000000e+00
1.668971097219577473e+02 0.000000000000000000e+00
1.672898088036564843e+02 0.000000000000000000e+00
1.676825078853551929e+02 0.000000000000000000e+00
1.680752069670539299e+02 0.000000000000000000e+00
1.684679060487526385e+02 0.000000000000000000e+00
1.688606051304513755e+02 0.000000000000000000e+00
1.692533042121500841e+02 0.000000000000000000e+00
1.696460032938488212e+02 0.000000000000000000e+00
1.700387023755475298e+02 0.000000000000000000e+00
1.704314014572462668e+02 0.000000000000000000e+00
1.708241005389449754e+02 0.000000000000000000e+00
1.712167996206437124e+02 0.000000000000000000e+00
1.716094987023424494e+02 0.000000000000000000e+00
1.720021977840411580e+02 0.000000000000000000e+00
1.723948968657398950e+02 0.000000000000000000e+00
1.727875959474386036e+02 0.000000000000000000e+00
1.731802950291373406e+02 0.000000000000000000e+00
1.735729941108360492e+02 0.000000000000000000e+00
1.739656931925347862e+02 0.000000000000000000e+00
1.743583922742334948e+02 0.000000000000000000e+00
1.747510913559322319e+02 0.000000000000000000e+00
1.751437904376309405e+02 0.000000000000000000e+00
1.755364895193296775e+02 0.000000000000000000e+00
1.759291886010284145e+02 0.000000000000000000e+00
1.763218876827271231e+02 0.000000000000000000e+00
1.767145867644258601e+02 0.000000000000000000e+00
1.771072858461245687e+02 0.000000000000000000e+00
1.774999849278233057e+02 0.000000000000000000e+00
1.778926840095220143e+02 0.000000000000000000e+00
1.782853830912207513e+02 0.000000000000000000e+00
1.786780821729194599e+02 0.000000000000000000e+00
1.790707812546181970e+02 0.000000000000000000e+00
1.794634803363169056e+02 0.000000000000000000e+00
1.798561794180156426e+02 0.000000000000000000e+00
1.802488784997143796e+02 0.000000000000000000e+00
1.806415775814130882e+02 0.000000000000000000e+00
1.810342766631118252e+02 0.000000000000000000e+00
1.814269757448105338e+02 0.000000000000000000e+00
1.818196748265092708e+02 0.000000000000000000e+00
1.822123739082079794e+02 0.000000000000000000e+00
1.826050729899067164e+02 0.000000000000000000e+00
1.829977720716054250e+02 0.000000000000000000e+00
1.833904711533041620e+02 0.000000000000000000e+00
1.837831702350028706e+02 0.000000000000000000e+00
1.841758693167016077e+02 0.000000000000000000e+00
1.845685683984003447e+02 0.000000000000000000e+00
1.849612674800990533e+02 0.000000000000000000e+00
1.853539665617977903e+02 0.000000000000000000e+00
1.857466656434964989e+02 -1.120041870075300062e-04
1.861393647251952359e+02 -3.551391902376891622e-03
1.865320638068939445e+02 -5.092887338701729792e-03
1.869247628885926815e+02 -1.243716571913850008e-03
1.873174619702913901e+02 0.000000000000000000e+00
1.877101610519901271e+02 -8.643806057777029986e-05
1.881028601336888357e+02 -3.256844592703037316e-03
1.884955592153875727e+02 -1.656717346719192895e-03
1.888882582970863098e+02 -2.175196697200703754e-03
1.892809573787850184e+02 -7.582246097762141215e-03
1.896736564604837554e+02 -4.281262539475276171e-03
1.900663555421824640e+02 -1.411829189061224003e-03
1.904590546238812010e+02 -6.989004922590310621e-03
1.908517537055799096e+02 -1.476272137026334377e-02
1.912444527872786466e+02 -3.075293970888816602e-03
1.916371518689773552e+02 -4.960501673917401891e-03
1.920298509506760922e+02 -9.397349186170793345e-03
1.924225500323748292e+02 -1.966897955493971534e-02
1.928152491140735378e+02 -1.066341665362957949e-02
1.932079481957722749e+02 -7.505989402868843557e-03
1.936006472774709835e+02 -5.994675156147863393e-03
1.939933463591697205e+02 -6.276135219552937856e-03
1.943860454408684291e+02 -9.439617846531319842e-03
1.947787445225671661e+02 -1.074777890179517276e-02
1.951714436042658747e+02 -8.357051764893012533e-03
1.955641426859646117e+02 -5.036018242521101036e-03
1.959568417676633203e+02 -1.304637490370905845e-02
1.963495408493620573e+02 -1.211456575285479141e-02
1.967422399310607943e+02 -9.247330879940826587e-03
1.971349390127595029e+02 -1.155832056764766538e-02
1.975276380944582399e+02 -5.914456341527583351e-03
1.979203371761569485e+02 -1.538180448470645272e-02
1.983130362578556856e+02 -1.725762744453220379e-02
1.987057353395543942e+02 -6.460040003547268608e-03
1.990984344212531312e+02 -8.160124708007259961e-03
1.994911335029518398e+02 -1.258275811174328768e-02
1.998838325846505768e+02 -1.234564862468659312e-02
2.002765316663492854e+02 -1.026823494298809841e-02
2.006692307480480224e+02 -1.041498625610294895e-02
2.010619298297467594e+02 -1.047100701811503470e-02
2.014546289114454680e+02 -1.145422428049045101e-02
2.018473279931442050e+02 -1.182267435730721857e-02
2.022400270748429136e+02 -1.344963631442376746e-02
2.026327261565416507e+02 -1.615264980622749605e-02
2.030254252382403592e+02 -1.328014330876471985e-02
2.034181243199390963e+02 -8.614585159590253463e-03
2.038108234016378049e+02 -7.073045590391861294e-03
2.042035224833365419e+02 -6.553127338729272666e-03
2.045962215650352505e+02 -7.504943451951114584e-03
2.049889206467339875e+02 -1.212312630264978687e-02
2.053816197284327245e+02 -1.331413285345048672e-02
2.057743188101314331e+02 -7.115095440913414386e-03
2.061670178918301701e+02 -1.279425209541273749e-02
2.065597169735288787e+02 -1.258363630573748615e-02
2.069524160552276157e+02 -1.057266668866385997e-02
2.073451151369263243e+02 -1.115198934463874220e-02
2.077378142186250614e+02 -1.136163264032217547e-02
2.081305133003237700e+02 -1.180056210020990169e-02
2.085232123820225070e+02 -1.223470447958639219e-02
2.089159114637212156e+02 -1.238720102153188958e-02
2.093086105454199526e+02 -1.243189831478433427e-02
2.097013096271186896e+02 -1.218212609257245116e-02
2.100940087088173982e+02 -1.204132627536646551e-02
2.104867077905161352e+02 -1.195391131578203703e-02
2.108794068722148438e+02 -1.207355040550596448e-02
2.112721059539135808e+02 -1.210746785034044759e-02
2.116648050356122894e+02 -1.203541810481196725e-02
2.120575041173110264e+02 -1.182375658161448177e-02
2.124502031990097350e+02 -1.134936770125957207e-02
2.128429022807084721e+02 -1.085261796593614894e-02
2.132356013624072091e+02 -1.057080016263146037e-02
2.136283004441059177e+02 -1.018540312941779331e-02
2.140209995258046547e+02 -1.006771628722888216e-02
2.144136986075033633e+02 -9.759340843306332780e-03
2.148063976892021003e+02 -9.539128924490271680e-03
2.151990967709008089e+02 -9.187577241929827457e-03
2.155917958525995459e+02 -9.065241852388801827e-03
2.159844949342982545e+02 -9.009400011494977586e-03
2.163771940159969915e+02 -9.023685480145074780e-03
2.167698930976957001e+02 -9.591866874160071693e-03
2.171625921793944372e+02 -9.927544962836085118e-03
2.175552912610931742e+02 -1.069140996622492366e-02
2.179479903427918828e+02 -1.094800606160162108e-02
2.183406894244906198e+02 -1.103730950257860929e-02
2.187333885061893284e+02 -1.086808541354896025e-02
2.191260875878880654e+02 -1.087442517713555455e-02
2.195187866695867740e+02 -1.115174860437415441e-02
2.199114857512855110e+02 -1.184668769279168324e-02
2.203041848329842196e+02 -1.396850859920590639e-02
2.206968839146829566e+02 -1.508800911174344207e-02
2.210895829963816652e+02 -1.054497176992535111e-02
2.214822820780804022e+02 -9.319201511959824408e-03
2.218749811597791393e+02 -8.322379785701149515e-03
2.222676802414778479e+02 -7.736882892293410648e-03
2.226603793231765849e+02 -6.793202682905815151e-03
2.230530784048752935e+02 -6.388557584447614006e-03
2.234457774865740305e+02 -7.231680904567244772e-03
2.238384765682727391e+02 -1.144984599882772208e-02
2.242311756499714761e+02 -9.868852634365746571e-03
2.246238747316701847e+02 -8.340311411150365048e-03
2.250165738133689217e+02 -8.155971613076656856e-03
2.254092728950676303e+02 -7.732214150598536520e-03
2.258019719767663673e+02 -7.277438623507580424e-03
2.261946710584651044e+02 -7.891365239025029815e-03
2.265873701401638129e+02 -8.286436909632570111e-03
2.269800692218625500e+02 -7.837702624260756146e-03
2.273727683035612586e+02 -9.205938562675019740e-03
2.277654673852599956e+02 -1.000879322519156699e-02
2.281581664669587042e+02 -9.521287789966845216e-03
2.285508655486574412e+02 -8.923727950446415369e-03
2.289435646303561498e+02 -9.578758206675868844e-03
2.293362637120548868e+02 -8.733507659455713723e-03
2.297289627937535954e+02 -9.124931657698332615e-03
2.301216618754523324e+02 -9.515945827812915050e-03
2.305143609571510694e+02 -8.265587526883657818e-03
2.309070600388497780e+02 -1.175509574691923319e-02
2.312997591205485151e+02 -8.907159242160596693e-03
2.316924582022472237e+02 -6.892174685710898696e-03
2.320851572839459607e+02 -9.691011769769372619e-03
2.324778563656446693e+02 -7.842397535281406956e-03
2.328705554473434063e+02 -8.769345823863794465e-03
2.332632545290421149e+02 -6.348445526354053528e-03
2.336559536107408519e+02 -9.668611134879065080e-03
2.340486526924395605e+02 -1.089072661766104025e-02
2.344413517741382975e+02 -4.281959413919676424e-03
2.348340508558370345e+02 -1.072377688471404418e-02
2.352267499375357431e+02 -1.153141396583441496e-02
2.356194490192344801e+02 -8.543711254271627031e-03
2.360121481009331887e+02 -9.615877772405570165e-03
2.364048471826319258e+02 -9.248581016302053967e-03
2.367975462643306344e+02 -1.592732203493734885e-02
2.371902453460293714e+02 -8.598734062570532327e-03
2.375829444277280800e+02 -4.889520126358866577e-03
2.379756435094268170e+02 -8.355506654475004097e-03
2.383683425911255256e+02 -8.265829138725075409e-03
2.387610416728242626e+02 -6.062966761258355326e-03
2.391537407545229996e+02 -1.006197785470179518e-02
2.395464398362217082e+02 -5.318210272079384494e-03
2.399391389179204452e+02 -7.371552626636768482e-03
2.403318379996191538e+02 -3.819981669828771513e-03
2.407245370813178909e+02 -1.188774290982326856e-02
2.411172361630165994e+02 -1.136657117432642028e-02
2.415099352447153365e+02 -1.423513317427710367e-02
2.419026343264140451e+02 -1.425214630086849704e-02
2.422953334081127821e+02 -1.003811224055562584e-02
2.426880324898115191e+02 -4.957452724218343494e-03
2.430807315715102277e+02 -8.756087636807187782e-03
2.434734306532089647e+02 -1.666045366231801855e-02
2.438661297349076733e+02 -1.025863943067159036e-02
2.442588288166064103e+02 -9.702502721503346653e-03
2.446515278983051189e+02 -4.364300158280482247e-03
2.450442269800038559e+02 -1.016186412594044519e-02
2.454369260617025645e+02 -9.315325963745572230e-03
2.458296251434013016e+02 -1.767917608871140064e-03
2.462223242251000102e+02 -4.287281562109109684e-03
2.466150233067987472e+02 -8.649541653047983919e-03
2.470077223884974842e+02 -1.027973304794481228e-02
2.474004214701961928e+02 -9.048112825066192966e-03
2.477931205518949298e+02 -1.221043974585312927e-02
2.481858196335936384e+02 -1.493863775736229728e-02
2.485785187152923754e+02 -1.171630486157530446e-02
2.489712177969910840e+02 -1.583224930244938461e-02
2.493639168786898210e+02 -7.226804098651177372e-03
2.497566159603885296e+02 -3.586700318903685535e-03
2.501493150420872666e+02 -6.262589533670141762e-03
2.505420141237859752e+02 -4.964653975315782425e-03
2.509347132054847123e+02 -1.021725305271724976e-02
2.513274122871834493e+02 -1.483440402623770714e-02
2.517201113688821579e+02 -1.893183008360819694e-02
2.521128104505808949e+02 -1.658584144539394789e-02
2.525055095322796035e+02 -1.285171882909853444e-02
2.528982086139783405e+02 -1.402878869206138426e-02
2.532909076956770491e+02 -1.358332426237636621e-02
2.536836067773757861e+02 -8.666261886406748105e-03
2.540763058590744947e+02 -9.901810547535466658e-04
2.544690049407732317e+02 -1.147673508831792985e-03
2.548617040224719403e+02 -9.971451439393208549e-03
2.552544031041706774e+02 -1.255019908845170749e-02
2.556471021858693859e+02 -6.289205103709676233e-03
2.560398012675681798e+02 -3.904022796979230055e-03
2.564325003492668884e+02 -1.110294754789188480e-02
2.568251994309655970e+02 -1.542617342226970494e-02
2.572178985126643056e+02 -6.881372861351190209e-03
2.576105975943630710e+02 -1.080303413254525557e-02
2.580032966760617796e+02 -1.132839988306357654e-02
2.583959957577604882e+02 -1.830876603077938314e-02
2.587886948394591968e+02 -7.389607029808479763e-03
2.591813939211579623e+02 -7.584154413092424052e-03
2.595740930028566709e+02 -8.555670516853694854e-03
2.599667920845553795e+02 -1.078401566029036675e-02
2.603594911662541449e+02 -7.279022679518731657e-03
2.607521902479528535e+02 -5.711837378119965017e-03
2.611448893296515621e+02 -1.460679939262433252e-02
2.615375884113502707e+02 -1.714453654445530911e-02
2.619302874930490361e+02 -1.417761921083315890e-02
2.623229865747477447e+02 -8.192942912081549109e-03
2.627156856564464533e+02 -4.406089005566894354e-03
2.631083847381451619e+02 -1.166609133863524828e-02
2.635010838198439274e+02 -7.685311297098218648e-03
2.638937829015426360e+02 -1.520370144356542746e-02
2.642864819832413446e+02 -1.800184378200667470e-02
2.646791810649401100e+02 -1.541115907514798572e-02
2.650718801466388186e+02 -1.160721791252814460e-02
2.654645792283375272e+02 -1.402691756979626211e-02
2.658572783100362358e+02 -9.424272327541919833e-03
2.662499773917350012e+02 -8.457342766802586342e-03
2.666426764734337098e+02 -1.526731348723369547e-02
2.670353755551324184e+02 -7.013511778091501003e-03
2.674280746368311270e+02 -7.094527645739000243e-03
2.678207737185298924e+02 -1.046044373422749460e-02
2.682134728002286010e+02 -1.075113687767606171e-02
2.686061718819273096e+02 -8.232718884691726108e-03
2.689988709636260751e+02 -1.450425608281640140e-02
2.693915700453247837e+02 -1.948010497885794418e-02
2.697842691270234923e+02 -9.493115769217214117e-03
2.701769682087222009e+02 -6.364076236620836401e-03
2.705696672904209663e+02 -9.430338713648789284e-03
2.709623663721196749e+02 -8.980823319804605298e-03
2.713550654538183835e+02 -1.278334199703196061e-02
2.717477645355170921e+02 -1.283004835061810588e-02
2.721404636172158575e+02 -1.634970444795690730e-02
2.725331626989145661e+02 -1.813894610553182588e-02
2.729258617806132747e+02 -7.653230273441526815e-03
2.733185608623120402e+02 -1.091011987395777011e-02
2.737112599440107488e+02 -9.042501831878123342e-03
2.741039590257094574e+02 -4.604374210785034012e-03
2.744966581074081660e+02 -5.979375661453031551e-03
2.748893571891069314e+02 -7.699074026771945099e-03
2.752820562708056400e+02 -1.528170353434230022e-02
2.756747553525043486e+02 -1.426427846274210334e-02
2.760674544342030572e+02 -1.355169630516971091e-02
2.764601535159018226e+02 -5.437981117488551591e-03
2.768528525976005312e+02 -9.553161921861685196e-03
2.772455516792992398e+02 -4.727581238544679466e-03
2.776382507609980053e+02 -4.825745697516696520e-03
2.780309498426967139e+02 -7.633088537383449917e-03
2.784236489243954225e+02 -1.154271677042052746e-02
2.788163480060941311e+02 -1.698914575718599163e-02
2.792090470877928965e+02 -8.834071600887793280e-03
2.796017461694916051e+02 -1.077784485069384693e-02
2.799944452511903137e+02 -1.147278113212824371e-02
2.803871443328890791e+02 -4.674095829088112039e-03
2.807798434145877877e+02 -8.358266498796824637e-03
2.811725424962864963e+02 -1.401779472407398315e-02
2.815652415779852049e+02 -6.441516808538010411e-03
2.819579406596839704e+02 -3.410746461975768928e-03
2.823506397413826789e+02 -1.133003914763067236e-04
2.827433388230813875e+02 0.000000000000000000e+00
2.831360379047800961e+02 0.000000000000000000e+00
2.835287369864788616e+02 0.000000000000000000e+00
2.839214360681775702e+02 -1.913768585474984470e-05
2.843141351498762788e+02 -2.899191036769481304e-03
2.847068342315750442e+02 -2.081671277375769270e-03
2.850995333132737528e+02 0.000000000000000000e+00
2.854922323949724614e+02 0.000000000000000000e+00
2.858849314766711700e+02 0.000000000000000000e+00
2.862776305583699354e+02 0.000000000000000000e+00
2.866703296400686440e+02 -6.804424451414146837e-04
2.870630287217673526e+02 -3.747644283679798464e-03
2.874557278034660612e+02 -5.719132711787873902e-04
2.878484268851648267e+02 0.000000000000000000e+00
2.882411259668635353e+02 0.000000000000000000e+00
2.886338250485622439e+02 0.000000000000000000e+00
2.890265241302610093e+02 0.000000000000000000e+00
2.894192232119597179e+02 0.000000000000000000e+00
2.898119222936584265e+02 0.000000000000000000e+00
2.902046213753571351e+02 0.000000000000000000e+00
2.905973204570559005e+02 0.000000000000000000e+00
2.909900195387546091e+02 0.000000000000000000e+00
2.913827186204533177e+02 0.000000000000000000e+00
2.917754177021520263e+02 0.000000000000000000e+00
2.921681167838507918e+02 0.000000000000000000e+00
2.925608158655495004e+02 0.000000000000000000e+00
2.929535149472482090e+02 0.000000000000000000e+00
2.933462140289469744e+02 0.000000000000000000e+00
2.937389131106456830e+02 0.000000000000000000e+00
2.941316121923443916e+02 0.000000000000000000e+00
2.945243112740431002e+02 0.000000000000000000e+00
2.949170103557418656e+02 0.000000000000000000e+00
2.953097094374405742e+02 0.000000000000000000e+00
2.957024085191392828e+02 0.000000000000000000e+00
2.960951076008379914e+02 0.000000000000000000e+00
2.964878066825367569e+02 0.000000000000000000e+00
2.968805057642354654e+02 0.000000000000000000e+00
2.972732048459341740e+02 0.000000000000000000e+00
2.976659039276329395e+02 0.000000000000000000e+00
2.980586030093316481e+02 0.000000000000000000e+00
2.984513020910303567e+02 0.000000000000000000e+00
2.988440011727290653e+02 0.000000000000000000e+00
2.992367002544278307e+02 0.000000000000000000e+00
2.996293993361265393e+02 0.000000000000000000e+00
3.000220984178252479e+02 -7.912752483239805164e-07
3.004147974995239565e+02 -2.587371103072162986e-03
3.008074965812227219e+02 -2.411837621679513433e-03
3.012001956629214305e+02 0.000000000000000000e+00
3.015928947446201391e+02 0.000000000000000000e+00
3.019855938263189046e+02 0.000000000000000000e+00
3.023782929080176132e+02 0.000000000000000000e+00
3.027709919897163218e+02 0.000000000000000000e+00
3.031636910714150304e+02 0.000000000000000000e+00
3.035563901531137958e+02 0.000000000000000000e+00
3.039490892348125044e+02 0.000000000000000000e+00
3.043417883165112130e+02 0.000000000000000000e+00
3.047344873982099216e+02 0.000000000000000000e+00
3.051271864799086870e+02 0.000000000000000000e+00
3.055198855616073956e+02 0.000000000000000000e+00
3.059125846433061042e+02 0.000000000000000000e+00
3.063052837250048697e+02 0.000000000000000000e+00
3.066979828067035783e+02 0.000000000000000000e+00
3.070906818884022869e+02 0.000000000000000000e+00
3.074833809701009955e+02 0.000000000000000000e+00
3.078760800517997609e+02 0.000000000000000000e+00
3.082687791334984695e+02 0.000000000000000000e+00
3.086614782151971781e+02 0.000000000000000000e+00
3.090541772968958867e+02 0.000000000000000000e+00
3.094468763785946521e+02 0.000000000000000000e+00
3.098395754602933607e+02 0.000000000000000000e+00
3.102322745419920693e+02 0.000000000000000000e+00
3.106249736236908348e+02 0.000000000000000000e+00
3.110176727053895434e+02 0.000000000000000000e+00
3.114103717870882519e+02 0.000000000000000000e+00
3.118030708687869605e+02 0.000000000000000000e+00
3.121957699504857260e+02 0.000000000000000000e+00
3.125884690321844346e+02 0.000000000000000000e+00
3.129811681138831432e+02 0.000000000000000000e+00
3.133738671955818518e+02 0.000000000000000000e+00
3.137665662772806172e+02 0.000000000000000000e+00
3.141592653589793258e+02 0.000000000000000000e+00
3.145519644406780344e+02 0.000000000000000000e+00
3.149446635223767998e+02 0.000000000000000000e+00
3.153373626040755084e+02 0.000000000000000000e+00
3.157300616857742170e+02 0.000000000000000000e+00
3.161227607674729256e+02 0.000000000000000000e+00
3.165154598491716911e+02 0.000000000000000000e+00
3.169081589308703997e+02 0.000000000000000000e+00
3.173008580125691083e+02 0.000000000000000000e+00
3.176935570942678169e+02 0.000000000000000000e+00
3.180862561759665823e+02 0.000000000000000000e+00
3.184789552576652909e+02 0.000000000000000000e+00
3.188716543393639995e+02 0.000000000000000000e+00
3.192643534210627649e+02 0.000000000000000000e+00
3.196570525027614735e+02 0.000000000000000000e+00
3.200497515844601821e+02 0.000000000000000000e+00
3.204424506661588907e+02 0.000000000000000000e+00
3.208351497478576562e+02 0.000000000000000000e+00
3.212278488295563648e+02 0.000000000000000000e+00
3.216205479112550734e+02 0.000000000000000000e+00
3.220132469929537820e+02 0.000000000000000000e+00
3.224059460746525474e+02 0.000000000000000000e+00
3.227986451563512560e+02 0.000000000000000000e+00
3.231913442380499646e+02 0.000000000000000000e+00
3.235840433197487300e+02 0.000000000000000000e+00
3.239767424014474386e+02 0.000000000000000000e+00
3.243694414831461472e+02 0.000000000000000000e+00
3.247621405648448558e+02 0.000000000000000000e+00
3.251548396465436213e+02 0.000000000000000000e+00
3.255475387282423299e+02 0.000000000000000000e+00
3.259402378099410384e+02 0.000000000000000000e+00
3.263329368916398039e+02 0.000000000000000000e+00
3.267256359733385125e+02 0.000000000000000000e+00
3.271183350550372211e+02 0.000000000000000000e+00
3.275110341367359297e+02 0.000000000000000000e+00
3.279037332184346951e+02 0.000000000000000000e+00
3.282964323001334037e+02 0.000000000000000000e+00
3.286891313818321123e+02 0.000000000000000000e+00
3.290818304635308209e+02 0.000000000000000000e+00
3.294745295452295863e+02 0.000000000000000000e+00
3.298672286269282949e+02 0.000000000000000000e+00
3.302599277086270035e+02 0.000000000000000000e+00
3.306526267903257690e+02 0.000000000000000000e+00
3.310453258720244776e+02 0.000000000000000000e+00
3.314380249537231862e+02 0.000000000000000000e+00
3.318307240354218948e+02 0.000000000000000000e+00
3.322234231171206602e+02 0.000000000000000000e+00
3.326161221988193688e+02 0.000000000000000000e+00
3.330088212805180774e+02 0.000000000000000000e+00
3.334015203622167860e+02 0.000000000000000000e+00
3.337942194439155514e+02 0.000000000000000000e+00
3.341869185256142600e+02 0.000000000000000000e+00
3.345796176073129686e+02 0.000000000000000000e+00
3.349723166890117341e+02 0.000000000000000000e+00
3.353650157707104427e+02 0.000000000000000000e+00
3.357577148524091513e+02 0.000000000000000000e+00
3.361504139341078599e+02 0.000000000000000000e+00
3.365431130158066253e+02 0.000000000000000000e+00
3.369358120975053339e+02 0.000000000000000000e+00
3.373285111792040425e+02 0.000000000000000000e+00
3.377212102609027511e+02 0.000000000000000000e+00
3.381139093426015165e+02 0.000000000000000000e+00
3.385066084243002251e+02 0.000000000000000000e+00
3.388993075059989337e+02 0.000000000000000000e+00
3.392920065876976992e+02 0.000000000000000000e+00
3.396847056693964078e+02 0.000000000000000000e+00
3.400774047510951164e+02 0.000000000000000000e+00
3.404701038327938249e+02 0.000000000000000000e+00
3.408628029144925904e+02 0.000000000000000000e+00
3.412555019961912990e+02 0.000000000000000000e+00
3.416482010778900076e+02 0.000000000000000000e+00
3.420409001595887162e+02 0.000000000000000000e+00
3.424335992412874816e+02 0.000000000000000000e+00
3.428262983229861902e+02 0.000000000000000000e+00
3.432189974046848988e+02 0.000000000000000000e+00
3.436116964863836643e+02 0.000000000000000000e+00
3.440043955680823728e+02 0.000000000000000000e+00
3.443970946497810814e+02 0.000000000000000000e+00
3.447897937314797900e+02 0.000000000000000000e+00
3.451824928131785555e+02 0.000000000000000000e+00
3.455751918948772641e+02 0.000000000000000000e+00
3.459678909765759727e+02 0.000000000000000000e+00
3.463605900582746813e+02 0.000000000000000000e+00
3.467532891399734467e+02 0.000000000000000000e+00
3.471459882216721553e+02 0.000000000000000000e+00
3.475386873033708639e+02 0.000000000000000000e+00
3.479313863850696293e+02 0.000000000000000000e+00
3.483240854667683379e+02 0.000000000000000000e+00
3.487167845484670465e+02 0.000000000000000000e+00
3.491094836301657551e+02 0.000000000000000000e+00
3.495021827118645206e+02 0.000000000000000000e+00
3.498948817935632292e+02 0.000000000000000000e+00
3.502875808752619378e+02 0.000000000000000000e+00
3.506802799569606464e+02 0.000000000000000000e+00
3.510729790386594118e+02 0.000000000000000000e+00
3.514656781203581204e+02 0.000000000000000000e+00
3.518583772020568290e+02 0.000000000000000000e+00
3.522510762837555944e+02 0.000000000000000000e+00
3.526437753654543030e+02 0.000000000000000000e+00
3.530364744471530116e+02 0.000000000000000000e+00
3.534291735288517202e+02 0.000000000000000000e+00
3.538218726105504857e+02 0.000000000000000000e+00
3.542145716922491943e+02 0.000000000000000000e+00
3.546072707739479029e+02 0.000000000000000000e+00
3.549999698556466114e+02 0.000000000000000000e+00
3.553926689373453769e+02 0.000000000000000000e+00
3.557853680190440855e+02 0.000000000000000000e+00
3.561780671007427941e+02 0.000000000000000000e+00
3.565707661824415595e+02 0.000000000000000000e+00
3.569634652641402681e+02 0.000000000000000000e+00
3.573561643458389767e+02 0.000000000000000000e+00
3.577488634275376853e+02 0.000000000000000000e+00
3.581415625092364508e+02 0.000000000000000000e+00
3.585342615909351593e+02 0.000000000000000000e+00
3.589269606726338679e+02 0.000000000000000000e+00
3.593196597543325765e+02 0.000000000000000000e+00
3.597123588360313420e+02 0.000000000000000000e+00
3.601050579177300506e+02 0.000000000000000000e+00
3.604977569994287592e+02 0.000000000000000000e+00
3.608904560811275246e+02 0.000000000000000000e+00
3.612831551628262332e+02 0.000000000000000000e+00
3.616758542445249418e+02 0.000000000000000000e+00
3.620685533262236504e+02 0.000000000000000000e+00
3.624612524079224158e+02 0.000000000000000000e+00
3.628539514896211244e+02 0.000000000000000000e+00
3.632466505713198330e+02 0.000000000000000000e+00
3.636393496530185416e+02 0.000000000000000000e+00
3.640320487347173071e+02 0.000000000000000000e+00
3.644247478164160157e+02 0.000000000000000000e+00
3.648174468981147243e+02 0.000000000000000000e+00
3.652101459798134897e+02 0.000000000000000000e+00
3.656028450615121983e+02 0.000000000000000000e+00
3.659955441432109069e+02 0.000000000000000000e+00
3.663882432249096155e+02 0.000000000000000000e+00
3.667809423066083809e+02 0.000000000000000000e+00
3.671736413883070895e+02 0.000000000000000000e+00
3.675663404700057981e+02 0.000000000000000000e+00
3.679590395517045067e+02 0.000000000000000000e+00
3.683517386334032722e+02 0.000000000000000000e+00
3.687444377151019808e+02 0.000000000000000000e+00
3.691371367968006894e+02 0.000000000000000000e+00
3.695298358784994548e+02 0.000000000000000000e+00
3.699225349601981634e+02 0.000000000000000000e+00
3.703152340418968720e+02 0.000000000000000000e+00
3.707079331235955806e+02 0.000000000000000000e+00
3.711006322052943460e+02 0.000000000000000000e+00
3.714933312869930546e+02 0.000000000000000000e+00
3.718860303686917632e+02 0.000000000000000000e+00
3.722787294503904718e+02 0.000000000000000000e+00
3.726714285320892373e+02 0.000000000000000000e+00
3.730641276137879458e+02 0.000000000000000000e+00
3.734568266954866544e+02 0.000000000000000000e+00
3.738495257771854199e+02 0.000000000000000000e+00
3.742422248588841285e+02 0.000000000000000000e+00
3.746349239405828371e+02 0.000000000000000000e+00
3.750276230222815457e+02 0.000000000000000000e+00
3.754203221039803111e+02 0.000000000000000000e+00
3.758130211856790197e+02 0.000000000000000000e+00
3.762057202673777283e+02 0.000000000000000000e+00
3.765984193490764369e+02 0.000000000000000000e+00
3.769911184307752023e+02 0.000000000000000000e+00
3.773838175124739109e+02 0.000000000000000000e+00
3.777765165941726195e+02 0.000000000000000000e+00
3.781692156758713850e+02 0.000000000000000000e+00
3.785619147575700936e+02 0.000000000000000000e+00
3.789546138392688022e+02 0.000000000000000000e+00
3.793473129209675108e+02 0.000000000000000000e+00
3.797400120026662762e+02 0.000000000000000000e+00
3.801327110843649848e+02 0.000000000000000000e+00
3.805254101660636934e+02 0.000000000000000000e+00
3.809181092477624588e+02 0.000000000000000000e+00
3.813108083294611674e+02 0.000000000000000000e+00
3.817035074111598760e+02 0.000000000000000000e+00
3.820962064928585846e+02 0.000000000000000000e+00
3.824889055745573501e+02 0.000000000000000000e+00
3.828816046562560587e+02 0.000000000000000000e+00
3.832743037379547673e+02 0.000000000000000000e+00
3.836670028196534759e+02 0.000000000000000000e+00
3.840597019013522413e+02 0.000000000000000000e+00
3.844524009830509499e+02 0.000000000000000000e+00
3.848451000647496585e+02 0.000000000000000000e+00
3.852377991464484239e+02 0.000000000000000000e+00
3.856304982281471325e+02 0.000000000000000000e+00
3.860231973098458411e+02 0.000000000000000000e+00
3.864158963915445497e+02 0.000000000000000000e+00
3.868085954732433152e+02 0.000000000000000000e+00
3.872012945549420238e+02 0.000000000000000000e+00
3.875939936366407323e+02 0.000000000000000000e+00
3.879866927183394409e+02 0.000000000000000000e+00
3.883793918000382064e+02 0.000000000000000000e+00
3.887720908817369150e+02 0.000000000000000000e+00
3.891647899634356236e+02 0.000000000000000000e+00
3.895574890451343890e+02 0.000000000000000000e+00
3.899501881268330976e+02 0.000000000000000000e+00
3.903428872085318062e+02 0.000000000000000000e+00
3.907355862902305148e+02 0.000000000000000000e+00
3.911282853719292802e+02 0.000000000000000000e+00
3.915209844536279888e+02 0.000000000000000000e+00
3.919136835353266974e+02 0.000000000000000000e+00
3.923063826170254060e+02 0.000000000000000000e+00
3.926990816987241715e+02 0.000000000000000000e+00
3.930917807804228801e+02 0.000000000000000000e+00
3.934844798621215887e+02 0.000000000000000000e+00
3.938771789438203541e+02 0.000000000000000000e+00
3.942698780255190627e+02 0.000000000000000000e+00
3.946625771072177713e+02 0.000000000000000000e+00
3.950552761889164799e+02 0.000000000000000000e+00
3.954479752706152453e+02 0.000000000000000000e+00
3.958406743523139539e+02 0.000000000000000000e+00
3.962333734340126625e+02 0.000000000000000000e+00
3.966260725157113711e+02 0.000000000000000000e+00
3.970187715974101366e+02 0.000000000000000000e+00
3.974114706791088452e+02 0.000000000000000000e+00
3.978041697608075538e+02 0.000000000000000000e+00
3.981968688425063192e+02 0.000000000000000000e+00
3.985895679242050278e+02 0.000000000000000000e+00
3.989822670059037364e+02 0.000000000000000000e+00
3.993749660876024450e+02 0.000000000000000000e+00
3.997676651693012104e+02 0.000000000000000000e+00
4.001603642509999190e+02 0.000000000000000000e+00
4.005530633326986276e+02 0.000000000000000000e+00
4.009457624143973362e+02 0.000000000000000000e+00
4.013384614960961017e+02 0.000000000000000000e+00
4.017311605777948103e+02 0.000000000000000000e+00
4.021238596594935188e+02 0.000000000000000000e+00
4.025165587411922843e+02 0.000000000000000000e+00
4.029092578228909929e+02 0.000000000000000000e+00
4.033019569045897015e+02 0.000000000000000000e+00
4.036946559862884101e+02 0.000000000000000000e+00
4.040873550679871755e+02 0.000000000000000000e+00
4.044800541496858841e+02 0.000000000000000000e+00
4.048727532313845927e+02 0.000000000000000000e+00
4.052654523130833013e+02 0.000000000000000000e+00
4.056581513947820667e+02 0.000000000000000000e+00
4.060508504764807753e+02 0.000000000000000000e+00
4.064435495581794839e+02 0.000000000000000000e+00
4.068362486398782494e+02 0.000000000000000000e+00
4.072289477215769580e+02 0.000000000000000000e+00
4.076216468032756666e+02 0.000000000000000000e+00
4.080143458849743752e+02 0.000000000000000000e+00
4.084070449666731406e+02 0.000000000000000000e+00
4.087997440483718492e+02 0.000000000000000000e+00
4.091924431300705578e+02 0.000000000000000000e+00
4.095851422117692664e+02 0.000000000000000000e+00
4.099778412934680318e+02 0.000000000000000000e+00
4.103705403751667404e+02 0.000000000000000000e+00
4.107632394568654490e+02 0.000000000000000000e+00
4.111559385385642145e+02 0.000000000000000000e+00
4.115486376202629231e+02 0.000000000000000000e+00
4.119413367019616317e+02 0.000000000000000000e+00
4.123340357836603403e+02 0.000000000000000000e+00
4.127267348653591057e+02 0.000000000000000000e+00
4.131194339470578143e+02 0.000000000000000000e+00
4.135121330287565229e+02 0.000000000000000000e+00
4.139048321104552315e+02 0.000000000000000000e+00
4.142975311921539969e+02 0.000000000000000000e+00
4.146902302738527055e+02 0.000000000000000000e+00
4.150829293555514141e+02 0.000000000000000000e+00
4.154756284372501796e+02 0.000000000000000000e+00
4.158683275189488882e+02 0.000000000000000000e+00
4.162610266006475968e+02 0.000000000000000000e+00
4.166537256823463053e+02 0.000000000000000000e+00
4.170464247640450708e+02 0.000000000000000000e+00
4.174391238457437794e+02 0.000000000000000000e+00
4.178318229274424880e+02 0.000000000000000000e+00
4.182245220091411966e+02 0.000000000000000000e+00
4.186172210908399620e+02 0.000000000000000000e+00
4.190099201725386706e+02 0.000000000000000000e+00
4.194026192542373792e+02 0.000000000000000000e+00
4.197953183359361446e+02 0.000000000000000000e+00
4.201880174176348532e+02 0.000000000000000000e+00
4.205807164993335618e+02 0.000000000000000000e+00
4.209734155810322704e+02 0.000000000000000000e+00
4.213661146627310359e+02 0.000000000000000000e+00
4.217588137444297445e+02 0.000000000000000000e+00
4.221515128261284531e+02 0.000000000000000000e+00
4.225442119078271617e+02 0.000000000000000000e+00
4.229369109895259271e+02 0.000000000000000000e+00
4.233296100712246357e+02 0.000000000000000000e+00
4.237223091529233443e+02 0.000000000000000000e+00
4.241150082346221097e+02 0.000000000000000000e+00
4.245077073163208183e+02 0.000000000000000000e+00
4.249004063980195269e+02 0.000000000000000000e+00
4.252931054797182355e+02 0.000000000000000000e+00
4.256858045614170010e+02 0.000000000000000000e+00
4.260785036431157096e+02 0.000000000000000000e+00
4.264712027248144182e+02 0.000000000000000000e+00
4.268639018065131836e+02 0.000000000000000000e+00
4.272566008882118922e+02 0.000000000000000000e+00
4.276492999699106008e+02 0.000000000000000000e+00
4.280419990516093094e+02 0.000000000000000000e+00
4.284346981333080748e+02 0.000000000000000000e+00
4.288273972150067834e+02 0.000000000000000000e+00
4.292200962967054920e+02 0.000000000000000000e+00
4.296127953784042006e+02 0.000000000000000000e+00
4.300054944601029661e+02 0.000000000000000000e+00
4.303981935418016747e+02 0.000000000000000000e+00
4.307908926235003833e+02 0.000000000000000000e+00
4.311835917051991487e+02 0.000000000000000000e+00
4.315762907868978573e+02 0.000000000000000000e+00
4.319689898685965659e+02 0.000000000000000000e+00
4.323616889502952745e+02 0.000000000000000000e+00
4.327543880319940399e+02 0.000000000000000000e+00
4.331470871136927485e+02 0.000000000000000000e+00
4.335397861953914571e+02 0.000000000000000000e+00
4.339324852770901657e+02 0.000000000000000000e+00
4.343251843587889311e+02 0.000000000000000000e+00
4.347178834404876397e+02 0.000000000000000000e+00
4.351105825221863483e+02 0.000000000000000000e+00
4.355032816038851138e+02 0.000000000000000000e+00
4.358959806855838224e+02 0.000000000000000000e+00
4.362886797672825310e+02 0.000000000000000000e+00
4.366813788489812396e+02 0.000000000000000000e+00
4.370740779306800050e+02 0.000000000000000000e+00
4.374667770123787136e+02 0.000000000000000000e+00
4.378594760940774222e+02 0.000000000000000000e+00
4.382521751757761308e+02 0.000000000000000000e+00
4.386448742574748962e+02 0.000000000000000000e+00
4.390375733391736048e+02 0.000000000000000000e+00
4.394302724208723134e+02 0.000000000000000000e+00
4.398229715025710789e+02 0.000000000000000000e+00
4.402156705842697875e+02 0.000000000000000000e+00
4.406083696659684961e+02 0.000000000000000000e+00
4.410010687476672047e+02 0.000000000000000000e+00
4.413937678293659701e+02 0.000000000000000000e+00
4.417864669110646787e+02 0.000000000000000000e+00
4.421791659927633873e+02 0.000000000000000000e+00
4.425718650744620959e+02 0.000000000000000000e+00
4.429645641561608613e+02 0.000000000000000000e+00
4.433572632378595699e+02 0.000000000000000000e+00
4.437499623195582785e+02 0.000000000000000000e+00
4.441426614012570440e+02 0.000000000000000000e+00
4.445353604829557526e+02 0.000000000000000000e+00
4.449280595646544612e+02 0.000000000000000000e+00
4.453207586463531698e+02 0.000000000000000000e+00
4.457134577280519352e+02 0.000000000000000000e+00
4.461061568097506438e+02 0.000000000000000000e+00
4.464988558914493524e+02 0.000000000000000000e+00
4.468915549731480610e+02 0.000000000000000000e+00
4.472842540548468264e+02 0.000000000000000000e+00
4.476769531365455350e+02 0.000000000000000000e+00
4.480696522182442436e+02 0.000000000000000000e+00
4.484623512999430091e+02 0.000000000000000000e+00
4.488550503816417176e+02 0.000000000000000000e+00
4.492477494633404262e+02 0.000000000000000000e+00
4.496404485450391348e+02 0.000000000000000000e+00
4.500331476267379003e+02 0.000000000000000000e+00
4.504258467084366089e+02 0.000000000000000000e+00
4.508185457901353175e+02 0.000000000000000000e+00
4.512112448718340261e+02 0.000000000000000000e+00
4.516039439535327915e+02 0.000000000000000000e+00
4.519966430352315001e+02 0.000000000000000000e+00
4.523893421169302087e+02 0.000000000000000000e+00
4.527820411986289741e+02 0.000000000000000000e+00
4.531747402803276827e+02 0.000000000000000000e+00
4.535674393620263913e+02 0.000000000000000000e+00
4.539601384437250999e+02 0.000000000000000000e+00
4.543528375254238654e+02 0.000000000000000000e+00
4.547455366071225740e+02 0.000000000000000000e+00
4.551382356888212826e+02 0.000000000000000000e+00
4.555309347705199912e+02 0.000000000000000000e+00
4.559236338522187566e+02 0.000000000000000000e+00
4.563163329339174652e+02 0.000000000000000000e+00
4.567090320156161738e+02 0.000000000000000000e+00
4.571017310973149392e+02 0.000000000000000000e+00
4.574944301790136478e+02 0.000000000000000000e+00
4.578871292607123564e+02 0.000000000000000000e+00
4.582798283424110650e+02 0.000000000000000000e+00
4.586725274241098305e+02 0.000000000000000000e+00
4.590652265058085391e+02 0.000000000000000000e+00
4.594579255875072477e+02 0.000000000000000000e+00
4.598506246692059563e+02 0.000000000000000000e+00
4.602433237509047217e+02 0.000000000000000000e+00
4.606360228326034303e+02 0.000000000000000000e+00
4.610287219143021389e+02 0.000000000000000000e+00
4.614214209960009043e+02 0.000000000000000000e+00
4.618141200776996129e+02 0.000000000000000000e+00
4.622068191593983215e+02 0.000000000000000000e+00
4.625995182410970301e+02 0.000000000000000000e+00
4.629922173227957956e+02 0.000000000000000000e+00
4.633849164044945041e+02 0.000000000000000000e+00
4.637776154861932127e+02 0.000000000000000000e+00
4.641703145678919213e+02 0.000000000000000000e+00
4.645630136495906868e+02 0.000000000000000000e+00
4.649557127312893954e+02 0.000000000000000000e+00
4.653484118129881040e+02 0.000000000000000000e+00
4.657411108946868694e+02 0.000000000000000000e+00
4.661338099763855780e+02 0.000000000000000000e+00
4.665265090580842866e+02 0.000000000000000000e+00
4.669192081397829952e+02 0.000000000000000000e+00
4.673119072214817606e+02 0.000000000000000000e+00
4.677046063031804692e+02 0.000000000000000000e+00
4.680973053848791778e+02 0.000000000000000000e+00
4.684900044665778864e+02 0.000000000000000000e+00
4.688827035482766519e+02 0.000000000000000000e+00
4.692754026299753605e+02 0.000000000000000000e+00
4.696681017116740691e+02 0.000000000000000000e+00
4.700608007933728345e+02 0.000000000000000000e+00
4.704534998750715431e+02 0.000000000000000000e+00
4.708461989567702517e+02 0.000000000000000000e+00
4.712388980384689603e+02 0.000000000000000000e+00
