# q:-1.000000e+00, m:1.000000e+00, N:480 - x,px,py,pz,w
2.494662215784680370e+02 4.680442322730163363e-01 -3.072320504284998654e-04 0.000000000000000000e+00 1.963495408493620871e-03
1.646681210232764840e+02 9.526554403345630084e-02 -2.306763718692510755e-04 0.000000000000000000e+00 1.963495408493620871e-03
2.054422662164049029e+02 -2.307508076284181878e-04 -4.008202219365063212e-03 0.000000000000000000e+00 1.963495408493620871e-03
2.415040491479236096e+02 1.179829477070549471e-01 1.625386911053780959e-03 0.000000000000000000e+00 1.963495408493620871e-03
2.288213376859467587e+02 -2.504237222719820494e-02 -1.413249432873053477e-03 0.000000000000000000e+00 1.963495408493620871e-03
1.968060459129970354e+02 1.263171437167122206e-02 5.875098416435492899e-04 0.000000000000000000e+00 1.963495408493620871e-03
1.895138417243533979e+02 -3.001928424691412134e-02 -5.508167491936446017e-04 0.000000000000000000e+00 1.963495408493620871e-03
1.966311659852524940e+02 1.639108606373630012e-02 5.314966634670990854e-04 0.000000000000000000e+00 1.963495408493620871e-03
2.396004785438938711e+02 4.423649826850456490e-01 -1.122938852747759207e-04 0.000000000000000000e+00 1.963495408493620871e-03
1.945729889332688174e+02 1.123243415389396371e-01 5.730722406206836339e-04 0.000000000000000000e+00 1.963495408493620871e-03
1.902481902737180235e+02 2.510593813754142742e-02 -5.023668059454264659e-04 0.000000000000000000e+00 1.963495408493620871e-03
1.902573276663472086e+02 1.817584203826514908e-02 5.231507858551901705e-04 0.000000000000000000e+00 1.963495408493620871e-03
2.162996148944129970e+02 1.391834021890615944e-05 -3.594723245542746264e-04 0.000000000000000000e+00 1.963495408493620871e-03
2.022879528927933279e+02 5.820559848791174995e-02 5.800830174822911231e-04 0.000000000000000000e+00 1.963495408493620871e-03
1.982118326714440286e+02 1.778709724188476046e-02 -4.079827354203620707e-04 0.000000000000000000e+00 1.963495408493620871e-03
1.893859303233035121e+02 -3.898198726374137169e-02 4.411832930458137918e-04 0.000000000000000000e+00 1.963495408493620871e-03
1.986701273129942820e+02 1.148503096905961057e-01 -3.791243329661681980e-04 0.000000000000000000e+00 1.963495408493620871e-03
1.984070570183215239e+02 2.412796733381855907e-01 5.345035290955954359e-04 0.000000000000000000e+00 1.963495408493620871e-03
1.907364836628204614e+02 6.312086432135928515e-02 -3.941172999942961497e-04 0.000000000000000000e+00 1.963495408493620871e-03
1.877037442507605647e+02 -6.424346253731264000e-02 4.052475109159054669e-04 0.000000000000000000e+00 1.963495408493620871e-03
1.970500175575104151e+02 9.562724457874907658e-02 -4.479443816786325260e-04 0.000000000000000000e+00 1.963495408493620871e-03
1.914942719656867212e+02 1.211474759624422276e-01 4.821797180899688954e-04 0.000000000000000000e+00 1.963495408493620871e-03
1.907406714738615960e+02 1.752464808270398633e-01 -4.372386875497690211e-04 0.000000000000000000e+00 1.963495408493620871e-03
1.875788533445150108e+02 9.827650607502112778e-02 4.413874268005937894e-04 0.000000000000000000e+00 1.963495408493620871e-03
1.890159189956950172e+02 -4.323195962746140958e-02 -4.120884696485398006e-04 0.000000000000000000e+00 1.963495408493620871e-03
1.879197079214855819e+02 -5.955429651573068695e-02 4.221967940131827936e-04 0.000000000000000000e+00 1.963495408493620871e-03
1.895124539240413526e+02 -3.854721280690935614e-02 -4.135662409566436123e-04 0.000000000000000000e+00 1.963495408493620871e-03
1.892676782323158022e+02 -5.904661524545758156e-02 4.588480397947368233e-04 0.000000000000000000e+00 1.963495408493620871e-03
1.905182038845872512e+02 1.416213998710567218e-02 -4.298327243291721628e-04 0.000000000000000000e+00 1.963495408493620871e-03
1.908391199963078861e+02 3.172635819221457376e-02 4.884797582891789490e-04 0.000000000000000000e+00 1.963495408493620871e-03
1.911314690492520185e+02 4.526385135890750866e-02 -4.306505896717712422e-04 0.000000000000000000e+00 1.963495408493620871e-03
1.912814541199866483e+02 5.074728221541392748e-02 5.033169433172725651e-04 0.000000000000000000e+00 1.963495408493620871e-03
1.916469182539431131e+02 5.690977783947502588e-02 -4.088232745207446769e-04 0.000000000000000000e+00 1.963495408493620871e-03
1.920308128492870026e+02 5.662063357019388177e-02 4.703066315727823330e-04 0.000000000000000000e+00 1.963495408493620871e-03
1.923970514433873120e+02 6.960309086226876274e-02 -3.675911753595322452e-04 0.000000000000000000e+00 1.963495408493620871e-03
1.924863211136423047e+02 7.349166405288641568e-02 4.154403044735671202e-04 0.000000000000000000e+00 1.963495408493620871e-03
1.924483401591158156e+02 6.621432497746232437e-02 -3.196276218163544370e-04 0.000000000000000000e+00 1.963495408493620871e-03
1.924310613414410227e+02 5.983671727292915604e-02 4.038660685942286710e-04 0.000000000000000000e+00 1.963495408493620871e-03
1.926808057006903141e+02 6.781616922679116477e-02 -2.869766405177573616e-04 0.000000000000000000e+00 1.963495408493620871e-03
1.929110759197823484e+02 6.839522021676443242e-02 4.172441633721156321e-04 0.000000000000000000e+00 1.963495408493620871e-03
1.932820676678383336e+02 6.547207478500510769e-02 -2.310576878469771918e-04 0.000000000000000000e+00 1.963495408493620871e-03
1.935482882424633999e+02 7.550551766806554155e-02 3.748526877120032384e-04 0.000000000000000000e+00 1.963495408493620871e-03
1.940624486357230865e+02 1.090038438828676848e-01 -2.050364005977293796e-04 0.000000000000000000e+00 1.963495408493620871e-03
1.940839137671441108e+02 1.095370697916371872e-01 3.511753057589834105e-04 0.000000000000000000e+00 1.963495408493620871e-03
1.936324091379179322e+02 7.149003292116948294e-02 -2.094033855952592144e-04 0.000000000000000000e+00 1.963495408493620871e-03
1.937596800571618871e+02 7.496807536224311952e-02 3.311963209548126588e-04 0.000000000000000000e+00 1.963495408493620871e-03
1.949638166800662589e+02 8.081805467048050473e-02 -2.339621508325044662e-04 0.000000000000000000e+00 1.963495408493620871e-03
1.951112693252319730e+02 3.198558075883074087e-02 3.491685384768514482e-04 0.000000000000000000e+00 1.963495408493620871e-03
1.989116650143448624e+02 9.087002230993666829e-02 -2.655227193585099578e-04 0.000000000000000000e+00 1.963495408493620871e-03
1.983627133815076604e+02 5.191202499845183616e-02 4.074647823336575601e-04 0.000000000000000000e+00 1.963495408493620871e-03
1.943760106202433633e+02 1.020362389778869949e-01 -2.489180949868730129e-04 0.000000000000000000e+00 1.963495408493620871e-03
1.939824265644708703e+02 8.153120256222867734e-02 3.919111897636367659e-04 0.000000000000000000e+00 1.963495408493620871e-03
1.945496580730468281e+02 7.493105721814863340e-02 -1.765676693886856271e-04 0.000000000000000000e+00 1.963495408493620871e-03
1.958812056564990201e+02 3.573785809233746141e-02 3.844189219630486350e-04 0.000000000000000000e+00 1.963495408493620871e-03
1.944006901931344373e+02 7.289541571105449813e-02 -1.661619534827225831e-04 0.000000000000000000e+00 1.963495408493620871e-03
1.960639349765558279e+02 4.055028804765427319e-02 3.848978701101478167e-04 0.000000000000000000e+00 1.963495408493620871e-03
1.943679355363405818e+02 3.646054019865001272e-02 -1.977003163044482718e-04 0.000000000000000000e+00 1.963495408493620871e-03
1.956381206047640831e+02 2.663588745520959269e-02 3.808098009416930880e-04 0.000000000000000000e+00 1.963495408493620871e-03
1.951651064450936417e+02 1.933502399481008133e-02 -1.592838120944503610e-04 0.000000000000000000e+00 1.963495408493620871e-03
1.962820509740739112e+02 1.991138039755311132e-02 3.341630925072016658e-04 0.000000000000000000e+00 1.963495408493620871e-03
1.966264750267396835e+02 5.552213024401451633e-03 -1.022328322288973477e-04 0.000000000000000000e+00 1.963495408493620871e-03
1.972981174167227607e+02 3.829174765052735865e-03 3.361863964687885546e-04 0.000000000000000000e+00 1.963495408493620871e-03
1.979598760126181105e+02 -1.944737023923360023e-03 -3.423543778932437785e-05 0.000000000000000000e+00 1.963495408493620871e-03
1.982343513666595527e+02 1.250713889384964632e-02 3.182273871493628351e-04 0.000000000000000000e+00 1.963495408493620871e-03
1.987082145889453102e+02 3.559226279626588607e-02 -6.915607788999009837e-05 0.000000000000000000e+00 1.963495408493620871e-03
1.988138414426395002e+02 3.649114245922550903e-02 3.469396519217236830e-04 0.000000000000000000e+00 1.963495408493620871e-03
1.990530007605661922e+02 3.556754542184326767e-02 -3.888649089844370052e-05 0.000000000000000000e+00 1.963495408493620871e-03
1.991511256333288600e+02 3.340901178772058555e-02 2.935749206059864135e-04 0.000000000000000000e+00 1.963495408493620871e-03
1.993756858376208925e+02 2.663506566651850649e-02 -1.130218015958835639e-05 0.000000000000000000e+00 1.963495408493620871e-03
1.995033199430182833e+02 2.210642747726904861e-02 2.696286898446059190e-04 0.000000000000000000e+00 1.963495408493620871e-03
1.997602732486913908e+02 1.505424026561445576e-02 3.561877214690346713e-05 0.000000000000000000e+00 1.963495408493620871e-03
1.998648188056240542e+02 1.211209563540541906e-02 2.675056710681148354e-04 0.000000000000000000e+00 1.963495408493620871e-03
2.001345434710417805e+02 2.153109772306947833e-03 2.937527706508502931e-05 0.000000000000000000e+00 1.963495408493620871e-03
2.002765088518176526e+02 -3.692000904286299456e-03 2.932901308485628120e-04 0.000000000000000000e+00 1.963495408493620871e-03
2.005271603668691114e+02 -1.270553432573258423e-02 -3.747490035602134707e-05 0.000000000000000000e+00 1.963495408493620871e-03
2.006926057216307129e+02 -1.882249773580955271e-02 3.065161320216921396e-04 0.000000000000000000e+00 1.963495408493620871e-03
2.010112344872075028e+02 -2.923229606184768459e-02 5.908691374793759564e-07 0.000000000000000000e+00 1.963495408493620871e-03
2.011756771259655636e+02 -3.397442332485942074e-02 2.809493173219421158e-04 0.000000000000000000e+00 1.963495408493620871e-03
2.016042321008846159e+02 -4.308823912481431206e-02 2.440997771724822684e-05 0.000000000000000000e+00 1.963495408493620871e-03
2.018103943505886377e+02 -4.335101667901046507e-02 2.751528353617707754e-04 0.000000000000000000e+00 1.963495408493620871e-03
2.022495791501680458e+02 -3.638058968165064355e-02 1.155617333596985842e-04 0.000000000000000000e+00 1.963495408493620871e-03
2.024328326238483555e+02 -3.178303047732863873e-02 2.037219820032011911e-04 0.000000000000000000e+00 1.963495408493620871e-03
2.026523321207718595e+02 -2.693013897439793664e-02 1.287113302727057446e-04 0.000000000000000000e+00 1.963495408493620871e-03
2.029533707952939778e+02 -1.763530562940140989e-02 2.071184876116539399e-04 0.000000000000000000e+00 1.963495408493620871e-03
2.033024156656481125e+02 -1.589800275791112757e-03 1.251931795466563297e-04 0.000000000000000000e+00 1.963495408493620871e-03
2.033997116098543074e+02 1.978802475860363692e-03 2.153500794451398417e-04 0.000000000000000000e+00 1.963495408493620871e-03
2.033582508762696932e+02 -5.860483073940502691e-03 1.137027135483548190e-04 0.000000000000000000e+00 1.963495408493620871e-03
2.034314637437727811e+02 -7.028206689952295333e-03 2.169594886945570378e-04 0.000000000000000000e+00 1.963495408493620871e-03
2.036486201937791520e+02 -4.297178837629042972e-03 1.620471873938092260e-04 0.000000000000000000e+00 1.963495408493620871e-03
2.038536760668393697e+02 -7.242223785029217736e-03 1.856208316549450531e-04 0.000000000000000000e+00 1.963495408493620871e-03
2.042201462955920306e+02 -1.236436287594679106e-02 1.833863022545343443e-04 0.000000000000000000e+00 1.963495408493620871e-03
2.044338390678745725e+02 -8.930449335690520546e-03 1.933306441567471151e-04 0.000000000000000000e+00 1.963495408493620871e-03
2.046222678916042526e+02 -3.682719591721676095e-03 1.757516159498318615e-04 0.000000000000000000e+00 1.963495408493620871e-03
2.048169625951871353e+02 2.464602679599598584e-03 1.940916055671162229e-04 0.000000000000000000e+00 1.963495408493620871e-03
2.049200886366358247e+02 3.017989658500148074e-04 1.720674929477031961e-04 0.000000000000000000e+00 1.963495408493620871e-03
2.050120887893208987e+02 -4.407715540929805706e-03 1.889952989559581494e-04 0.000000000000000000e+00 1.963495408493620871e-03
2.053618703477665690e+02 -8.374247054796953027e-03 1.913947770623662258e-04 0.000000000000000000e+00 1.963495408493620871e-03
2.055583702974148821e+02 -6.833189416067173699e-03 1.550291580950475742e-04 0.000000000000000000e+00 1.963495408493620871e-03
2.058182341699979929e+02 -7.479650998721068533e-03 2.005562062002872142e-04 0.000000000000000000e+00 1.963495408493620871e-03
2.059485751888411471e+02 -9.948348880123584342e-03 1.313662259658087566e-04 0.000000000000000000e+00 1.963495408493620871e-03
2.061412941170150077e+02 -1.295126461261415785e-02 2.463519026529337489e-04 0.000000000000000000e+00 1.963495408493620871e-03
2.062844952883745577e+02 -1.506505252521082860e-02 8.665983281741745752e-05 0.000000000000000000e+00 1.963495408493620871e-03
2.064890638802512797e+02 -1.898908275721093719e-02 2.796589754705831724e-04 0.000000000000000000e+00 1.963495408493620871e-03
2.066402766977389547e+02 -2.211122941714343398e-02 8.105264055732774343e-05 0.000000000000000000e+00 1.963495408493620871e-03
2.068297582254475060e+02 -2.609317731850861743e-02 2.975642891909898390e-04 0.000000000000000000e+00 1.963495408493620871e-03
2.069910471797282696e+02 -2.982929879089581127e-02 5.665905833990843939e-05 0.000000000000000000e+00 1.963495408493620871e-03
2.072199785254762503e+02 -3.511876448820223928e-02 3.222204301632775720e-04 0.000000000000000000e+00 1.963495408493620871e-03
2.073418835702403271e+02 -3.810443962998454059e-02 6.090108591700272493e-05 0.000000000000000000e+00 1.963495408493620871e-03
2.075778603930210409e+02 -4.421487305072045737e-02 2.934018355290357073e-04 0.000000000000000000e+00 1.963495408493620871e-03
2.077312240177662943e+02 -4.859842756888924087e-02 6.804358792824176144e-05 0.000000000000000000e+00 1.963495408493620871e-03
2.079616413535314905e+02 -5.462072081259192191e-02 3.085761795357269644e-04 0.000000000000000000e+00 1.963495408493620871e-03
2.081311926497029106e+02 -5.877510503364329064e-02 4.306184165082696763e-05 0.000000000000000000e+00 1.963495408493620871e-03
2.083518342028060601e+02 -6.390046809339039457e-02 2.754698889566017722e-04 0.000000000000000000e+00 1.963495408493620871e-03
2.085284331435801732e+02 -6.841180355298667748e-02 5.361132642158263366e-05 0.000000000000000000e+00 1.963495408493620871e-03
2.087779340034440168e+02 -7.496293752059871029e-02 2.994389261512810617e-04 0.000000000000000000e+00 1.963495408493620871e-03
2.089429650119756730e+02 -7.870073208551847666e-02 1.514000476637655403e-05 0.000000000000000000e+00 1.963495408493620871e-03
2.091861883874948091e+02 -8.346815864558893017e-02 3.203852197293486650e-04 0.000000000000000000e+00 1.963495408493620871e-03
2.093677596340469904e+02 -8.741048861269332115e-02 -7.545795965475173736e-07 0.000000000000000000e+00 1.963495408493620871e-03
2.096156051571834382e+02 -9.299407628455361174e-02 3.533651624303985744e-04 0.000000000000000000e+00 1.963495408493620871e-03
2.098027505095664367e+02 -9.708182356532851776e-02 -1.755192525620111248e-05 0.000000000000000000e+00 1.963495408493620871e-03
2.100511829036966560e+02 -1.020349539653313542e-01 4.032162084798163876e-04 0.000000000000000000e+00 1.963495408493620871e-03
2.102402115857650813e+02 -1.057873936948044435e-01 -6.298406239468988413e-05 0.000000000000000000e+00 1.963495408493620871e-03
2.104900662510401901e+02 -1.108710840659506702e-01 4.214781127958897402e-04 0.000000000000000000e+00 1.963495408493620871e-03
2.106938351517994192e+02 -1.151858269267411750e-01 -5.603185050973263481e-05 0.000000000000000000e+00 1.963495408493620871e-03
2.109506118389494418e+02 -1.208526422120267396e-01 3.971013426275042408e-04 0.000000000000000000e+00 1.963495408493620871e-03
2.111611470955154743e+02 -1.251262050234586420e-01 -4.503643892813310469e-05 0.000000000000000000e+00 1.963495408493620871e-03
2.114265570633833704e+02 -1.296803584105083729e-01 3.723020514991528434e-04 0.000000000000000000e+00 1.963495408493620871e-03
2.116278081235432467e+02 -1.331288989628458819e-01 -3.120679366237030675e-05 0.000000000000000000e+00 1.963495408493620871e-03
2.119054757793837496e+02 -1.383290299055579819e-01 3.632110066150256414e-04 0.000000000000000000e+00 1.963495408493620871e-03
2.121488732943174114e+02 -1.422628539862802188e-01 -4.441367514549513017e-05 0.000000000000000000e+00 1.963495408493620871e-03
2.124017114927574710e+02 -1.454472841228197644e-01 3.858028495627873920e-04 0.000000000000000000e+00 1.963495408493620871e-03
2.126382502458763497e+02 -1.481077447121410262e-01 -6.990431337832739777e-05 0.000000000000000000e+00 1.963495408493620871e-03
2.129160717999000099e+02 -1.506645107584875798e-01 4.137783127066928506e-04 0.000000000000000000e+00 1.963495408493620871e-03
2.131593355184320160e+02 -1.525149325132335865e-01 -1.074941842836159799e-04 0.000000000000000000e+00 1.963495408493620871e-03
2.134477970514637377e+02 -1.540373790379525598e-01 4.746796400921730994e-04 0.000000000000000000e+00 1.963495408493620871e-03
2.136637180763680988e+02 -1.545832482650710826e-01 -1.436342825084655828e-04 0.000000000000000000e+00 1.963495408493620871e-03
2.139658707857478817e+02 -1.548024240892976466e-01 5.047769414938797859e-04 0.000000000000000000e+00 1.963495408493620871e-03
2.141920801787745745e+02 -1.545415884952141550e-01 -1.431463441185660819e-04 0.000000000000000000e+00 1.963495408493620871e-03
2.144863916918051530e+02 -1.533463163445434874e-01 4.745812216634402768e-04 0.000000000000000000e+00 1.963495408493620871e-03
2.147162356115524062e+02 -1.521411100871652711e-01 -1.095225751225723410e-04 0.000000000000000000e+00 1.963495408493620871e-03
2.149883659068056545e+02 -1.500869534382114623e-01 4.595470060492156360e-04 0.000000000000000000e+00 1.963495408493620871e-03
2.152403767326107697e+02 -1.474863201955513292e-01 -9.919893247772794843e-05 0.000000000000000000e+00 1.963495408493620871e-03
2.154967889896243491e+02 -1.443100585476881914e-01 4.455333673041962455e-04 0.000000000000000000e+00 1.963495408493620871e-03
2.157262265768987390e+02 -1.405821674314502723e-01 -9.275864461383951536e-05 0.000000000000000000e+00 1.963495408493620871e-03
2.159856865340499041e+02 -1.359553919351780826e-01 4.270396401364481235e-04 0.000000000000000000e+00 1.963495408493620871e-03
2.161891767145034464e+02 -1.323943419068547567e-01 -8.880837958266863579e-05 0.000000000000000000e+00 1.963495408493620871e-03
2.164452460340295374e+02 -1.281023972067039662e-01 4.454139682196487965e-04 0.000000000000000000e+00 1.963495408493620871e-03
2.166392753286491768e+02 -1.255170432232252109e-01 -1.239288014136135957e-04 0.000000000000000000e+00 1.963495408493620871e-03
2.168481447129877893e+02 -1.231824798661765308e-01 4.961774675964732498e-04 0.000000000000000000e+00 1.963495408493620871e-03
2.170613003594401960e+02 -1.205840027122345864e-01 -1.804414131428278261e-04 0.000000000000000000e+00 1.963495408493620871e-03
2.172698916651464458e+02 -1.184384824812598769e-01 5.593599602559570479e-04 0.000000000000000000e+00 1.963495408493620871e-03
2.174500977558863042e+02 -1.167959936322243292e-01 -2.000027409171756623e-04 0.000000000000000000e+00 1.963495408493620871e-03
2.176709343117416040e+02 -1.148794228670154405e-01 5.632131476744336790e-04 0.000000000000000000e+00 1.963495408493620871e-03
2.178335127898808423e+02 -1.140036062636792802e-01 -1.896129002267727651e-04 0.000000000000000000e+00 1.963495408493620871e-03
2.180471640233013773e+02 -1.135186546709634203e-01 5.446987578061019764e-04 0.000000000000000000e+00 1.963495408493620871e-03
2.182413584648879521e+02 -1.137828895160372111e-01 -1.623662685308725566e-04 0.000000000000000000e+00 1.963495408493620871e-03
2.184367388045876055e+02 -1.145103607102938847e-01 5.361037055572517428e-04 0.000000000000000000e+00 1.963495408493620871e-03
2.186326129650880432e+02 -1.151330167001855531e-01 -1.537434658349522316e-04 0.000000000000000000e+00 1.963495408493620871e-03
2.188466297683686150e+02 -1.164804525202097901e-01 5.147998186262646783e-04 0.000000000000000000e+00 1.963495408493620871e-03
2.190387541945331122e+02 -1.180366445662331121e-01 -1.533561481520761107e-04 0.000000000000000000e+00 1.963495408493620871e-03
2.192625856888106171e+02 -1.199626148381367358e-01 5.255196145906970272e-04 0.000000000000000000e+00 1.963495408493620871e-03
2.194589358351425972e+02 -1.213846185680379497e-01 -1.521764246665281944e-04 0.000000000000000000e+00 1.963495408493620871e-03
2.196757706146075861e+02 -1.229668722949154164e-01 5.527500419672458322e-04 0.000000000000000000e+00 1.963495408493620871e-03
2.198660275425822590e+02 -1.244434354723284314e-01 -2.026662664144569023e-04 0.000000000000000000e+00 1.963495408493620871e-03
2.201015288861006525e+02 -1.261940609285872594e-01 6.054868338129734424e-04 0.000000000000000000e+00 1.963495408493620871e-03
2.202922621734024631e+02 -1.276436949810722254e-01 -2.449717273511204914e-04 0.000000000000000000e+00 1.963495408493620871e-03
2.205016663518131566e+02 -1.293986710538663765e-01 6.430926967608954553e-04 0.000000000000000000e+00 1.963495408493620871e-03
2.207081652078050524e+02 -1.309968750891720990e-01 -2.442554260805316680e-04 0.000000000000000000e+00 1.963495408493620871e-03
2.209316190931751862e+02 -1.334678473604772597e-01 6.496596332076533253e-04 0.000000000000000000e+00 1.963495408493620871e-03
2.211254090542023789e+02 -1.360849521917795735e-01 -2.474221167287908758e-04 0.000000000000000000e+00 1.963495408493620871e-03
2.213721797993775340e+02 -1.398142949908813826e-01 6.369585686184831052e-04 0.000000000000000000e+00 1.963495408493620871e-03
2.215904608479151250e+02 -1.434860538958086518e-01 -2.301612839915415944e-04 0.000000000000000000e+00 1.963495408493620871e-03
2.218589039341914884e+02 -1.476848306530313959e-01 6.382273051642906470e-04 0.000000000000000000e+00 1.963495408493620871e-03
2.221123331113653876e+02 -1.504519256426323781e-01 -2.275270605507271303e-04 0.000000000000000000e+00 1.963495408493620871e-03
2.223898596204731177e+02 -1.522557091443944577e-01 6.381358972087769607e-04 0.000000000000000000e+00 1.963495408493620871e-03
2.226309300308919887e+02 -1.532445550001064194e-01 -2.415520411937369192e-04 0.000000000000000000e+00 1.963495408493620871e-03
2.229294011155423050e+02 -1.543616028913145088e-01 6.552196352215475250e-04 0.000000000000000000e+00 1.963495408493620871e-03
2.231885711267969157e+02 -1.552454258056615854e-01 -2.432751075997675199e-04 0.000000000000000000e+00 1.963495408493620871e-03
2.235040878412725647e+02 -1.553033052275085146e-01 6.791442218826361944e-04 0.000000000000000000e+00 1.963495408493620871e-03
2.237446990859927212e+02 -1.541963279924131458e-01 -2.604048341731368655e-04 0.000000000000000000e+00 1.963495408493620871e-03
2.240312846910646556e+02 -1.515503272861689343e-01 7.014759765693991470e-04 0.000000000000000000e+00 1.963495408493620871e-03
2.243097119178518142e+02 -1.473264028989639263e-01 -3.060218296389054975e-04 0.000000000000000000e+00 1.963495408493620871e-03
2.245998321066925030e+02 -1.398189863805452404e-01 7.612451572813973451e-04 0.000000000000000000e+00 1.963495408493620871e-03
2.248723911498049119e+02 -1.283729069227615427e-01 -3.431306986057341100e-04 0.000000000000000000e+00 1.963495408493620871e-03
2.250460097902864618e+02 -1.202941713682349201e-01 7.781063170745088813e-04 0.000000000000000000e+00 1.963495408493620871e-03
2.251348675881953056e+02 -1.171851672949809076e-01 -3.320813145198015003e-04 0.000000000000000000e+00 1.963495408493620871e-03
2.252593652709266507e+02 -1.130120225483725177e-01 7.551391496998121657e-04 0.000000000000000000e+00 1.963495408493620871e-03
2.254596861938827317e+02 -1.061028548629163876e-01 -3.178137520979773360e-04 0.000000000000000000e+00 1.963495408493620871e-03
2.256614319264183735e+02 -1.038395266723678573e-01 7.684483233025564105e-04 0.000000000000000000e+00 1.963495408493620871e-03
2.258581395397472420e+02 -1.054027055439804711e-01 -3.462846584190347682e-04 0.000000000000000000e+00 1.963495408493620871e-03
2.261200074712571677e+02 -1.062186883752909011e-01 7.888568730850953207e-04 0.000000000000000000e+00 1.963495408493620871e-03
2.262742490965979130e+02 -1.066973970300593572e-01 -3.646741251838870723e-04 0.000000000000000000e+00 1.963495408493620871e-03
2.265244926167609947e+02 -1.070402101768393177e-01 8.034115180867802599e-04 0.000000000000000000e+00 1.963495408493620871e-03
2.267648696628554887e+02 -1.074372649629148913e-01 -3.577126751707009706e-04 0.000000000000000000e+00 1.963495408493620871e-03
2.270546425722821198e+02 -1.073829302026364924e-01 8.123484445937669213e-04 0.000000000000000000e+00 1.963495408493620871e-03
2.273002842134978891e+02 -1.053345868960650078e-01 -3.551446288448978665e-04 0.000000000000000000e+00 1.963495408493620871e-03
2.274981689991176665e+02 -1.033101005378039838e-01 8.431346047291127547e-04 0.000000000000000000e+00 1.963495408493620871e-03
2.276957044233234910e+02 -1.005924018567216915e-01 -4.092644135227413351e-04 0.000000000000000000e+00 1.963495408493620871e-03
2.279514423447391778e+02 -9.595176615925024577e-02 8.805708189190500921e-04 0.000000000000000000e+00 1.963495408493620871e-03
2.281816430927278532e+02 -9.025840430764758837e-02 -4.399355798161581075e-04 0.000000000000000000e+00 1.963495408493620871e-03
2.283912142199055779e+02 -8.435883352211588637e-02 9.106718196042294785e-04 0.000000000000000000e+00 1.963495408493620871e-03
2.285523151040696632e+02 -8.110173640482995494e-02 -4.521413961856042682e-04 0.000000000000000000e+00 1.963495408493620871e-03
2.287116750008087536e+02 -7.861515010005881710e-02 8.925657606801566711e-04 0.000000000000000000e+00 1.963495408493620871e-03
2.289012728010690694e+02 -7.518659574613610619e-02 -4.372482440372931932e-04 0.000000000000000000e+00 1.963495408493620871e-03
2.291410731653245136e+02 -7.381897702606037004e-02 8.897702141401426981e-04 0.000000000000000000e+00 1.963495408493620871e-03
2.294142572648298710e+02 -7.275880733211700924e-02 -4.636545079154393923e-04 0.000000000000000000e+00 1.963495408493620871e-03
2.296744464092706721e+02 -6.885153737260391038e-02 9.077623062212528907e-04 0.000000000000000000e+00 1.963495408493620871e-03
2.297989620030860181e+02 -6.775483175335894614e-02 -4.937316738689002081e-04 0.000000000000000000e+00 1.963495408493620871e-03
2.300039352271068651e+02 -6.541884075312812130e-02 9.468351061081603818e-04 0.000000000000000000e+00 1.963495408493620871e-03
2.302883182664095614e+02 -6.304827018738040634e-02 -4.934849652842045447e-04 0.000000000000000000e+00 1.963495408493620871e-03
2.305400444045638153e+02 -6.213563681427116542e-02 9.673034347711165475e-04 0.000000000000000000e+00 1.963495408493620871e-03
2.307644946872998730e+02 -5.975149078805050418e-02 -4.624350898473302864e-04 0.000000000000000000e+00 1.963495408493620871e-03
2.309133080094057959e+02 -5.903099424658345834e-02 9.746553458701704472e-04 0.000000000000000000e+00 1.963495408493620871e-03
2.310541576467967673e+02 -5.943643365908091170e-02 -4.953119854520099397e-04 0.000000000000000000e+00 1.963495408493620871e-03
2.313181798497096793e+02 -5.887665644963560596e-02 1.007243692434136835e-03 0.000000000000000000e+00 1.963495408493620871e-03
2.315259821601346459e+02 -5.615170167756917963e-02 -5.476378293806352573e-04 0.000000000000000000e+00 1.963495408493620871e-03
2.316287286601879316e+02 -5.526190545911181806e-02 1.018083726832451135e-03 0.000000000000000000e+00 1.963495408493620871e-03
2.318039479678013777e+02 -5.913013663582870200e-02 -5.347609691840476964e-04 0.000000000000000000e+00 1.963495408493620871e-03
2.319122351244452318e+02 -6.566967373011470266e-02 9.738790169101295240e-04 0.000000000000000000e+00 1.963495408493620871e-03
2.325011520724726211e+02 -6.111409857014636626e-02 -5.356070149867266051e-04 0.000000000000000000e+00 1.963495408493620871e-03
2.329791049396587823e+02 -4.462888890680309639e-02 1.024591222788537228e-03 0.000000000000000000e+00 1.963495408493620871e-03
2.334961782715350012e+02 -3.032361625243821385e-02 -5.738350116735104357e-04 0.000000000000000000e+00 1.963495408493620871e-03
2.326725467140324213e+02 -5.867724672594309965e-02 1.056898808932120416e-03 0.000000000000000000e+00 1.963495408493620871e-03
2.324687469011383030e+02 -6.898121143525345889e-02 -6.115879958658808867e-04 0.000000000000000000e+00 1.963495408493620871e-03
2.333233223801657061e+02 -4.287829582122751337e-02 1.089831987950622225e-03 0.000000000000000000e+00 1.963495408493620871e-03
2.339415695724973716e+02 -3.073367325091227314e-02 -6.039324489285303674e-04 0.000000000000000000e+00 1.963495408493620871e-03
2.343179004703769976e+02 -1.686310213624165819e-02 1.107691905402797281e-03 0.000000000000000000e+00 1.963495408493620871e-03
2.350509050057059994e+02 2.461196773678166194e-02 -5.406337921222961404e-04 0.000000000000000000e+00 1.963495408493620871e-03
2.350565438212818208e+02 4.047986372595582805e-03 1.080648777047280061e-03 0.000000000000000000e+00 1.963495408493620871e-03
2.344236075751379929e+02 -1.738349356070055876e-02 -5.310633148795293728e-04 0.000000000000000000e+00 1.963495408493620871e-03
2.347882202335158013e+02 -2.769427589965363975e-03 1.090774904232605759e-03 0.000000000000000000e+00 1.963495408493620871e-03
2.359486299940258789e+02 4.627483463379561401e-02 -5.672993105781220895e-04 0.000000000000000000e+00 1.963495408493620871e-03
2.337948542448175147e+02 -4.709233606005800571e-02 1.093551292383817359e-03 0.000000000000000000e+00 1.963495408493620871e-03
2.369876541861755754e+02 8.937207839971036960e-02 -5.610924423297978039e-04 0.000000000000000000e+00 1.963495408493620871e-03
2.369719439334892286e+02 9.112042217360172280e-02 1.125039499786642180e-03 0.000000000000000000e+00 1.963495408493620871e-03
2.357931394616864225e+02 3.780410550576278339e-02 -6.699735175888126611e-04 0.000000000000000000e+00 1.963495408493620871e-03
2.362788338257453233e+02 4.893457637332605803e-02 1.218226590018743919e-03 0.000000000000000000e+00 1.963495408493620871e-03
2.387004272920998176e+02 1.549153576687070100e-01 -7.323161599494230640e-04 0.000000000000000000e+00 1.963495408493620871e-03
2.390715925224872933e+02 1.280948727197779580e-01 1.241396682150679989e-03 0.000000000000000000e+00 1.963495408493620871e-03
2.398779643621782043e+02 1.153091866073803484e-01 -7.075723663487873058e-04 0.000000000000000000e+00 1.963495408493620871e-03
2.355640955094144999e+02 1.124878931962121700e-02 1.224559823182816681e-03 0.000000000000000000e+00 1.963495408493620871e-03
2.375023077313418867e+02 1.155503410489019944e-01 -7.039426801968926700e-04 0.000000000000000000e+00 1.963495408493620871e-03
2.398139590777595913e+02 1.413787359398760435e-01 1.262130343872531991e-03 0.000000000000000000e+00 1.963495408493620871e-03
2.383686372689540462e+02 1.355381911011370732e-01 -6.100888665665760418e-04 0.000000000000000000e+00 1.963495408493620871e-03
2.395065928906108184e+02 1.484146457424528331e-01 1.147468913739210176e-03 0.000000000000000000e+00 1.963495408493620871e-03
2.347963648808122059e+02 -1.523462336574293863e-02 -5.162274901072624617e-04 0.000000000000000000e+00 1.963495408493620871e-03
2.418498735442402960e+02 4.377894707415920517e-02 1.142789931356374142e-03 0.000000000000000000e+00 1.963495408493620871e-03
2.429119141213599278e+02 1.008997209467324963e-01 -4.866562293841322643e-04 0.000000000000000000e+00 1.963495408493620871e-03
2.394946014863093353e+02 9.643207498000611055e-02 1.154631864247614810e-03 0.000000000000000000e+00 1.963495408493620871e-03
2.404118534983695668e+02 9.342771241416500394e-02 -5.731665188118853331e-04 0.000000000000000000e+00 1.963495408493620871e-03
2.424855823037892151e+02 7.406513130050772220e-02 1.319667414165185499e-03 0.000000000000000000e+00 1.963495408493620871e-03
2.418518869545698919e+02 6.839881081712118061e-02 -7.859739395744266485e-04 0.000000000000000000e+00 1.963495408493620871e-03
2.430342324199237964e+02 1.046573517910237283e-01 1.552294296773927551e-03 0.000000000000000000e+00 1.963495408493620871e-03
2.449945794009728672e+02 1.421117735919338043e-01 -9.177211675586293294e-04 0.000000000000000000e+00 1.963495408493620871e-03
2.422642782740243490e+02 5.960472645914532963e-02 1.552174217692731811e-03 0.000000000000000000e+00 1.963495408493620871e-03
2.409856926698624875e+02 7.635812371242250984e-02 -8.954480298755073103e-04 0.000000000000000000e+00 1.963495408493620871e-03
2.444999428587437365e+02 1.500242030734001975e-01 1.417913292805926019e-03 0.000000000000000000e+00 1.963495408493620871e-03
2.438888590826865936e+02 9.394362753748944361e-02 -7.227054623332772668e-04 0.000000000000000000e+00 1.963495408493620871e-03
2.467041180218331533e+02 1.344554848183781570e-01 1.452017665975904523e-03 0.000000000000000000e+00 1.963495408493620871e-03
2.461679879207543138e+02 1.527035450280969653e-01 -5.689837659295004981e-04 0.000000000000000000e+00 1.963495408493620871e-03
2.491345312379890231e+02 2.232960205506233087e-01 1.284946406490859554e-03 0.000000000000000000e+00 1.963495408493620871e-03
2.444227842808531364e+02 1.827048559212925832e-02 -3.674231342074803838e-04 0.000000000000000000e+00 1.963495408493620871e-03
2.451171303198105704e+02 4.995175302926921357e-02 1.120539874229014307e-03 0.000000000000000000e+00 1.963495408493620871e-03
2.458023818205757038e+02 1.329343026230808134e-01 -3.500550512368363291e-04 0.000000000000000000e+00 1.963495408493620871e-03
2.462560652817389837e+02 9.396289684503017492e-02 1.213653420883678688e-03 0.000000000000000000e+00 1.963495408493620871e-03
2.438032143609531488e+02 1.186499893706113862e-01 -4.833425805251410825e-04 0.000000000000000000e+00 1.963495408493620871e-03
2.476549289489798866e+02 1.640497365376633043e-01 1.536278487467202750e-03 0.000000000000000000e+00 1.963495408493620871e-03
2.432114011946971743e+02 9.321759833520637528e-02 -9.682404108751409711e-04 0.000000000000000000e+00 1.963495408493620871e-03
2.444306663086562992e+02 1.208153525649360849e-01 1.821445716565955756e-03 0.000000000000000000e+00 1.963495408493620871e-03
2.353303053255597774e+02 -1.171508927277468692e-01 -1.208842380706740341e-03 0.000000000000000000e+00 1.963495408493620871e-03
2.479271705496990705e+02 1.612700627465116499e-01 1.945698240470997327e-03 0.000000000000000000e+00 1.963495408493620871e-03
2.498984252226831018e+02 1.481116122611960684e-01 -1.137933690629945854e-03 0.000000000000000000e+00 1.963495408493620871e-03
2.519554665226261250e+02 1.343654501244637145e-01 1.716718935143763964e-03 0.000000000000000000e+00 1.963495408493620871e-03
2.511078958246788773e+02 1.402992592134257865e-01 -7.469715997756442172e-04 0.000000000000000000e+00 1.963495408493620871e-03
2.474561794195252276e+02 1.358216113046898932e-01 1.446937399685342901e-03 0.000000000000000000e+00 1.963495408493620871e-03
2.453670427942264496e+02 8.658391714697251385e-02 -7.384710378935466831e-04 0.000000000000000000e+00 1.963495408493620871e-03
2.484887269023161878e+02 1.839393077370174989e-01 1.382998590099342520e-03 0.000000000000000000e+00 1.963495408493620871e-03
2.465021279998016439e+02 8.884451440346656514e-02 -3.027107291555147014e-04 0.000000000000000000e+00 1.963495408493620871e-03
2.597120932026591618e+02 1.908962146695976081e-01 1.343240467822477040e-03 0.000000000000000000e+00 1.963495408493620871e-03
2.494034758018681543e+02 1.652441974961624815e-01 -2.715011746246005341e-04 0.000000000000000000e+00 1.963495408493620871e-03
2.392071322103885223e+02 2.394225757454609971e-02 9.977240960228157471e-04 0.000000000000000000e+00 1.963495408493620871e-03
2.372363756347014032e+02 -5.343943192132336040e-02 -3.659916857396056968e-04 0.000000000000000000e+00 1.963495408493620871e-03
2.501633939054385962e+02 1.498597849307838348e-01 1.352615868894898026e-03 0.000000000000000000e+00 1.963495408493620871e-03
2.493113122037489688e+02 8.034738615173195320e-02 -8.762229160083265505e-04 0.000000000000000000e+00 1.963495408493620871e-03
2.505376751069851196e+02 1.552084943406878137e-01 1.589031314436218246e-03 0.000000000000000000e+00 1.963495408493620871e-03
2.540286446056838940e+02 1.560260814468781287e-01 -1.031541044893060591e-03 0.000000000000000000e+00 1.963495408493620871e-03
2.537605844254545104e+02 1.590574742411730025e-01 1.986390748339822172e-03 0.000000000000000000e+00 1.963495408493620871e-03
2.559353157712532436e+02 1.501890979349138067e-01 -7.474459665657001012e-04 0.000000000000000000e+00 1.963495408493620871e-03
2.571733408949077102e+02 1.424307963250140419e-01 2.268661718554749931e-03 0.000000000000000000e+00 1.963495408493620871e-03
2.557476907343068717e+02 1.809485532265951713e-01 -1.068328220488672792e-03 0.000000000000000000e+00 1.963495408493620871e-03
2.416396685788388083e+02 -8.342695413964119899e-02 1.307331862871554491e-03 0.000000000000000000e+00 1.963495408493620871e-03
2.505820779218902317e+02 1.370283596593955266e-01 -8.615203821492516470e-04 0.000000000000000000e+00 1.963495408493620871e-03
2.415467643368598090e+02 5.938660872329572238e-02 1.350580047053743377e-03 0.000000000000000000e+00 1.963495408493620871e-03
2.503280085291614228e+02 1.306398447016087483e-01 -3.890906235892652165e-04 0.000000000000000000e+00 1.963495408493620871e-03
2.491835052359780889e+02 1.751739764423159151e-01 1.282923407586640920e-03 0.000000000000000000e+00 1.963495408493620871e-03
2.562757462344506507e+02 2.012118750390542443e-01 1.611344395857884843e-04 0.000000000000000000e+00 1.963495408493620871e-03
2.380147681912218047e+02 1.014416505580593708e-01 1.031669775010751137e-03 0.000000000000000000e+00 1.963495408493620871e-03
2.507747438232069044e+02 -4.371698121071000698e-02 -2.677150755333717333e-04 0.000000000000000000e+00 1.963495408493620871e-03
2.553638511720747317e+02 1.243522709302551654e-01 1.333831358893756459e-03 0.000000000000000000e+00 1.963495408493620871e-03
2.506554505005200895e+02 1.064672781030200077e-01 -6.013658013768903837e-04 0.000000000000000000e+00 1.963495408493620871e-03
2.537902970806404710e+02 2.251531775959102893e-02 1.873759633614135132e-03 0.000000000000000000e+00 1.963495408493620871e-03
2.544853704160799737e+02 9.636947025256817345e-02 -5.102964292360564558e-04 0.000000000000000000e+00 1.963495408493620871e-03
2.500943012183167298e+02 9.892042435411485535e-02 1.318677098582482108e-03 0.000000000000000000e+00 1.963495408493620871e-03
2.606139035210485417e+02 1.224314229444247309e-01 -3.175629063297440765e-04 0.000000000000000000e+00 1.963495408493620871e-03
2.614687882704967592e+02 2.018221191710233842e-01 1.393737284022978241e-03 0.000000000000000000e+00 1.963495408493620871e-03
2.630216065674812853e+02 -1.858390553746364776e-02 -8.057814435507505875e-04 0.000000000000000000e+00 1.963495408493620871e-03
2.550837003168003037e+02 1.553833111667787259e-01 1.717998973389653480e-03 0.000000000000000000e+00 1.963495408493620871e-03
2.545254547316887397e+02 1.698059879886898993e-01 -5.645103183624596054e-04 0.000000000000000000e+00 1.963495408493620871e-03
2.531295878782383397e+02 1.796947445462417359e-01 1.153449724048930805e-03 0.000000000000000000e+00 1.963495408493620871e-03
2.617505345369342535e+02 1.482842365584087219e-01 -4.388875973165404145e-04 0.000000000000000000e+00 1.963495408493620871e-03
2.520202896643728536e+02 4.593708059140141908e-02 1.443526670201384504e-03 0.000000000000000000e+00 1.963495408493620871e-03
2.542985550189497417e+02 6.521459905032561677e-02 1.897869185626713218e-04 0.000000000000000000e+00 1.963495408493620871e-03
2.634820889123831194e+02 2.857855106707863843e-02 8.835245438114469434e-04 0.000000000000000000e+00 1.963495408493620871e-03
2.744134269984376715e+02 -1.078399714397395084e-02 4.061226283513636967e-04 0.000000000000000000e+00 1.963495408493620871e-03
2.578419532618879089e+02 1.583661655485229802e-01 1.002533335817918508e-03 0.000000000000000000e+00 1.963495408493620871e-03
2.527832898323412394e+02 -2.289761192650811156e-02 -6.419480787473007136e-04 0.000000000000000000e+00 1.963495408493620871e-03
2.590400329391137006e+02 1.553079426899188764e-01 1.371618346220322823e-03 0.000000000000000000e+00 1.963495408493620871e-03
2.519416021194098789e+02 -6.085563289899642569e-02 -4.256810563200955793e-04 0.000000000000000000e+00 1.963495408493620871e-03
2.455804450493436946e+02 9.717436525062536634e-02 1.118788936177738096e-03 0.000000000000000000e+00 1.963495408493620871e-03
2.402607712344498054e+02 5.665972069340990958e-02 -6.158517756005433674e-04 0.000000000000000000e+00 1.963495408493620871e-03
2.337766594602504995e+02 -1.905366273235069574e-01 2.498550714455547665e-04 0.000000000000000000e+00 1.963495408493620871e-03
2.595512871198757239e+02 1.065212231341340077e-01 3.346537768061193978e-04 0.000000000000000000e+00 1.963495408493620871e-03
2.504394270719970450e+02 -4.472754066384887484e-02 1.303456043013792110e-03 0.000000000000000000e+00 1.963495408493620871e-03
2.692776152663867038e+02 9.535781324519695956e-02 -1.532143088150092502e-04 0.000000000000000000e+00 1.963495408493620871e-03
2.608200097792557699e+02 9.576852966965357372e-02 1.492713288125742995e-03 0.000000000000000000e+00 1.963495408493620871e-03
2.641867841674749684e+02 8.573029634352161144e-02 -1.166164741684548329e-03 0.000000000000000000e+00 1.963495408493620871e-03
2.598733944687677990e+02 9.185953334863128372e-02 2.077433444847153962e-03 0.000000000000000000e+00 1.963495408493620871e-03
2.640981761750178975e+02 2.644754662423626571e-02 -5.987557582426675153e-04 0.000000000000000000e+00 1.963495408493620871e-03
2.732700228825455611e+02 2.618054289222923603e-02 1.075371875546901352e-03 0.000000000000000000e+00 1.963495408493620871e-03
2.840215752984138362e+02 -4.772584018411971801e-02 5.114176790635416303e-04 0.000000000000000000e+00 1.963495408493620871e-03
2.688786112478854307e+02 7.026431175696754017e-02 1.170419560707338866e-03 0.000000000000000000e+00 1.963495408493620871e-03
2.642842548567424501e+02 3.905873831660987283e-02 2.028354099361648393e-05 0.000000000000000000e+00 1.963495408493620871e-03
2.626665482779318950e+02 9.271981392058671612e-02 1.246183564887082306e-03 0.000000000000000000e+00 1.963495408493620871e-03
2.523738281142869937e+02 1.404540198366940051e-01 3.583071337466568534e-04 0.000000000000000000e+00 1.963495408493620871e-03
2.515235282607702914e+02 1.287920849968380022e-01 1.073980258789076526e-03 0.000000000000000000e+00 1.963495408493620871e-03
2.565623855040313401e+02 1.555467022386643750e-01 -1.436985232412913566e-03 0.000000000000000000e+00 1.963495408493620871e-03
2.420538824345903492e+02 6.973679710724800529e-02 8.034495506226346166e-06 0.000000000000000000e+00 1.963495408493620871e-03
2.360289535724552366e+02 -5.984494659479606959e-02 2.061285501423540650e-04 0.000000000000000000e+00 1.963495408493620871e-03
2.586112955152179325e+02 2.097387270077183119e-01 -1.279092112443915409e-03 0.000000000000000000e+00 1.963495408493620871e-03
2.487152393223961155e+02 2.643787743911012178e-02 2.086746152564372702e-04 0.000000000000000000e+00 1.963495408493620871e-03
2.655979313019689130e+02 1.167702335870951930e-01 1.488880668989730734e-03 0.000000000000000000e+00 1.963495408493620871e-03
2.588927988057309904e+02 1.354019650017387888e-01 -1.310762648552470447e-03 0.000000000000000000e+00 1.963495408493620871e-03
2.759944557408788341e+02 -2.812727509326284903e-02 1.722484873667553705e-03 0.000000000000000000e+00 1.963495408493620871e-03
2.821962648373526577e+02 -2.968955217469275432e-02 -4.359805802623832648e-04 0.000000000000000000e+00 1.963495408493620871e-03
2.762646256583516902e+02 -2.694864184683301578e-02 1.070859226586941444e-03 0.000000000000000000e+00 1.963495408493620871e-03
2.674916495367531297e+02 -8.201259292380444488e-02 1.181558052222444962e-05 0.000000000000000000e+00 1.963495408493620871e-03
2.611990764850283426e+02 9.773023819504630949e-02 6.185522181218954061e-04 0.000000000000000000e+00 1.963495408493620871e-03
2.573878905500362748e+02 8.775431658216452380e-02 -3.295560202514839212e-04 0.000000000000000000e+00 1.963495408493620871e-03
2.621018773651298943e+02 8.891821470341812472e-02 8.882240590779343428e-04 0.000000000000000000e+00 1.963495408493620871e-03
2.627241982908557247e+02 -1.833686517141389083e-02 3.819463084479769906e-04 0.000000000000000000e+00 1.963495408493620871e-03
2.529823873251716009e+02 3.637370089868487838e-02 1.014487726557250025e-03 0.000000000000000000e+00 1.963495408493620871e-03
2.451616833068340497e+02 1.189067865092685583e-01 -6.491590151874654987e-04 0.000000000000000000e+00 1.963495408493620871e-03
2.349860212873427372e+02 -2.784837209992757287e-02 -2.485348789402760245e-03 0.000000000000000000e+00 1.963495408493620871e-03
2.389463997473400241e+02 1.190455435799806783e-01 4.347308630630380630e-03 0.000000000000000000e+00 1.963495408493620871e-03
2.380012681619756449e+02 -4.160622809425561924e-02 -3.994030761454804568e-03 0.000000000000000000e+00 1.963495408493620871e-03
2.562250925848427983e+02 1.124889938347237300e-01 2.017806105426947581e-03 0.000000000000000000e+00 1.963495408493620871e-03
2.629023117784982446e+02 9.123098447671990074e-02 -2.973494656831297822e-04 0.000000000000000000e+00 1.963495408493620871e-03
2.669835104996382711e+02 -5.765293728008054341e-03 -5.413394522587095968e-04 0.000000000000000000e+00 1.963495408493620871e-03
2.774069458809244111e+02 2.591096926933466119e-02 7.472347379578622934e-04 0.000000000000000000e+00 1.963495408493620871e-03
2.696020928648871973e+02 -2.765058602628935047e-02 -2.705713641671379007e-04 0.000000000000000000e+00 1.963495408493620871e-03
2.723448220400561013e+02 -6.971845805824156139e-02 7.780792802222623750e-04 0.000000000000000000e+00 1.963495408493620871e-03
2.682503791324535314e+02 1.574651681194028791e-02 -1.107795037178972968e-03 0.000000000000000000e+00 1.963495408493620871e-03
2.717743040190696888e+02 -4.503555326889002730e-02 7.013860341589218082e-04 0.000000000000000000e+00 1.963495408493620871e-03
2.714116604440347942e+02 3.761096432818300528e-02 -1.119347963420335400e-03 0.000000000000000000e+00 1.963495408493620871e-03
2.706388313657969888e+02 2.376229523780779007e-02 1.534855568319717792e-03 0.000000000000000000e+00 1.963495408493620871e-03
2.480406366293227904e+02 1.545108442634620105e-01 -1.442915050181819113e-03 0.000000000000000000e+00 1.963495408493620871e-03
2.522688538979087411e+02 1.405186563177014680e-01 2.403899620522976024e-03 0.000000000000000000e+00 1.963495408493620871e-03
2.563087127189182866e+02 1.382140748896920068e-01 5.092261054810383932e-04 0.000000000000000000e+00 1.963495408493620871e-03
2.370218924702112986e+02 7.994472725116910650e-02 -3.093895104769588990e-03 0.000000000000000000e+00 1.963495408493620871e-03
2.386060859165387740e+02 4.267951910759396061e-02 7.092272849052169009e-03 0.000000000000000000e+00 1.963495408493620871e-03
2.638399953950908525e+02 9.238913154770478364e-02 -4.728856695251963671e-03 0.000000000000000000e+00 1.963495408493620871e-03
2.675078939064186443e+02 -3.237698957016259260e-02 3.747133332932161588e-03 0.000000000000000000e+00 1.963495408493620871e-03
2.677803469556728260e+02 -1.589746877932204233e-02 -1.468235878317859008e-03 0.000000000000000000e+00 1.963495408493620871e-03
2.664292773596966981e+02 1.703902999458738882e-02 -3.374328400298406408e-04 0.000000000000000000e+00 1.963495408493620871e-03
2.587994946948169286e+02 4.848907266373857217e-02 8.943748434042317341e-04 0.000000000000000000e+00 1.963495408493620871e-03
2.785337933250196443e+02 -3.255217542967582534e-02 8.113543857949450739e-06 0.000000000000000000e+00 1.963495408493620871e-03
2.754347542832148292e+02 -6.390201551706312100e-02 3.595095362996325681e-04 0.000000000000000000e+00 1.963495408493620871e-03
2.810467309612566851e+02 -2.349435767742252823e-02 -1.620726418575585501e-03 0.000000000000000000e+00 1.963495408493620871e-03
2.622025110331566680e+02 -5.039556364735532645e-02 5.523495236033744643e-04 0.000000000000000000e+00 1.963495408493620871e-03
2.614867351839540675e+02 7.689429177651040115e-02 -3.004111360024382983e-03 0.000000000000000000e+00 1.963495408493620871e-03
2.667300539620927680e+02 5.419449714261107692e-02 1.207181003659918385e-03 0.000000000000000000e+00 1.963495408493620871e-03
2.488948593789345125e+02 1.376478775478351679e-01 -2.913789166248661935e-03 0.000000000000000000e+00 1.963495408493620871e-03
2.432962999682879399e+02 4.741767561547416410e-02 2.322454565141209709e-03 0.000000000000000000e+00 1.963495408493620871e-03
2.418849317810060313e+02 1.112089889910162360e-02 -3.236004648134249186e-03 0.000000000000000000e+00 1.963495408493620871e-03
2.367485905000245907e+02 3.818918136027368848e-02 1.909438446942117711e-03 0.000000000000000000e+00 1.963495408493620871e-03
2.570818215259894259e+02 1.500070709207306507e-01 1.983178163878045186e-03 0.000000000000000000e+00 1.963495408493620871e-03
2.437237007523287389e+02 -7.191568825415572963e-02 -2.947417028776920002e-03 0.000000000000000000e+00 1.963495408493620871e-03
2.679567006433559868e+02 8.139562329657120537e-03 4.598089241292196809e-03 0.000000000000000000e+00 1.963495408493620871e-03
2.725281271625158297e+02 -2.271675657181482927e-02 -4.372574945023980676e-03 0.000000000000000000e+00 1.963495408493620871e-03
2.639363864775073125e+02 8.329663734719845031e-03 8.509411121979792297e-04 0.000000000000000000e+00 1.963495408493620871e-03
2.757385100643409146e+02 -1.765489120768887199e-01 1.431408064965028048e-03 0.000000000000000000e+00 1.963495408493620871e-03
2.780799124233523685e+02 -5.656744881168332406e-02 6.050622334928706155e-04 0.000000000000000000e+00 1.963495408493620871e-03
2.536745492448391133e+02 -5.317029807930858526e-04 -7.170122743543451763e-04 0.000000000000000000e+00 1.963495408493620871e-03
2.649077270269684732e+02 -6.822385084780074882e-02 -1.920437332686515154e-03 0.000000000000000000e+00 1.963495408493620871e-03
2.775524714971244293e+02 -3.691715528457019391e-02 1.118211450914266460e-03 0.000000000000000000e+00 1.963495408493620871e-03
2.604634381807984482e+02 2.850016272809570428e-02 -3.524254584150189260e-03 0.000000000000000000e+00 1.963495408493620871e-03
2.561898202920396557e+02 2.781674173306527414e-02 -2.605341102028694363e-04 0.000000000000000000e+00 1.963495408493620871e-03
2.580782292889427367e+02 9.269348199984739356e-02 -3.071152695453833147e-03 0.000000000000000000e+00 1.963495408493620871e-03
2.698831676273242692e+02 8.218328878102425239e-02 1.043953782910614836e-03 0.000000000000000000e+00 1.963495408493620871e-03
2.398430457853392852e+02 -1.602688288754323676e-01 -5.093670403730714454e-03 0.000000000000000000e+00 1.963495408493620871e-03
2.439291687586020885e+02 9.098805369068815874e-02 4.652316586239913475e-03 0.000000000000000000e+00 1.963495408493620871e-03
2.538078687810573228e+02 1.260340455789381309e-01 -2.783254129676751305e-03 0.000000000000000000e+00 1.963495408493620871e-03
2.637942976329123326e+02 1.862516303506326449e-03 -1.644836698486417683e-04 0.000000000000000000e+00 1.963495408493620871e-03
2.610133411037604105e+02 5.920098962324393810e-02 4.303010735860517827e-03 0.000000000000000000e+00 1.963495408493620871e-03
2.741201504155359316e+02 -7.156145248456574626e-02 -6.659681960452008484e-03 0.000000000000000000e+00 1.963495408493620871e-03
2.760919531982792705e+02 -8.265180171616753890e-02 5.690220449415487203e-04 0.000000000000000000e+00 1.963495408493620871e-03
2.648335394189292060e+02 1.448276252281128010e-02 -3.780349154681777248e-05 0.000000000000000000e+00 1.963495408493620871e-03
2.671564264234316965e+02 -5.839546390969198308e-02 7.293627786983752047e-04 0.000000000000000000e+00 1.963495408493620871e-03
2.690603476763580488e+02 -3.930548945939196792e-02 5.384623189140526052e-05 0.000000000000000000e+00 1.963495408493620871e-03
2.833185460012594490e+02 -3.037771003493204558e-02 -1.648143893152974240e-03 0.000000000000000000e+00 1.963495408493620871e-03
2.819097426754381104e+02 -1.245536884836148106e-01 1.894383383425266715e-03 0.000000000000000000e+00 1.963495408493620871e-03
2.666514248552024355e+02 9.946092219188634731e-02 -1.568085836166646652e-03 0.000000000000000000e+00 1.963495408493620871e-03
2.550968846090297859e+02 7.810245346652998355e-02 1.577724470551309852e-04 0.000000000000000000e+00 1.963495408493620871e-03
2.582120448392308276e+02 1.643779904701958561e-01 9.048904165445633731e-04 0.000000000000000000e+00 1.963495408493620871e-03
2.468300890189344727e+02 1.057498120888916981e-01 -2.984916211782889187e-03 0.000000000000000000e+00 1.963495408493620871e-03
2.460180560953678537e+02 1.707246963198973816e-02 -2.201660345234402079e-03 0.000000000000000000e+00 1.963495408493620871e-03
2.467650066460362268e+02 2.024677402888551414e-02 -4.842145504276126888e-03 0.000000000000000000e+00 1.963495408493620871e-03
2.476901596226054778e+02 -3.241698368167911411e-03 -2.353947974905339947e-03 0.000000000000000000e+00 1.963495408493620871e-03
2.735392201259682565e+02 -6.811647362022646424e-02 7.408324992783212395e-04 0.000000000000000000e+00 1.963495408493620871e-03
2.680106655069035355e+02 -4.212132073453957182e-02 1.870122546578305723e-03 0.000000000000000000e+00 1.963495408493620871e-03
2.754752762783485878e+02 -7.472671326820271021e-02 -6.265396821119201612e-03 0.000000000000000000e+00 1.963495408493620871e-03
2.733482189261083022e+02 -1.063418696298914223e-01 9.261032512636462890e-05 0.000000000000000000e+00 1.963495408493620871e-03
2.822714395784969952e+02 -4.601872377316595930e-02 -2.877010126828919703e-04 0.000000000000000000e+00 1.963495408493620871e-03
2.718851119415208473e+02 -8.534109422749600049e-02 1.841311306779906589e-03 0.000000000000000000e+00 1.963495408493620871e-03
2.709870397275241771e+02 -6.789610512800645092e-02 -3.526598161665265739e-04 0.000000000000000000e+00 1.963495408493620871e-03
2.710642589231826491e+02 3.831332864971832668e-03 -2.212787883183396555e-03 0.000000000000000000e+00 1.963495408493620871e-03
2.863840742274786635e+02 8.538745008896805877e-02 1.783217517623336690e-03 0.000000000000000000e+00 1.963495408493620871e-03
2.567797185454917326e+02 1.046860932242292541e-01 -1.444437792978749309e-03 0.000000000000000000e+00 1.963495408493620871e-03
2.419563329211201221e+02 -7.718857104251504453e-02 -1.459362829015847579e-03 0.000000000000000000e+00 1.963495408493620871e-03
2.506606131348325448e+02 9.359367263569151607e-02 2.246865508463131208e-03 0.000000000000000000e+00 1.963495408493620871e-03
2.652664423762175261e+02 8.149203263294503563e-02 -2.648808329263076331e-03 0.000000000000000000e+00 1.963495408493620871e-03
2.607769889073499030e+02 4.030029730162391910e-02 8.031143138211012215e-04 0.000000000000000000e+00 1.963495408493620871e-03
2.700856569127498688e+02 -1.784402139611782068e-02 -4.421980151605194378e-03 0.000000000000000000e+00 1.963495408493620871e-03
2.743337725113957504e+02 -2.444901331643815900e-02 -4.938138572612310769e-03 0.000000000000000000e+00 1.963495408493620871e-03
2.588228540500932127e+02 7.008055172058248738e-02 1.276058265912391985e-03 0.000000000000000000e+00 1.963495408493620871e-03
2.520822769699305468e+02 1.056094541573081580e-01 8.120654465306356533e-04 0.000000000000000000e+00 1.963495408493620871e-03
2.812688538643200218e+02 -7.048201693518124644e-02 -4.703482043561247640e-03 0.000000000000000000e+00 1.963495408493620871e-03
2.798382411083141506e+02 -1.140554311991066536e-02 -9.036067624640111394e-04 0.000000000000000000e+00 1.963495408493620871e-03
3.046730702562337001e+02 6.558803364279930381e-02 -1.179854389465277882e-03 0.000000000000000000e+00 1.963495408493620871e-03
2.673342867655136388e+02 -1.587815699800603775e-01 1.841055112883666252e-03 0.000000000000000000e+00 1.963495408493620871e-03
2.705733828465970987e+02 1.643776300062783219e-02 -1.253317670238777342e-03 0.000000000000000000e+00 1.963495408493620871e-03
2.573919103996974513e+02 6.394157199496254551e-02 -1.865707636909332435e-03 0.000000000000000000e+00 1.963495408493620871e-03
2.651589945156854355e+02 -1.978263270184883044e-02 2.459324863303349092e-03 0.000000000000000000e+00 1.963495408493620871e-03
2.649396555679345511e+02 4.375898533810138741e-02 -2.117130789476577048e-03 0.000000000000000000e+00 1.963495408493620871e-03
2.655779114198697357e+02 -2.615458567140481472e-02 -2.683509657596356429e-03 0.000000000000000000e+00 1.963495408493620871e-03
2.781730638582041024e+02 -6.659473592698007816e-03 1.685754098948378382e-03 0.000000000000000000e+00 1.963495408493620871e-03
2.639248420787654936e+02 -4.320489776947751548e-02 -4.644931777050457329e-04 0.000000000000000000e+00 1.963495408493620871e-03
2.641703385203397261e+02 -4.066787565887136635e-02 -5.211052327161050726e-04 0.000000000000000000e+00 1.963495408493620871e-03
2.693205547699768658e+02 3.894257579123137913e-02 -2.230507564777814856e-04 0.000000000000000000e+00 1.963495408493620871e-03
2.646486074579917158e+02 -9.615057871759241648e-02 -6.764567870214834413e-04 0.000000000000000000e+00 1.963495408493620871e-03
2.722315385756290311e+02 -2.227215124429504089e-01 5.047117512131306383e-03 0.000000000000000000e+00 1.963495408493620871e-03
2.725926548508224982e+02 -6.621161415507373360e-02 4.472155793115065170e-03 0.000000000000000000e+00 1.963495408493620871e-03
2.790333729460457448e+02 -2.915090449675286632e-02 -4.141083248171880012e-03 0.000000000000000000e+00 1.963495408493620871e-03
2.771195297328347920e+02 -7.809466540004256219e-02 -7.038427051906526047e-04 0.000000000000000000e+00 1.963495408493620871e-03
2.762349438176638614e+02 -1.506903202103702655e-01 -1.806785135061713538e-03 0.000000000000000000e+00 1.963495408493620871e-03
2.856259473445072672e+02 -1.073106985700396365e-01 2.844315946680511364e-03 0.000000000000000000e+00 1.963495408493620871e-03
2.798261955382170640e+02 -3.579622942244656270e-02 -2.522706540951087303e-03 0.000000000000000000e+00 1.963495408493620871e-03
2.832308928199573188e+02 -4.496876459903248469e-02 6.518563302386935158e-04 0.000000000000000000e+00 1.963495408493620871e-03
2.765312935166772377e+02 -1.250242966433145475e-01 1.713983732035278835e-03 0.000000000000000000e+00 1.963495408493620871e-03
2.746813409798375005e+02 -7.406176156911789543e-02 -2.260509797642928660e-03 0.000000000000000000e+00 1.963495408493620871e-03
2.763992882490249485e+02 -6.974556970784964727e-02 1.838398807172143563e-03 0.000000000000000000e+00 1.963495408493620871e-03
2.719753724423098902e+02 -2.415050325484014992e-01 -3.572839033224218912e-03 0.000000000000000000e+00 1.963495408493620871e-03
2.781825726279477635e+02 -1.378511989329229137e-01 2.068817611607937177e-03 0.000000000000000000e+00 1.963495408493620871e-03
2.779346967873798349e+02 -7.076411341241539699e-02 -3.325180442749769635e-03 0.000000000000000000e+00 1.963495408493620871e-03
2.733963152781116150e+02 -1.734483582596521023e-01 2.436788838948574735e-03 0.000000000000000000e+00 1.963495408493620871e-03
2.722040324837508933e+02 -1.015532997998703224e-01 1.175028919398760519e-03 0.000000000000000000e+00 1.963495408493620871e-03
2.725639802407549723e+02 -1.494892859186590373e-01 2.124008345886373075e-03 0.000000000000000000e+00 1.963495408493620871e-03
2.780394797978364068e+02 -4.332113628734717004e-02 1.566900998354495405e-03 0.000000000000000000e+00 1.963495408493620871e-03
2.773382012225687845e+02 -7.789222949008624275e-02 -1.341945092775059540e-03 0.000000000000000000e+00 1.963495408493620871e-03
2.808302294325564503e+02 -3.717325715697494815e-02 1.018600510437707007e-03 0.000000000000000000e+00 1.963495408493620871e-03
2.586106964168521927e+02 -8.679346938974824566e-02 -8.441702056963363643e-04 0.000000000000000000e+00 1.963495408493620871e-03
2.685449110109860840e+02 3.245161742163316099e-02 4.477970686358766114e-07 0.000000000000000000e+00 1.963495408493620871e-03
2.528179724707533751e+02 -1.257690890082642232e-01 2.296399398571017086e-03 0.000000000000000000e+00 1.963495408493620871e-03
2.644533705046364389e+02 -2.889642497787839326e-01 -3.414138150752172619e-03 0.000000000000000000e+00 1.963495408493620871e-03
2.791187618228763654e+02 -2.124240072609835661e-02 1.051169063731672952e-03 0.000000000000000000e+00 1.963495408493620871e-03
2.726283191589174635e+02 -6.744560008712804922e-02 2.178625258697290592e-03 0.000000000000000000e+00 1.963495408493620871e-03
2.706476239087966178e+02 -7.335142598937519076e-02 1.820456582189560694e-03 0.000000000000000000e+00 1.963495408493620871e-03
2.491311830123774200e+02 -2.973192053194035483e-02 -1.915441552627383023e-03 0.000000000000000000e+00 1.963495408493620871e-03
2.382022357638235235e+02 -4.304758035407454247e-02 5.250600474590346855e-04 0.000000000000000000e+00 1.963495408493620871e-03
2.571388945598343412e+02 -1.604346824802606319e-02 -3.685236302266105312e-04 0.000000000000000000e+00 1.963495408493620871e-03
