# q:-1.000000e+00, m:1.000000e+00, N:480 - x,px,py,pz,w
1.886919250496735003e+02 1.962058806998833630e-06 2.321420492548477953e-03 0.000000000000000000e+00 1.963495408493620871e-03
1.888228242401268346e+02 7.560918570097971561e-07 1.772737394607453408e-03 0.000000000000000000e+00 1.963495408493620871e-03
1.890846235918760385e+02 -5.963058174729720183e-07 6.475104061715306666e-04 0.000000000000000000e+00 1.963495408493620871e-03
1.892155231683728118e+02 -8.303268832677709574e-07 8.527012394373215121e-05 0.000000000000000000e+00 1.963495408493620871e-03
1.894773227044085786e+02 -2.860795670258645703e-07 -9.812841660807917164e-04 0.000000000000000000e+00 1.963495408493620871e-03
1.896082221319995824e+02 2.920169619448838123e-07 -1.473837719727701459e-03 0.000000000000000000e+00 1.963495408493620871e-03
1.898700210148502094e+02 1.963148224672220927e-06 -2.330486460228011619e-03 0.000000000000000000e+00 1.963495408493620871e-03
1.900009201027386894e+02 2.826783687001420043e-06 -2.686955995329663293e-03 0.000000000000000000e+00 1.963495408493620871e-03
1.902627183453474231e+02 4.461431127104568877e-06 -3.225702470147200681e-03 0.000000000000000000e+00 1.963495408493620871e-03
1.903936172074992044e+02 5.036910931571974197e-06 -3.405313635827632822e-03 0.000000000000000000e+00 1.963495408493620871e-03
1.906554151942038970e+02 5.685241460724314233e-06 -3.574357485731361611e-03 0.000000000000000000e+00 1.963495408493620871e-03
1.907863140684726488e+02 5.651280335694029074e-06 -3.565890326216660834e-03 0.000000000000000000e+00 1.963495408493620871e-03
1.910481122865041073e+02 5.053632277154848923e-06 -3.371378486113585544e-03 0.000000000000000000e+00 1.963495408493620871e-03
1.911790113867152172e+02 4.474019897106295362e-06 -3.191723038766927211e-03 0.000000000000000000e+00 1.963495408493620871e-03
1.914408101451410005e+02 3.090138037130299589e-06 -2.693164122483720710e-03 0.000000000000000000e+00 1.963495408493620871e-03
1.915717095479754448e+02 2.316963216013926475e-06 -2.383410130633385488e-03 0.000000000000000000e+00 1.963495408493620871e-03
1.918335088380496813e+02 9.606463068766680987e-07 -1.679541756636702618e-03 0.000000000000000000e+00 1.963495408493620871e-03
1.919644084625758467e+02 3.966880640751801617e-07 -1.295904274505763022e-03 0.000000000000000000e+00 1.963495408493620871e-03
1.922262080125122168e+02 -2.613651572337236790e-07 -5.071191661293644910e-04 0.000000000000000000e+00 1.963495408493620871e-03
1.923571076879268276e+02 -3.877851665899056616e-07 -1.121051035233227655e-04 0.000000000000000000e+00 1.963495408493620871e-03
1.926189071504639116e+02 -1.580422466226342779e-07 6.386432665671966380e-04 0.000000000000000000e+00 1.963495408493620871e-03
1.927498067215183823e+02 1.115848970367619445e-07 9.861648400932426783e-04 0.000000000000000000e+00 1.963495408493620871e-03
1.930116058716977250e+02 9.135471783122579068e-07 1.592661631106522067e-03 0.000000000000000000e+00 1.963495408493620871e-03
1.931425052784090610e+02 1.334659080613104800e-06 1.846171573734679740e-03 0.000000000000000000e+00 1.963495408493620871e-03
1.934043041130233291e+02 2.140990214766030543e-06 2.231860162961287267e-03 0.000000000000000000e+00 1.963495408493620871e-03
1.935352034061401980e+02 2.430617037484554450e-06 2.362128155663291949e-03 0.000000000000000000e+00 1.963495408493620871e-03
1.937970021075094280e+02 2.768281039624951252e-06 2.489871911972444014e-03 0.000000000000000000e+00 1.963495408493620871e-03
1.939279014017532177e+02 2.763884280122719468e-06 2.488779013179131389e-03 0.000000000000000000e+00 1.963495408493620871e-03
1.941897002074677800e+02 2.493955826146033376e-06 2.362389084058423745e-03 0.000000000000000000e+00 1.963495408493620871e-03
1.943205996083332252e+02 2.220333153334567035e-06 2.241429755833003034e-03 0.000000000000000000e+00 1.963495408493620871e-03
1.945823986734206983e+02 1.555956584881569089e-06 1.901331337903139958e-03 0.000000000000000000e+00 1.963495408493620871e-03
1.947132982210546004e+02 1.180911973469903506e-06 1.688624603124104593e-03 0.000000000000000000e+00 1.963495408493620871e-03
1.949750975471794163e+02 5.148517029205872381e-07 1.203622511434450024e-03 0.000000000000000000e+00 1.963495408493620871e-03
1.951059972049874034e+02 2.345081387708537907e-07 9.385297311213413240e-04 0.000000000000000000e+00 1.963495408493620871e-03
1.953677966645034019e+02 -1.034921069262983949e-07 3.919674440429663604e-04 0.000000000000000000e+00 1.963495408493620871e-03
1.954986963509874158e+02 -1.750166107706935201e-07 1.175897306278575602e-04 0.000000000000000000e+00 1.963495408493620871e-03
1.957604957763457207e+02 -8.457416778303447009e-08 -4.049953831373790357e-04 0.000000000000000000e+00 1.963495408493620871e-03
1.958913954157671924e+02 3.715984835400172479e-08 -6.474580806238893534e-04 0.000000000000000000e+00 1.963495408493620871e-03
1.961531946955119565e+02 4.112116958577904198e-07 -1.071748131565135060e-03 0.000000000000000000e+00 1.963495408493620871e-03
1.962840942569950755e+02 6.110099321655102195e-07 -1.249813449099562886e-03 0.000000000000000000e+00 1.963495408493620871e-03
1.965458933852370649e+02 9.983132232686471290e-07 -1.522738691662929231e-03 0.000000000000000000e+00 1.963495408493620871e-03
1.966767928911305034e+02 1.140138476205857720e-06 -1.616134930638857617e-03 0.000000000000000000e+00 1.963495408493620871e-03
1.969385919521531889e+02 1.310709861583329873e-06 -1.710940916549574722e-03 0.000000000000000000e+00 1.963495408493620871e-03
1.970694914564294322e+02 1.314186383270989027e-06 -1.713384222682936848e-03 0.000000000000000000e+00 1.963495408493620871e-03
1.973312905632387810e+02 1.195732084831360896e-06 -1.632485721252862699e-03 0.000000000000000000e+00 1.963495408493620871e-03
1.974621901165646989e+02 1.069874305143539034e-06 -1.552053721337245430e-03 0.000000000000000000e+00 1.963495408493620871e-03
1.977239893447016925e+02 7.591311395269044132e-07 -1.322862894434567380e-03 0.000000000000000000e+00 1.963495408493620871e-03
1.978548889674113127e+02 5.818392633798392205e-07 -1.178502940513608075e-03 0.000000000000000000e+00 1.963495408493620871e-03
1.981166883203171949e+02 2.634791997727157922e-07 -8.478485143696581992e-04 0.000000000000000000e+00 1.963495408493620871e-03
1.982475879962221370e+02 1.281047498698002771e-07 -6.665734049052221468e-04 0.000000000000000000e+00 1.963495408493620871e-03
1.985093874151915259e+02 -3.937624535446844883e-08 -2.922037208529592949e-04 0.000000000000000000e+00 1.963495408493620871e-03
1.986402871062471718e+02 -7.728066572608812171e-08 -1.038888777910552887e-04 0.000000000000000000e+00 1.963495408493620871e-03
1.989020865122643613e+02 -4.271798682615567747e-08 2.558830365736679659e-04 0.000000000000000000e+00 1.963495408493620871e-03
1.990329861823826434e+02 1.146757341814656935e-08 4.232824074204956464e-04 0.000000000000000000e+00 1.963495408493620871e-03
1.992947855215540471e+02 1.831813956478241995e-07 7.168781931937251266e-04 0.000000000000000000e+00 1.963495408493620871e-03
1.994256851553265903e+02 2.763448352926073340e-07 8.405170988405039675e-04 0.000000000000000000e+00 1.963495408493620871e-03
1.996874844230689234e+02 4.589262523582513182e-07 1.031247578256207133e-03 0.000000000000000000e+00 1.963495408493620871e-03
1.998183840301248324e+02 5.270804844489565136e-07 1.097323574339206277e-03 0.000000000000000000e+00 1.963495408493620871e-03
2.000801832645875322e+02 6.115379367450091647e-07 1.166835092742333092e-03 0.000000000000000000e+00 1.963495408493620871e-03
2.002110828698314435e+02 6.158425022063030380e-07 1.170866756985721509e-03 0.000000000000000000e+00 1.963495408493620871e-03
2.004728821238001046e+02 5.652811936089406446e-07 1.119866488562003097e-03 0.000000000000000000e+00 1.963495408493620871e-03
2.006037817511443393e+02 5.085508721563911583e-07 1.066906986163991891e-03 0.000000000000000000e+00 1.963495408493620871e-03
2.008655810607814090e+02 3.659381484772608317e-07 9.143587910556121717e-04 0.000000000000000000e+00 1.963495408493620871e-03
2.009964807203049304e+02 2.836937981972010567e-07 8.176579129074849125e-04 0.000000000000000000e+00 1.963495408493620871e-03
2.012582800885511745e+02 1.341163233932150760e-07 5.949535822036011463e-04 0.000000000000000000e+00 1.963495408493620871e-03
2.013891797733874682e+02 6.968153490511265167e-08 4.723996076339158140e-04 0.000000000000000000e+00 1.963495408493620871e-03
2.016509791740083983e+02 -1.243541491539339453e-08 2.186856122917959979e-04 0.000000000000000000e+00 1.963495408493620871e-03
2.017818788668128320e+02 -3.241666480842786274e-08 9.081698354894209859e-05 0.000000000000000000e+00 1.963495408493620871e-03
2.020436782633983626e+02 -2.141175090736879796e-08 -1.537783177835144862e-04 0.000000000000000000e+00 1.963495408493620871e-03
2.021745779473677374e+02 1.491285361025716094e-09 -2.678358971306172035e-04 0.000000000000000000e+00 1.963495408493620871e-03
2.024363773144189906e+02 7.741526654147591716e-08 -4.687948422183081405e-04 0.000000000000000000e+00 1.963495408493620871e-03
2.025672769820099575e+02 1.194219299678257246e-07 -5.538260336074567625e-04 0.000000000000000000e+00 1.963495408493620871e-03
2.028290763164437465e+02 2.028411848630990335e-07 -6.855113717932926351e-04 0.000000000000000000e+00 1.963495408493620871e-03
2.029599759716278413e+02 2.345130836022815201e-07 -7.315398235011316697e-04 0.000000000000000000e+00 1.963495408493620871e-03
2.032217752902133157e+02 2.747892148974210266e-07 -7.814656063849317012e-04 0.000000000000000000e+00 1.963495408493620871e-03
2.033526749441197410e+02 2.779271889968728819e-07 -7.857359757850873594e-04 0.000000000000000000e+00 1.963495408493620871e-03
2.036144742707014643e+02 2.572007277215072606e-07 -7.543838330474714627e-04 0.000000000000000000e+00 1.963495408493620871e-03
2.037453739342801384e+02 2.323769219898007689e-07 -7.200730886390350246e-04 0.000000000000000000e+00 1.963495408493620871e-03
2.040071732856666529e+02 1.688436414803543376e-07 -6.194292767087220247e-04 0.000000000000000000e+00 1.963495408493620871e-03
2.041380729637238574e+02 1.318460788950436944e-07 -5.551520691618332158e-04 0.000000000000000000e+00 1.963495408493620871e-03
2.043998723417228405e+02 6.393551931819508648e-08 -4.069104073622922466e-04 0.000000000000000000e+00 1.963495408493620871e-03
2.045307720313676327e+02 3.443695383582138838e-08 -3.251524291282767974e-04 0.000000000000000000e+00 1.963495408493620871e-03
2.047925714244633468e+02 -3.868226151779365176e-09 -1.551879853582430148e-04 0.000000000000000000e+00 1.963495408493620871e-03
2.049234711179703652e+02 -1.356990399821086384e-08 -6.924690340311622470e-05 0.000000000000000000e+00 1.963495408493620871e-03
2.051852705097569753e+02 -9.918570082683855275e-09 9.549155089763844504e-05 0.000000000000000000e+00 1.963495408493620871e-03
2.053161701994781652e+02 -1.012811921511270366e-10 1.724487807441253424e-04 0.000000000000000000e+00 1.963495408493620871e-03
2.055779695782354395e+02 3.338610647455689829e-08 3.081787664817263852e-04 0.000000000000000000e+00 1.963495408493620871e-03
2.057088692606192808e+02 5.219906236435523541e-08 3.657956395839108204e-04 0.000000000000000000e+00 1.963495408493620871e-03
2.059706686246020695e+02 8.997511671098998695e-08 4.559096759042340595e-04 0.000000000000000000e+00 1.963495408493620871e-03
2.061015683012655870e+02 1.045735368633956434e-07 4.878466844979868332e-04 0.000000000000000000e+00 1.963495408493620871e-03
2.063633676577555320e+02 1.236033194959734099e-07 5.232400962628565300e-04 0.000000000000000000e+00 1.963495408493620871e-03
2.064942673336373389e+02 1.255351952299963763e-07 5.270098572613060453e-04 0.000000000000000000e+00 1.963495408493620871e-03
2.067560666933395339e+02 1.171831450105459782e-07 5.079489227966953223e-04 0.000000000000000000e+00 1.963495408493620871e-03
2.068869663733799484e+02 1.065026106787328597e-07 4.859967746648031573e-04 0.000000000000000000e+00 1.963495408493620871e-03
2.071487657439723478e+02 7.859466149785315493e-08 4.207632925595011981e-04 0.000000000000000000e+00 1.963495408493620871e-03
2.072796654304611366e+02 6.210969405556530181e-08 3.787456717891257317e-04 0.000000000000000000e+00 1.963495408493620871e-03
2.075414648130776527e+02 3.141381107209466194e-08 2.809635018491044955e-04 0.000000000000000000e+00 1.963495408493620871e-03
2.076723645048730589e+02 1.790032837741260611e-08 2.267987959504393536e-04 0.000000000000000000e+00 1.963495408493620871e-03
2.079341638946142439e+02 -1.878225366428217456e-10 1.143214868220850095e-04 0.000000000000000000e+00 1.963495408493620871e-03
2.080650635883547181e+02 -5.083667814678874392e-09 5.742354826255580689e-05 0.000000000000000000e+00 1.963495408493620871e-03
2.083268629780084495e+02 -4.721333665641251877e-09 -5.203226634647659110e-05 0.000000000000000000e+00 1.963495408493620871e-03
2.084577626702946986e+02 -9.389469890835674070e-10 -1.033620835579924656e-04 0.000000000000000000e+00 1.963495408493620871e-03
2.087195620545475947e+02 1.295881789519447467e-08 -1.943133279925096115e-04 0.000000000000000000e+00 1.963495408493620871e-03
2.088504617437170623e+02 2.095704694300792953e-08 -2.330654570982339030e-04 0.000000000000000000e+00 1.963495408493620871e-03
2.091122611216028417e+02 3.725009454115193575e-08 -2.936455550527785176e-04 0.000000000000000000e+00 1.963495408493620871e-03
2.092431608082663104e+02 4.365302860751422090e-08 -3.152293535935913509e-04 0.000000000000000000e+00 1.963495408493620871e-03
2.095049601827915637e+02 5.220823472246566336e-08 -3.400077761142972048e-04 0.000000000000000000e+00 1.963495408493620871e-03
2.096358598690297299e+02 5.327360629954844179e-08 -3.433026180032663194e-04 0.000000000000000000e+00 1.963495408493620871e-03
2.098976592447679934e+02 5.012284048687942855e-08 -3.321044362431630707e-04 0.000000000000000000e+00 1.963495408493620871e-03
2.100285589327343700e+02 4.568816734740388187e-08 -3.181845597662676822e-04 0.000000000000000000e+00 1.963495408493620871e-03
2.102903583130811285e+02 3.388795754128882959e-08 -2.759958206346056417e-04 0.000000000000000000e+00 1.963495408493620871e-03
2.104212580037933833e+02 2.687259538658170628e-08 -2.486541497317384095e-04 0.000000000000000000e+00 1.963495408493620871e-03
2.106830573892893312e+02 1.373326394409871009e-08 -1.851849655975692089e-04 0.000000000000000000e+00 1.963495408493620871e-03
2.108139570822869757e+02 7.915854774494643093e-09 -1.499718356949923648e-04 0.000000000000000000e+00 1.963495408493620871e-03
2.110757564708780762e+02 5.879833798597391529e-11 -7.624602628358121575e-05 0.000000000000000000e+00 1.963495408493620871e-03
2.112066561647317826e+02 -2.095961650428215663e-09 -3.875444566238567289e-05 0.000000000000000000e+00 1.963495408493620871e-03
2.114684555533108039e+02 -2.006331366397789878e-09 3.340168018166249993e-05 0.000000000000000000e+00 1.963495408493620871e-03
2.115993552465416769e+02 -3.881128137149650384e-10 6.723981250085741797e-05 0.000000000000000000e+00 1.963495408493620871e-03
2.118611546327934434e+02 5.596496930791630078e-09 1.271305715621465541e-04 0.000000000000000000e+00 1.963495408493620871e-03
2.119920543246672935e+02 9.076411221796923887e-09 1.527196393812962525e-04 0.000000000000000000e+00 1.963495408493620871e-03
2.122538537081207437e+02 1.623048521758565425e-08 1.933309204868459191e-04 0.000000000000000000e+00 1.963495408493620871e-03
2.123847533988734142e+02 1.909040298261568468e-08 2.080537819698021244e-04 0.000000000000000000e+00 1.963495408493620871e-03
2.126465527807910405e+02 2.299282759643289027e-08 2.251365424347898960e-04 0.000000000000000000e+00 1.963495408493620871e-03
2.127774524713214532e+02 2.354721066131406806e-08 2.276201701757729341e-04 0.000000000000000000e+00 1.963495408493620871e-03
2.130392518536997386e+02 2.233913258218975086e-08 2.209668359827873471e-04 0.000000000000000000e+00 1.963495408493620871e-03
2.131701515449430246e+02 2.050620263539951544e-08 2.122486326665907249e-04 0.000000000000000000e+00 1.963495408493620871e-03
2.134319509292676003e+02 1.551528485960534297e-08 1.857041869823909382e-04 0.000000000000000000e+00 1.963495408493620871e-03
2.135628506216911262e+02 1.249551013057283618e-08 1.683520206396285461e-04 0.000000000000000000e+00 1.963495408493620871e-03
2.138246500082728687e+02 6.728726380233957480e-09 1.273841036661266257e-04 0.000000000000000000e+00 1.963495408493620871e-03
2.139555497017179277e+02 4.125298269137784317e-09 1.044761524693246487e-04 0.000000000000000000e+00 1.963495408493620871e-03
2.142173490897344834e+02 4.784779467874824332e-10 5.664346030375809487e-05 0.000000000000000000e+00 1.963495408493620871e-03
2.143482487836050154e+02 -5.957178761149797343e-10 3.236694998274470576e-05 0.000000000000000000e+00 1.963495408493620871e-03
2.146100481717499520e+02 -8.991193087853404025e-10 -1.431347865649338475e-05 0.000000000000000000e+00 1.963495408493620871e-03
2.147409478654195425e+02 -3.736387893423923964e-10 -3.626961620887831760e-05 0.000000000000000000e+00 1.963495408493620871e-03
2.150027472526869019e+02 1.889150016173939689e-09 -7.562261639968491747e-05 0.000000000000000000e+00 1.963495408493620871e-03
2.151336469458223348e+02 3.261812226135645998e-09 -9.258758415814355566e-05 0.000000000000000000e+00 1.963495408493620871e-03
2.153954463319610397e+02 6.151885181206593031e-09 -1.193668769591384540e-04 0.000000000000000000e+00 1.963495408493620871e-03
2.155263460246397358e+02 7.320508951921859504e-09 -1.290475800321626266e-04 0.000000000000000000e+00 1.963495408493620871e-03
2.157881454101440397e+02 8.939396440156262511e-09 -1.404566122610224920e-04 0.000000000000000000e+00 1.963495408493620871e-03
2.159190451027194513e+02 9.201412263924421631e-09 -1.423096934690025678e-04 0.000000000000000000e+00 1.963495408493620871e-03
2.161808444883785683e+02 8.801143578501334320e-09 -1.388119942571512428e-04 0.000000000000000000e+00 1.963495408493620871e-03
2.163117441812292157e+02 8.096122696541679857e-09 -1.336101829784107603e-04 0.000000000000000000e+00 1.963495408493620871e-03
2.165735435676581915e+02 6.126505480189028036e-09 -1.168965135084558637e-04 0.000000000000000000e+00 1.963495408493620871e-03
2.167044432609832540e+02 4.915572277699826235e-09 -1.057762405615159774e-04 0.000000000000000000e+00 1.963495408493620871e-03
2.169662426483193656e+02 2.603304758957826878e-09 -7.957515876680109387e-05 0.000000000000000000e+00 1.963495408493620871e-03
2.170971423420514270e+02 1.568677506739888966e-09 -6.496498328704507208e-05 0.000000000000000000e+00 1.963495408493620871e-03
2.173589417299535853e+02 1.328683362195660445e-10 -3.460789606564632076e-05 0.000000000000000000e+00 1.963495408493620871e-03
2.174898414238504358e+02 -2.821673918156176288e-10 -1.917825916043318357e-05 0.000000000000000000e+00 1.963495408493620871e-03
2.177516408117857623e+02 -3.565618494695987916e-10 1.091410236757493128e-05 0.000000000000000000e+00 1.963495408493620871e-03
2.178825405055891054e+02 -1.128167856710321546e-10 2.519620531576138877e-05 0.000000000000000000e+00 1.963495408493620871e-03
2.181443398931378113e+02 8.816235319441568285e-10 5.070976941185865289e-05 0.000000000000000000e+00 1.963495408493620871e-03
2.182752395867089490e+02 1.476319352120682150e-09 6.166276955950552327e-05 0.000000000000000000e+00 1.963495408493620871e-03
2.185370389737734342e+02 2.713339718963899676e-09 7.884736244716150275e-05 0.000000000000000000e+00 1.963495408493620871e-03
2.186679386671459611e+02 3.219018905153120952e-09 8.507426668767769794e-05 0.000000000000000000e+00 1.963495408493620871e-03
2.189297380539282472e+02 3.934973808696387264e-09 9.277853685805281672e-05 0.000000000000000000e+00 1.963495408493620871e-03
2.190606377472475685e+02 4.068204922929767923e-09 9.425214451931629173e-05 0.000000000000000000e+00 1.963495408493620871e-03
2.193224371340772905e+02 3.939321705711389022e-09 9.242727197605433650e-05 0.000000000000000000e+00 1.963495408493620871e-03
2.194533368275076270e+02 3.652120229912897457e-09 8.922200915299884148e-05 0.000000000000000000e+00 1.963495408493620871e-03
2.197151362146600206e+02 2.822288450757336484e-09 7.859869990687001848e-05 0.000000000000000000e+00 1.963495408493620871e-03
2.198460359082906166e+02 2.308698281581488980e-09 7.150051584155339484e-05 0.000000000000000000e+00 1.963495408493620871e-03
2.201078352958321886e+02 1.312471975971031381e-09 5.501053812191299998e-05 0.000000000000000000e+00 1.963495408493620871e-03
2.202387349896404203e+02 8.596270526603048206e-10 4.585835942600604144e-05 0.000000000000000000e+00 1.963495408493620871e-03
2.205005343774421362e+02 1.967498162533491522e-10 2.669808208073274833e-05 0.000000000000000000e+00 1.963495408493620871e-03
2.206314340713343256e+02 -1.628826157941681975e-11 1.687803553077318856e-05 0.000000000000000000e+00 1.963495408493620871e-03
2.208932334591833637e+02 -1.336618365011875768e-10 -2.489665033613521806e-06 0.000000000000000000e+00 1.963495408493620871e-03
2.210241331530528157e+02 -7.358011581079236934e-11 -1.173533315408080852e-05 0.000000000000000000e+00 1.963495408493620871e-03
2.212859325407714834e+02 2.630412401994581602e-10 -2.814236164137147412e-05 0.000000000000000000e+00 1.963495408493620871e-03
2.214168322345577735e+02 4.771825815096010153e-10 -3.515217917720377290e-05 0.000000000000000000e+00 1.963495408493620871e-03
2.216786316220980098e+02 9.355457431387374414e-10 -4.617824959435778628e-05 0.000000000000000000e+00 1.963495408493620871e-03
2.218095313158089823e+02 1.128680891669708640e-09 -5.022257932484668823e-05 0.000000000000000000e+00 1.963495408493620871e-03
2.220713307032383454e+02 1.413501272038741096e-09 -5.548613523866020614e-05 0.000000000000000000e+00 1.963495408493620871e-03
2.222022303969259553e+02 1.474174669481742403e-09 -5.666648752953595700e-05 0.000000000000000000e+00 1.963495408493620871e-03
2.224640297843665451e+02 1.445986725994441576e-09 -5.596884523293627799e-05 0.000000000000000000e+00 1.963495408493620871e-03
2.225949294780941159e+02 1.343661568691124876e-09 -5.413189518679501936e-05 0.000000000000000000e+00 1.963495408493620871e-03
2.228567288656555831e+02 1.035976880189365767e-09 -4.764591546381388145e-05 0.000000000000000000e+00 1.963495408493620871e-03
2.229876285594593242e+02 8.428801641737554456e-10 -4.323383113176526940e-05 0.000000000000000000e+00 1.963495408493620871e-03
2.232494279471677032e+02 4.696356250281319936e-10 -3.301925486939532683e-05 0.000000000000000000e+00 1.963495408493620871e-03
2.233803276410374394e+02 3.022654577216308556e-10 -2.738132965921345486e-05 0.000000000000000000e+00 1.963495408493620871e-03
2.236421270288414576e+02 6.028795543393729000e-11 -1.570247193352987305e-05 0.000000000000000000e+00 1.963495408493620871e-03
2.237730267227413208e+02 -1.610511147577435684e-11 -9.730707222792798282e-06 0.000000000000000000e+00 1.963495408493620871e-03
2.240348261105606014e+02 -5.285315465904076812e-11 2.200822693398912084e-06 0.000000000000000000e+00 1.963495408493620871e-03
2.241657258044502328e+02 -2.561663375206498674e-11 7.976149894959244169e-06 0.000000000000000000e+00 1.963495408493620871e-03
2.244275251922144605e+02 1.156749062122192361e-10 1.840817680247658025e-05 0.000000000000000000e+00 1.963495408493620871e-03
2.245584248860695880e+02 2.043886140912948314e-10 2.289635652294260993e-05 0.000000000000000000e+00 1.963495408493620871e-03
2.248202242737607435e+02 3.902774084908981653e-10 2.974296858427408636e-05 0.000000000000000000e+00 1.963495408493620871e-03
2.249511239675864829e+02 4.653170996609010383e-10 3.213704735111474277e-05 0.000000000000000000e+00 1.963495408493620871e-03
2.252129233552362848e+02 5.694087371818766887e-10 3.500933606015847765e-05 0.000000000000000000e+00 1.963495408493620871e-03
2.253438230490530998e+02 5.908437609440943182e-10 3.555384253230065743e-05 0.000000000000000000e+00 1.963495408493620871e-03
2.256056224367065681e+02 5.800657227247172257e-10 3.512476582604534493e-05 0.000000000000000000e+00 1.963495408493620871e-03
2.257365221305370255e+02 5.441241574418936024e-10 3.411899203897166189e-05 0.000000000000000000e+00 1.963495408493620871e-03
2.259983215182340928e+02 4.309991033249706898e-10 3.039621116531393856e-05 0.000000000000000000e+00 1.963495408493620871e-03
2.261292212120942224e+02 3.544994773371106270e-10 2.772677723779065330e-05 0.000000000000000000e+00 1.963495408493620871e-03
2.263910205998512311e+02 2.001625654743647241e-10 2.096211503479774126e-05 0.000000000000000000e+00 1.963495408493620871e-03
2.265219202937391572e+02 1.292321885377804106e-10 1.706358516176162518e-05 0.000000000000000000e+00 1.963495408493620871e-03
2.267837196815348477e+02 3.032027953179606811e-11 9.020921471616108006e-06 0.000000000000000000e+00 1.963495408493620871e-03
2.269146193754333467e+02 3.048245919483944199e-12 5.021552559074852177e-06 0.000000000000000000e+00 1.963495408493620871e-03
2.271764187632323058e+02 -4.647098945979048041e-12 -2.354199791633518845e-06 0.000000000000000000e+00 1.963495408493620871e-03
2.273073184571258025e+02 8.898337135562629704e-12 -5.733815539848988527e-06 0.000000000000000000e+00 1.963495408493620871e-03
2.275691178449031327e+02 6.455819207572763336e-11 -1.188945542418820344e-05 0.000000000000000000e+00 1.963495408493620871e-03
2.277000175387824754e+02 1.010478510530319025e-10 -1.466963152622754389e-05 0.000000000000000000e+00 1.963495408493620871e-03
2.279618169265269785e+02 1.858043053194221180e-10 -1.965130391525505530e-05 0.000000000000000000e+00 1.963495408493620871e-03
2.280927166203904051e+02 2.268635205340721564e-10 -2.176020456661095331e-05 0.000000000000000000e+00 1.963495408493620871e-03
2.283545160081077654e+02 2.968807756998329017e-10 -2.484375224611167350e-05 0.000000000000000000e+00 1.963495408493620871e-03
2.284854157019633476e+02 3.165559432357434057e-10 -2.573377170632457420e-05 0.000000000000000000e+00 1.963495408493620871e-03
2.287472150896790311e+02 3.214840034640281368e-10 -2.587179160069848053e-05 0.000000000000000000e+00 1.963495408493620871e-03
2.288781147835417187e+02 3.038613315389780116e-10 -2.516581852415665066e-05 0.000000000000000000e+00 1.963495408493620871e-03
2.291399141712817027e+02 2.421651626645439677e-10 -2.238801228193157845e-05 0.000000000000000000e+00 1.963495408493620871e-03
2.292708138651596244e+02 2.034778128714071763e-10 -2.046618873122341565e-05 0.000000000000000000e+00 1.963495408493620871e-03
2.295326132529295364e+02 1.278841791454991737e-10 -1.615673923063905252e-05 0.000000000000000000e+00 1.963495408493620871e-03
2.296635129468202479e+02 9.577511286661908506e-11 -1.390721546457250004e-05 0.000000000000000000e+00 1.963495408493620871e-03
2.299253123346092309e+02 4.776341415173815841e-11 -9.770978636262325393e-06 0.000000000000000000e+00 1.963495408493620871e-03
2.300562120285061951e+02 3.197638148687866413e-11 -7.940012521869385510e-06 0.000000000000000000e+00 1.963495408493620871e-03
2.303180114163027952e+02 1.272886915513018787e-11 -4.975372683966733897e-06 0.000000000000000000e+00 1.963495408493620871e-03
2.304489111102018626e+02 7.636150784723345708e-12 -3.827100965276221856e-06 0.000000000000000000e+00 1.963495408493620871e-03
2.307107104980005374e+02 2.436390086076229842e-12 -2.140261947634072980e-06 0.000000000000000000e+00 1.963495408493620871e-03
2.308416101919000596e+02 1.311560439505308521e-12 -1.562196169085506943e-06 0.000000000000000000e+00 1.963495408493620871e-03
2.311034095796991608e+02 3.359120210654315949e-13 -7.787781541291482946e-07 0.000000000000000000e+00 1.963495408493620871e-03
2.312343092735987398e+02 1.622791719896097187e-13 -5.405353992923601259e-07 0.000000000000000000e+00 1.963495408493620871e-03
2.314961086613978694e+02 3.331009925374892418e-14 -2.394203211837886883e-07 0.000000000000000000e+00 1.963495408493620871e-03
2.316270083552974484e+02 1.442123569728165001e-14 -1.583003008766453095e-07 0.000000000000000000e+00 1.963495408493620871e-03
2.318888077430966064e+02 2.360340855668280612e-15 -6.194450961534245897e-08 0.000000000000000000e+00 1.963495408493620871e-03
2.320197074369961854e+02 9.129634019546978554e-16 -3.907204946013061078e-08 0.000000000000000000e+00 1.963495408493620871e-03
2.322815068247953150e+02 1.180506557802988266e-16 -1.339124329646217704e-08 0.000000000000000000e+00 1.963495408493620871e-03
2.324124065186948940e+02 4.058851558836551492e-17 -8.067506777411004213e-09 0.000000000000000000e+00 1.963495408493620871e-03
2.326742059064940520e+02 4.086831390714639617e-18 -2.391804822520844826e-09 0.000000000000000000e+00 1.963495408493620871e-03
2.328051056003936310e+02 1.239698123666055072e-18 -1.377550489431685535e-09 0.000000000000000000e+00 1.963495408493620871e-03
2.330669049881927606e+02 9.513385810046426891e-20 -3.470795229699787926e-10 0.000000000000000000e+00 1.963495408493620871e-03
2.331978046820923396e+02 2.518785490825605195e-20 -1.912456234793410825e-10 0.000000000000000000e+00 1.963495408493620871e-03
2.334596040698914976e+02 1.426920360618663512e-21 -3.991192750713638333e-11 0.000000000000000000e+00 1.963495408493620871e-03
2.335905037637910766e+02 3.247392703875646477e-22 -2.105146513990468572e-11 0.000000000000000000e+00 1.963495408493620871e-03
2.338523031515902062e+02 1.293400082064327176e-23 -3.500648100672414379e-12 0.000000000000000000e+00 1.963495408493620871e-03
2.339832028454897852e+02 2.474563183680981088e-24 -1.768096480260528911e-12 0.000000000000000000e+00 1.963495408493620871e-03
2.342450022332889432e+02 6.395598398349686946e-26 -2.199192442173313266e-13 0.000000000000000000e+00 1.963495408493620871e-03
2.343759019271885222e+02 9.946040313345814537e-27 -1.063849465223331944e-13 0.000000000000000000e+00 1.963495408493620871e-03
2.346377013149876802e+02 1.435433212445254625e-28 -8.790263532332091678e-15 0.000000000000000000e+00 1.963495408493620871e-03
2.347686010088872592e+02 1.716648944774625647e-29 -4.072366233430729486e-15 0.000000000000000000e+00 1.963495408493620871e-03
2.350304003966863888e+02 9.498809491933797006e-32 -1.654120123307035396e-16 0.000000000000000000e+00 1.963495408493620871e-03
2.351613000905859678e+02 7.822052245598866945e-33 -7.332472934192292688e-17 0.000000000000000000e+00 1.963495408493620871e-03
2.354230994783851258e+02 -3.393031624269888206e-36 1.916246696736006340e-19 0.000000000000000000e+00 1.963495408493620871e-03
2.355539991722847049e+02 -2.531453639963531442e-37 8.505862199677055212e-20 0.000000000000000000e+00 1.963495408493620871e-03
2.358157985600838344e+02 4.994943692024622978e-41 -1.078623530919954938e-22 0.000000000000000000e+00 1.963495408493620871e-03
2.359466982539834135e+02 5.625645442395985497e-42 -4.789888162159034582e-23 0.000000000000000000e+00 1.963495408493620871e-03
2.362084976417825715e+02 -8.206948294816694999e-46 3.993222120038335839e-26 0.000000000000000000e+00 1.963495408493620871e-03
2.363393973356821505e+02 -9.111215389131593250e-47 1.773668128013704928e-26 0.000000000000000000e+00 1.963495408493620871e-03
2.366011967234812801e+02 1.343343368476261112e-50 -1.097046382668317299e-29 0.000000000000000000e+00 1.963495408493620871e-03
2.367320964173808591e+02 1.491628055990985594e-51 -4.873373518216398567e-30 0.000000000000000000e+00 1.963495408493620871e-03
2.369938958051800171e+02 -2.198855801782282601e-55 2.387801083661866711e-33 0.000000000000000000e+00 1.963495408493620871e-03
2.371247954990795961e+02 -2.441573372346228574e-56 1.060815804952168832e-33 0.000000000000000000e+00 1.963495408493620871e-03
2.373865948868787257e+02 3.599076125550534587e-60 -4.290629106673178195e-37 0.000000000000000000e+00 1.963495408493620871e-03
2.375174945807783047e+02 3.996355134607435607e-61 -1.906291428190988805e-37 0.000000000000000000e+00 1.963495408493620871e-03
2.377792939685774627e+02 -5.890740416238208816e-65 6.547644291526467271e-41 0.000000000000000000e+00 1.963495408493620871e-03
2.379101936624770417e+02 -6.540981751968081500e-66 2.909197753923758126e-41 0.000000000000000000e+00 1.963495408493620871e-03
2.381719930502761713e+02 9.641246510672993462e-70 -8.662859051890951278e-45 0.000000000000000000e+00 1.963495408493620871e-03
2.383028927441757503e+02 1.070548259262194344e-70 -3.849150037314797416e-45 0.000000000000000000e+00 1.963495408493620871e-03
2.385646921319749083e+02 -1.577904867831650498e-74 1.009448059199504656e-48 0.000000000000000000e+00 1.963495408493620871e-03
2.386955918258744873e+02 -1.752079824871343203e-75 4.485386837203478888e-49 0.000000000000000000e+00 1.963495408493620871e-03
2.389573912136736453e+02 2.582335391583360478e-79 -1.048894197532595579e-52 0.000000000000000000e+00 1.963495408493620871e-03
2.390882909075732243e+02 2.867383162045640570e-80 -4.660770290207110168e-53 0.000000000000000000e+00 1.963495408493620871e-03
2.393500902953723539e+02 -4.225990876087041932e-84 9.816246639657495246e-57 0.000000000000000000e+00 1.963495408493620871e-03
2.394809899892719329e+02 -4.692471556549363070e-85 4.361941967287948996e-57 0.000000000000000000e+00 1.963495408493620871e-03
2.397427893770710909e+02 6.915576827642375183e-89 -8.342593706764867862e-61 0.000000000000000000e+00 1.963495408493620871e-03
2.398736890709706699e+02 7.678944253439989130e-90 -3.707171058021768903e-61 0.000000000000000000e+00 1.963495408493620871e-03
2.401354884587697995e+02 -1.131649882465162907e-93 6.483260118655827046e-65 0.000000000000000000e+00 1.963495408493620871e-03
2.402663881526693785e+02 -1.256565691092385669e-94 2.880985503825449861e-65 0.000000000000000000e+00 1.963495408493620871e-03
2.405281875404685366e+02 1.851737572812170765e-98 -4.634105796521424714e-69 0.000000000000000000e+00 1.963495408493620871e-03
2.406590872343681156e+02 2.056139444447525352e-99 -2.059296360267940063e-69 0.000000000000000000e+00 1.963495408493620871e-03
2.409208866221672452e+02 -3.029914289723127911e-103 3.061992650735675913e-73 0.000000000000000000e+00 1.963495408493620871e-03
2.410517863160668242e+02 -3.364367895183277662e-104 1.360697765657472085e-73 0.000000000000000000e+00 1.963495408493620871e-03
2.413135857038659822e+02 4.957522098414953887e-108 -1.878473438282705198e-77 0.000000000000000000e+00 1.963495408493620871e-03
2.414444853977655612e+02 5.504752614610923660e-109 -8.347696723120670246e-78 0.000000000000000000e+00 1.963495408493620871e-03
2.417062847855646908e+02 -8.111146489127209891e-113 1.074062638459594343e-81 0.000000000000000000e+00 1.963495408493620871e-03
2.418371844794642698e+02 -9.006486525581334751e-114 4.773037395288780622e-82 0.000000000000000000e+00 1.963495408493620871e-03
2.420989838672634278e+02 1.327036778081352045e-117 -5.743055933658851413e-86 0.000000000000000000e+00 1.963495408493620871e-03
2.422298835611630068e+02 1.473520319659596728e-118 -2.552181255891147718e-86 0.000000000000000000e+00 1.963495408493620871e-03
2.424916829489621648e+02 -2.171034159094150937e-122 2.880358796547253556e-90 0.000000000000000000e+00 1.963495408493620871e-03
2.426225826428617438e+02 -2.410681515196931046e-123 1.280023596332492271e-90 0.000000000000000000e+00 1.963495408493620871e-03
2.428843820306608734e+02 3.551674765433538421e-127 -1.358634289052436007e-94 0.000000000000000000e+00 1.963495408493620871e-03
2.430152817245604524e+02 3.943722807267815286e-128 -6.037770431729763126e-95 0.000000000000000000e+00 1.963495408493620871e-03
2.432770811123596104e+02 -5.810083953264813475e-132 6.041637167496867213e-99 0.000000000000000000e+00 1.963495408493620871e-03
2.434079808062591894e+02 -6.451424388620381082e-133 2.684918234735719840e-99 0.000000000000000000e+00 1.963495408493620871e-03
2.436697801940583190e+02 9.504169177117980305e-137 -2.538307329907549749e-103 0.000000000000000000e+00 1.963495408493620871e-03
2.438006798879578980e+02 1.055327787780841553e-137 -1.128035633592153801e-103 0.000000000000000000e+00 1.963495408493620871e-03
2.440624792757570560e+02 -1.554634443329193134e-141 1.009540929482570975e-107 0.000000000000000000e+00 1.963495408493620871e-03
2.441933789696566350e+02 -1.726241338195607299e-142 4.486467787895197728e-108 0.000000000000000000e+00 1.963495408493620871e-03
2.444551783574557646e+02 2.542872766437910260e-146 -3.807754555221163285e-112 0.000000000000000000e+00 1.963495408493620871e-03
2.445860780513553436e+02 2.823565517145821404e-147 -1.692198931184571264e-112 0.000000000000000000e+00 1.963495408493620871e-03
2.448478774391545016e+02 -4.159135148266020215e-151 1.364225581331612932e-116 0.000000000000000000e+00 1.963495408493620871e-03
2.449787771330540807e+02 -4.618237711847790975e-152 6.062759825322692790e-117 0.000000000000000000e+00 1.963495408493620871e-03
2.452405765208532102e+02 6.802418188286234819e-156 -4.649671755573665769e-121 0.000000000000000000e+00 1.963495408493620871e-03
2.453714762147527892e+02 7.553297489629405932e-157 -2.066369813181405160e-121 0.000000000000000000e+00 1.963495408493620871e-03
2.456332756025519473e+02 -1.112513647059472246e-160 1.509629177048988735e-125 0.000000000000000000e+00 1.963495408493620871e-03
2.457641752964515263e+02 -1.235317579511290380e-161 6.708995503669563579e-126 0.000000000000000000e+00 1.963495408493620871e-03
2.460259746842506559e+02 1.819403064379991672e-165 -4.674931477858063062e-130 0.000000000000000000e+00 1.963495408493620871e-03
2.461568743781502349e+02 2.020236478597746615e-166 -2.077609078248759552e-130 0.000000000000000000e+00 1.963495408493620871e-03
2.464186737659493929e+02 -2.975321345495048429e-170 1.382417698354711512e-134 0.000000000000000000e+00 1.963495408493620871e-03
2.465495734598489719e+02 -3.303750007736376950e-171 6.143687875941144612e-135 0.000000000000000000e+00 1.963495408493620871e-03
2.468113728476481299e+02 4.865416670004739871e-175 -3.907740168963822979e-139 0.000000000000000000e+00 1.963495408493620871e-03
2.469422725415477089e+02 5.402482271457952471e-176 -1.736667709010542543e-139 0.000000000000000000e+00 1.963495408493620871e-03
2.472040719293468385e+02 -7.955861687137936526e-180 1.056969837154453194e-143 0.000000000000000000e+00 1.963495408493620871e-03
2.473349716232464175e+02 -8.834064146060076020e-181 4.697369906565760610e-144 0.000000000000000000e+00 1.963495408493620871e-03
2.475967710110455755e+02 1.300874052081851633e-184 -2.738080764824804828e-148 0.000000000000000000e+00 1.963495408493620871e-03
2.477276707049451545e+02 1.444470204364828530e-185 -1.216856793130807892e-148 0.000000000000000000e+00 1.963495408493620871e-03
2.479894700927442841e+02 -2.126982576863595014e-189 6.798979599669856465e-153 0.000000000000000000e+00 1.963495408493620871e-03
2.481203697866438631e+02 -2.361768261136986305e-190 3.021606752274305395e-153 0.000000000000000000e+00 1.963495408493620871e-03
2.483821691744430211e+02 3.477547556521318602e-194 -1.619553976230457131e-157 0.000000000000000000e+00 1.963495408493620871e-03
2.485130688683426001e+02 3.861414653387318729e-195 -7.197647310796806668e-158 0.000000000000000000e+00 1.963495408493620871e-03
2.487748682561417297e+02 -5.685419220282425511e-199 3.703541057325006148e-162 0.000000000000000000e+00 1.963495408493620871e-03
2.489057679500413087e+02 -6.313001156799086568e-200 1.645936887817151061e-162 0.000000000000000000e+00 1.963495408493620871e-03
2.491675673378404667e+02 9.294627330234289974e-204 -8.135835552387444355e-167 0.000000000000000000e+00 1.963495408493620871e-03
2.492984670317400457e+02 1.032061007187045510e-204 -3.615755109254378832e-167 0.000000000000000000e+00 1.963495408493620871e-03
2.495602664195391753e+02 -1.519432250645706730e-208 1.717998157942186043e-171 0.000000000000000000e+00 1.963495408493620871e-03
2.496911661134387543e+02 -1.687154063620276815e-209 7.635198437964984858e-172 0.000000000000000000e+00 1.963495408493620871e-03
2.499529655012379123e+02 2.483764209705238479e-213 -3.489246040390534731e-176 0.000000000000000000e+00 1.963495408493620871e-03
2.500838651951374914e+02 2.757933436924595590e-214 -1.550707820073285352e-176 0.000000000000000000e+00 1.963495408493620871e-03
2.503456645829366209e+02 -4.059932801711630689e-218 6.819673713339602673e-181 0.000000000000000000e+00 1.963495408493620871e-03
2.504765642768362000e+02 -4.508086851380413608e-219 3.030837760287809208e-181 0.000000000000000000e+00 1.963495408493620871e-03
2.507383636646353580e+02 6.636002923847832245e-223 -1.283324616526636857e-185 0.000000000000000000e+00 1.963495408493620871e-03
2.508692633585349370e+02 7.368515670876630159e-224 -5.703432335883046761e-186 0.000000000000000000e+00 1.963495408493620871e-03
2.511310627463340950e+02 -1.084609282673030468e-227 2.326228448690560394e-190 0.000000000000000000e+00 1.963495408493620871e-03
2.512619624402336740e+02 -1.204333518699461810e-228 1.033838675113517616e-190 0.000000000000000000e+00 1.963495408493620871e-03
2.515237618280328036e+02 1.772633156666437894e-232 -4.063480722542956752e-195 0.000000000000000000e+00 1.963495408493620871e-03
2.516546615219323826e+02 1.968304743410428240e-233 -1.805923001163686792e-195 0.000000000000000000e+00 1.963495408493620871e-03
2.519164609097315406e+02 -2.896963320185724795e-237 6.843008952147165192e-200 0.000000000000000000e+00 1.963495408493620871e-03
2.520473606036311196e+02 -3.216743864442716695e-238 3.041226173466712319e-200 0.000000000000000000e+00 1.963495408493620871e-03
2.523091599914302492e+02 4.734187671978765106e-242 -1.111370504779052676e-204 0.000000000000000000e+00 1.963495408493620871e-03
2.524400596853298282e+02 5.256769922834567168e-243 -4.939250330502123175e-205 0.000000000000000000e+00 1.963495408493620871e-03
2.527018590731289862e+02 -7.736170880053781972e-247 1.741328415312020456e-209 0.000000000000000000e+00 1.963495408493620871e-03
2.528327587670285652e+02 -8.590126664495208458e-248 7.738974099819420285e-210 0.000000000000000000e+00 1.963495408493620871e-03
2.530945581548276948e+02 1.264108954730289210e-251 -2.632981502989673821e-214 0.000000000000000000e+00 1.963495408493620871e-03
2.532254578487272738e+02 1.403647434006089881e-252 -1.170175569637866063e-214 0.000000000000000000e+00 1.963495408493620871e-03
2.534872572365264318e+02 -2.065478059942398053e-256 3.843120928939556066e-219 0.000000000000000000e+00 1.963495408493620871e-03
2.536181569304260108e+02 -2.293475627066459336e-257 1.707999582590337299e-219 0.000000000000000000e+00 1.963495408493620871e-03
2.538799563182251404e+02 3.374691198723236272e-261 -5.416294949971730376e-224 0.000000000000000000e+00 1.963495408493620871e-03
2.540108560121247194e+02 3.747206242449892616e-262 -2.407168475789433704e-224 0.000000000000000000e+00 1.963495408493620871e-03
2.542726553999238774e+02 -5.513464854480755988e-266 7.372333606553085348e-229 0.000000000000000000e+00 1.963495408493620871e-03
2.544035550938234564e+02 -6.122068486762124058e-267 3.276495777089784623e-229 0.000000000000000000e+00 1.963495408493620871e-03
2.546653544816225860e+02 9.007246339639220082e-271 -9.693583878577902345e-234 0.000000000000000000e+00 1.963495408493620871e-03
2.547962541755221650e+02 1.000151127604673638e-271 -4.308136353473554971e-234 0.000000000000000000e+00 1.963495408493620871e-03
2.550580535633213231e+02 -1.471417993265966915e-275 1.231467722976592244e-238 0.000000000000000000e+00 1.963495408493620871e-03
2.551889532572209021e+02 -1.633840534748555926e-276 5.473038698400254548e-239 0.000000000000000000e+00 1.963495408493620871e-03
2.554507526450200317e+02 2.403567953637852538e-280 -1.511799006286369341e-243 0.000000000000000000e+00 1.963495408493620871e-03
2.555816523389196107e+02 2.668886006768676814e-281 -6.718927318012296950e-244 0.000000000000000000e+00 1.963495408493620871e-03
2.558434517267188255e+02 -3.926022556431699010e-285 1.793747643691041678e-248 0.000000000000000000e+00 1.963495408493620871e-03
2.559743514206184045e+02 -4.359397049570778474e-286 7.972006026133957595e-249 0.000000000000000000e+00 1.963495408493620871e-03
2.562361508084175057e+02 6.412463934018805204e-290 -2.057215747551066507e-253 0.000000000000000000e+00 1.963495408493620871e-03
2.563670505023170563e+02 7.120304833983867524e-291 -9.142953013584028616e-254 0.000000000000000000e+00 1.963495408493620871e-03
2.566288498901162143e+02 -1.047303489918162621e-294 2.280844718175075521e-258 0.000000000000000000e+00 1.963495408493620871e-03
2.567597495840157649e+02 -1.162910303643261361e-295 1.013684315227429524e-258 0.000000000000000000e+00 1.963495408493620871e-03
2.570215489718149229e+02 1.710390755273410331e-299 -2.444818071429625864e-263 0.000000000000000000e+00 1.963495408493620871e-03
2.571524486657144735e+02 1.899192666645207517e-300 -1.086560471936026517e-263 0.000000000000000000e+00 1.963495408493620871e-03
2.574142480535136883e+02 -2.793141919279339496e-304 2.533736293221049315e-268 0.000000000000000000e+00 1.963495408493620871e-03
2.575451477474132389e+02 -3.101463707486996986e-305 1.126079629088910283e-268 0.000000000000000000e+00 1.963495408493620871e-03
2.578069471352123969e+02 4.561054154669027461e-309 -2.538990202130565114e-273 0.000000000000000000e+00 1.963495408493620871e-03
2.579378468291119475e+02 5.064527648690535459e-310 -1.128415488346433832e-273 0.000000000000000000e+00 1.963495408493620871e-03
2.581996462169111055e+02 -7.447520429089778421e-314 2.460128474554582308e-278 0.000000000000000000e+00 1.963495408493620871e-03
2.583305459108106561e+02 -8.269617796490924641e-315 1.093367383751105315e-278 0.000000000000000000e+00 1.963495408493620871e-03
2.585923452986098141e+02 1.215994367544475995e-318 -2.304919902721884851e-283 0.000000000000000000e+00 1.963495408493620871e-03
2.587232449925093647e+02 1.350281410084126805e-319 -1.024387964503062339e-283 0.000000000000000000e+00 1.963495408493620871e-03
2.589850443803085795e+02 -1.976262583364986177e-323 2.088098887257525935e-288 0.000000000000000000e+00 1.963495408493620871e-03
2.591159440742081301e+02 0.000000000000000000e+00 9.280256590229954196e-289 0.000000000000000000e+00 1.963495408493620871e-03
2.593777434620072881e+02 0.000000000000000000e+00 -1.829073175163008719e-293 0.000000000000000000e+00 1.963495408493620871e-03
2.595086431559068387e+02 0.000000000000000000e+00 -8.129059202224660905e-294 0.000000000000000000e+00 1.963495408493620871e-03
2.597704425437059967e+02 0.000000000000000000e+00 1.549084853109280020e-298 0.000000000000000000e+00 1.963495408493620871e-03
2.599013422376055473e+02 0.000000000000000000e+00 6.884694729026147823e-299 0.000000000000000000e+00 1.963495408493620871e-03
2.601631416254047622e+02 0.000000000000000000e+00 -1.268394583333848751e-303 0.000000000000000000e+00 1.963495408493620871e-03
2.602940413193043128e+02 0.000000000000000000e+00 -5.637208859194943516e-304 0.000000000000000000e+00 1.963495408493620871e-03
2.605558407071034708e+02 0.000000000000000000e+00 1.003993850635026424e-308 0.000000000000000000e+00 1.963495408493620871e-03
2.606867404010030214e+02 0.000000000000000000e+00 4.462118073899729444e-309 0.000000000000000000e+00 1.963495408493620871e-03
2.609485397888021794e+02 0.000000000000000000e+00 -7.681730758398833488e-314 0.000000000000000000e+00 1.963495408493620871e-03
2.610794394827017300e+02 0.000000000000000000e+00 -3.414045754475013122e-314 0.000000000000000000e+00 1.963495408493620871e-03
2.613412388705008880e+02 0.000000000000000000e+00 5.680470356495148017e-319 0.000000000000000000e+00 1.963495408493620871e-03
2.614721385644004386e+02 0.000000000000000000e+00 2.524675450248769841e-319 0.000000000000000000e+00 1.963495408493620871e-03
2.617339379521996534e+02 0.000000000000000000e+00 0.000000000000000000e+00 0.000000000000000000e+00 1.963495408493620871e-03
2.618648376460992040e+02 0.000000000000000000e+00 0.000000000000000000e+00 0.000000000000000000e+00 1.963495408493620871e-03
2.621266370338983620e+02 0.000000000000000000e+00 0.000000000000000000e+00 0.000000000000000000e+00 1.963495408493620871e-03
2.622575367277979126e+02 0.000000000000000000e+00 0.000000000000000000e+00 0.000000000000000000e+00 1.963495408493620871e-03
2.625193361155970706e+02 0.000000000000000000e+00 0.000000000000000000e+00 0.000000000000000000e+00 1.963495408493620871e-03
2.626502358094966212e+02 0.000000000000000000e+00 0.000000000000000000e+00 0.000000000000000000e+00 1.963495408493620871e-03
2.629120351972957792e+02 0.000000000000000000e+00 0.000000000000000000e+00 0.000000000000000000e+00 1.963495408493620871e-03
2.630429348911953298e+02 0.000000000000000000e+00 0.000000000000000000e+00 0.000000000000000000e+00 1.963495408493620871e-03
2.633047342789945446e+02 0.000000000000000000e+00 0.000000000000000000e+00 0.000000000000000000e+00 1.963495408493620871e-03
2.634356339728940952e+02 0.000000000000000000e+00 0.000000000000000000e+00 0.000000000000000000e+00 1.963495408493620871e-03
2.636974333606932532e+02 0.000000000000000000e+00 0.000000000000000000e+00 0.000000000000000000e+00 1.963495408493620871e-03
2.638283330545928038e+02 0.000000000000000000e+00 0.000000000000000000e+00 0.000000000000000000e+00 1.963495408493620871e-03
2.640901324423919618e+02 0.000000000000000000e+00 0.000000000000000000e+00 0.000000000000000000e+00 1.963495408493620871e-03
2.642210321362915124e+02 0.000000000000000000e+00 0.000000000000000000e+00 0.000000000000000000e+00 1.963495408493620871e-03
2.644828315240907273e+02 0.000000000000000000e+00 0.000000000000000000e+00 0.000000000000000000e+00 1.963495408493620871e-03
2.646137312179902779e+02 0.000000000000000000e+00 0.000000000000000000e+00 0.000000000000000000e+00 1.963495408493620871e-03
2.648755306057894359e+02 0.000000000000000000e+00 0.000000000000000000e+00 0.000000000000000000e+00 1.963495408493620871e-03
2.650064302996889865e+02 0.000000000000000000e+00 0.000000000000000000e+00 0.000000000000000000e+00 1.963495408493620871e-03
2.652682296874881445e+02 0.000000000000000000e+00 0.000000000000000000e+00 0.000000000000000000e+00 1.963495408493620871e-03
2.653991293813876950e+02 0.000000000000000000e+00 0.000000000000000000e+00 0.000000000000000000e+00 1.963495408493620871e-03
2.656609287691868531e+02 0.000000000000000000e+00 0.000000000000000000e+00 0.000000000000000000e+00 1.963495408493620871e-03
2.657918284630864036e+02 0.000000000000000000e+00 0.000000000000000000e+00 0.000000000000000000e+00 1.963495408493620871e-03
2.660536278508856185e+02 0.000000000000000000e+00 0.000000000000000000e+00 0.000000000000000000e+00 1.963495408493620871e-03
2.661845275447851691e+02 0.000000000000000000e+00 0.000000000000000000e+00 0.000000000000000000e+00 1.963495408493620871e-03
2.664463269325843271e+02 0.000000000000000000e+00 0.000000000000000000e+00 0.000000000000000000e+00 1.963495408493620871e-03
2.665772266264838777e+02 0.000000000000000000e+00 0.000000000000000000e+00 0.000000000000000000e+00 1.963495408493620871e-03
2.668390260142830357e+02 0.000000000000000000e+00 0.000000000000000000e+00 0.000000000000000000e+00 1.963495408493620871e-03
2.669699257081825863e+02 0.000000000000000000e+00 0.000000000000000000e+00 0.000000000000000000e+00 1.963495408493620871e-03
2.672317250959817443e+02 0.000000000000000000e+00 0.000000000000000000e+00 0.000000000000000000e+00 1.963495408493620871e-03
2.673626247898812949e+02 0.000000000000000000e+00 0.000000000000000000e+00 0.000000000000000000e+00 1.963495408493620871e-03
2.676244241776805097e+02 0.000000000000000000e+00 0.000000000000000000e+00 0.000000000000000000e+00 1.963495408493620871e-03
2.677553238715800603e+02 0.000000000000000000e+00 0.000000000000000000e+00 0.000000000000000000e+00 1.963495408493620871e-03
2.680171232593792183e+02 0.000000000000000000e+00 0.000000000000000000e+00 0.000000000000000000e+00 1.963495408493620871e-03
2.681480229532787689e+02 0.000000000000000000e+00 0.000000000000000000e+00 0.000000000000000000e+00 1.963495408493620871e-03
2.684098223410779269e+02 0.000000000000000000e+00 0.000000000000000000e+00 0.000000000000000000e+00 1.963495408493620871e-03
2.685407220349774775e+02 0.000000000000000000e+00 0.000000000000000000e+00 0.000000000000000000e+00 1.963495408493620871e-03
2.688025214227766924e+02 0.000000000000000000e+00 0.000000000000000000e+00 0.000000000000000000e+00 1.963495408493620871e-03
2.689334211166762429e+02 0.000000000000000000e+00 0.000000000000000000e+00 0.000000000000000000e+00 1.963495408493620871e-03
2.691952205044754010e+02 0.000000000000000000e+00 0.000000000000000000e+00 0.000000000000000000e+00 1.963495408493620871e-03
2.693261201983749515e+02 0.000000000000000000e+00 0.000000000000000000e+00 0.000000000000000000e+00 1.963495408493620871e-03
2.695879195861741096e+02 0.000000000000000000e+00 0.000000000000000000e+00 0.000000000000000000e+00 1.963495408493620871e-03
2.697188192800736601e+02 0.000000000000000000e+00 0.000000000000000000e+00 0.000000000000000000e+00 1.963495408493620871e-03
2.699806186678728182e+02 0.000000000000000000e+00 0.000000000000000000e+00 0.000000000000000000e+00 1.963495408493620871e-03
2.701115183617723687e+02 0.000000000000000000e+00 0.000000000000000000e+00 0.000000000000000000e+00 1.963495408493620871e-03
2.703733177495715836e+02 0.000000000000000000e+00 0.000000000000000000e+00 0.000000000000000000e+00 1.963495408493620871e-03
2.705042174434711342e+02 0.000000000000000000e+00 0.000000000000000000e+00 0.000000000000000000e+00 1.963495408493620871e-03
2.707660168312702922e+02 0.000000000000000000e+00 0.000000000000000000e+00 0.000000000000000000e+00 1.963495408493620871e-03
2.708969165251698428e+02 0.000000000000000000e+00 0.000000000000000000e+00 0.000000000000000000e+00 1.963495408493620871e-03
2.711587159129690008e+02 0.000000000000000000e+00 0.000000000000000000e+00 0.000000000000000000e+00 1.963495408493620871e-03
2.712896156068685514e+02 0.000000000000000000e+00 0.000000000000000000e+00 0.000000000000000000e+00 1.963495408493620871e-03
2.715514149946677094e+02 0.000000000000000000e+00 0.000000000000000000e+00 0.000000000000000000e+00 1.963495408493620871e-03
2.716823146885672600e+02 0.000000000000000000e+00 0.000000000000000000e+00 0.000000000000000000e+00 1.963495408493620871e-03
2.719441140763664748e+02 0.000000000000000000e+00 0.000000000000000000e+00 0.000000000000000000e+00 1.963495408493620871e-03
2.720750137702660254e+02 0.000000000000000000e+00 0.000000000000000000e+00 0.000000000000000000e+00 1.963495408493620871e-03
2.723368131580651834e+02 0.000000000000000000e+00 0.000000000000000000e+00 0.000000000000000000e+00 1.963495408493620871e-03
2.724677128519647340e+02 0.000000000000000000e+00 0.000000000000000000e+00 0.000000000000000000e+00 1.963495408493620871e-03
2.727295122397638920e+02 0.000000000000000000e+00 0.000000000000000000e+00 0.000000000000000000e+00 1.963495408493620871e-03
2.728604119336634426e+02 0.000000000000000000e+00 0.000000000000000000e+00 0.000000000000000000e+00 1.963495408493620871e-03
2.731222113214626575e+02 0.000000000000000000e+00 0.000000000000000000e+00 0.000000000000000000e+00 1.963495408493620871e-03
2.732531110153622080e+02 0.000000000000000000e+00 0.000000000000000000e+00 0.000000000000000000e+00 1.963495408493620871e-03
2.735149104031613660e+02 0.000000000000000000e+00 0.000000000000000000e+00 0.000000000000000000e+00 1.963495408493620871e-03
2.736458100970609166e+02 0.000000000000000000e+00 0.000000000000000000e+00 0.000000000000000000e+00 1.963495408493620871e-03
2.739076094848600746e+02 0.000000000000000000e+00 0.000000000000000000e+00 0.000000000000000000e+00 1.963495408493620871e-03
2.740385091787596252e+02 0.000000000000000000e+00 0.000000000000000000e+00 0.000000000000000000e+00 1.963495408493620871e-03
2.743003085665587832e+02 0.000000000000000000e+00 0.000000000000000000e+00 0.000000000000000000e+00 1.963495408493620871e-03
2.744312082604583338e+02 0.000000000000000000e+00 0.000000000000000000e+00 0.000000000000000000e+00 1.963495408493620871e-03
2.746930076482575487e+02 0.000000000000000000e+00 0.000000000000000000e+00 0.000000000000000000e+00 1.963495408493620871e-03
2.748239073421570993e+02 0.000000000000000000e+00 0.000000000000000000e+00 0.000000000000000000e+00 1.963495408493620871e-03
2.750857067299562573e+02 0.000000000000000000e+00 0.000000000000000000e+00 0.000000000000000000e+00 1.963495408493620871e-03
2.752166064238558079e+02 0.000000000000000000e+00 0.000000000000000000e+00 0.000000000000000000e+00 1.963495408493620871e-03
2.754784058116549659e+02 0.000000000000000000e+00 0.000000000000000000e+00 0.000000000000000000e+00 1.963495408493620871e-03
2.756093055055545165e+02 0.000000000000000000e+00 0.000000000000000000e+00 0.000000000000000000e+00 1.963495408493620871e-03
2.758711048933536745e+02 0.000000000000000000e+00 0.000000000000000000e+00 0.000000000000000000e+00 1.963495408493620871e-03
2.760020045872532251e+02 0.000000000000000000e+00 0.000000000000000000e+00 0.000000000000000000e+00 1.963495408493620871e-03
2.762638039750524399e+02 0.000000000000000000e+00 0.000000000000000000e+00 0.000000000000000000e+00 1.963495408493620871e-03
2.763947036689519905e+02 0.000000000000000000e+00 0.000000000000000000e+00 0.000000000000000000e+00 1.963495408493620871e-03
2.766565030567511485e+02 0.000000000000000000e+00 0.000000000000000000e+00 0.000000000000000000e+00 1.963495408493620871e-03
2.767874027506506991e+02 0.000000000000000000e+00 0.000000000000000000e+00 0.000000000000000000e+00 1.963495408493620871e-03
2.770492021384498571e+02 0.000000000000000000e+00 0.000000000000000000e+00 0.000000000000000000e+00 1.963495408493620871e-03
2.771801018323494077e+02 0.000000000000000000e+00 0.000000000000000000e+00 0.000000000000000000e+00 1.963495408493620871e-03
2.774419012201486225e+02 0.000000000000000000e+00 0.000000000000000000e+00 0.000000000000000000e+00 1.963495408493620871e-03
2.775728009140481731e+02 0.000000000000000000e+00 0.000000000000000000e+00 0.000000000000000000e+00 1.963495408493620871e-03
2.778346003018473311e+02 0.000000000000000000e+00 0.000000000000000000e+00 0.000000000000000000e+00 1.963495408493620871e-03
2.779654999957468817e+02 0.000000000000000000e+00 0.000000000000000000e+00 0.000000000000000000e+00 1.963495408493620871e-03
2.782272993835460397e+02 0.000000000000000000e+00 0.000000000000000000e+00 0.000000000000000000e+00 1.963495408493620871e-03
2.783581990774455903e+02 0.000000000000000000e+00 0.000000000000000000e+00 0.000000000000000000e+00 1.963495408493620871e-03
2.786199984652447483e+02 0.000000000000000000e+00 0.000000000000000000e+00 0.000000000000000000e+00 1.963495408493620871e-03
2.787508981591442989e+02 0.000000000000000000e+00 0.000000000000000000e+00 0.000000000000000000e+00 1.963495408493620871e-03
2.790126975469435138e+02 0.000000000000000000e+00 0.000000000000000000e+00 0.000000000000000000e+00 1.963495408493620871e-03
2.791435972408430644e+02 0.000000000000000000e+00 0.000000000000000000e+00 0.000000000000000000e+00 1.963495408493620871e-03
2.794053966286422224e+02 0.000000000000000000e+00 0.000000000000000000e+00 0.000000000000000000e+00 1.963495408493620871e-03
2.795362963225417730e+02 0.000000000000000000e+00 0.000000000000000000e+00 0.000000000000000000e+00 1.963495408493620871e-03
2.797980957103409310e+02 0.000000000000000000e+00 0.000000000000000000e+00 0.000000000000000000e+00 1.963495408493620871e-03
2.799289954042404815e+02 0.000000000000000000e+00 0.000000000000000000e+00 0.000000000000000000e+00 1.963495408493620871e-03
2.801907947920396964e+02 0.000000000000000000e+00 0.000000000000000000e+00 0.000000000000000000e+00 1.963495408493620871e-03
2.803216944859392470e+02 0.000000000000000000e+00 0.000000000000000000e+00 0.000000000000000000e+00 1.963495408493620871e-03
2.805834938737384050e+02 0.000000000000000000e+00 0.000000000000000000e+00 0.000000000000000000e+00 1.963495408493620871e-03
2.807143935676379556e+02 0.000000000000000000e+00 0.000000000000000000e+00 0.000000000000000000e+00 1.963495408493620871e-03
2.809761929554371136e+02 0.000000000000000000e+00 0.000000000000000000e+00 0.000000000000000000e+00 1.963495408493620871e-03
2.811070926493366642e+02 0.000000000000000000e+00 0.000000000000000000e+00 0.000000000000000000e+00 1.963495408493620871e-03
2.813688920371358222e+02 0.000000000000000000e+00 0.000000000000000000e+00 0.000000000000000000e+00 1.963495408493620871e-03
2.814997917310353728e+02 0.000000000000000000e+00 0.000000000000000000e+00 0.000000000000000000e+00 1.963495408493620871e-03
2.817615911188345876e+02 0.000000000000000000e+00 0.000000000000000000e+00 0.000000000000000000e+00 1.963495408493620871e-03
2.818924908127341382e+02 0.000000000000000000e+00 0.000000000000000000e+00 0.000000000000000000e+00 1.963495408493620871e-03
2.821542902005332962e+02 0.000000000000000000e+00 0.000000000000000000e+00 0.000000000000000000e+00 1.963495408493620871e-03
2.822851898944328468e+02 0.000000000000000000e+00 0.000000000000000000e+00 0.000000000000000000e+00 1.963495408493620871e-03
2.825469892822320048e+02 0.000000000000000000e+00 0.000000000000000000e+00 0.000000000000000000e+00 1.963495408493620871e-03
2.826778889761315554e+02 0.000000000000000000e+00 0.000000000000000000e+00 0.000000000000000000e+00 1.963495408493620871e-03
