# q:-1.000000e+00, m:1.000000e+00, N:480 - x,px,py,pz,w
2.184962506837033516e+02 6.499974423339122120e-01 -8.104134041776303371e-04 0.000000000000000000e+00 1.963495408493620871e-03
1.600858025789151213e+02 4.825834601622306860e-03 -1.179509333216814844e-03 0.000000000000000000e+00 1.963495408493620871e-03
2.068813404938085228e+02 2.756311980636815678e-02 -4.257065588410748058e-03 0.000000000000000000e+00 1.963495408493620871e-03
2.297383905117581833e+02 2.177614392735262028e-01 1.232453790005736283e-03 0.000000000000000000e+00 1.963495408493620871e-03
2.218172164757649796e+02 2.786018903575780969e-01 -1.731606649366370255e-03 0.000000000000000000e+00 1.963495408493620871e-03
2.002111222744592851e+02 -6.695005774236575946e-02 4.297091186911078473e-04 0.000000000000000000e+00 1.963495408493620871e-03
1.919942127769851652e+02 -8.391332902959669493e-02 -6.462887712428313884e-04 0.000000000000000000e+00 1.963495408493620871e-03
1.991476859739295833e+02 -4.501844818402877396e-02 3.640304649576911597e-04 0.000000000000000000e+00 1.963495408493620871e-03
2.135124247540161946e+02 3.413096867556516534e-01 -4.896789173262606435e-04 0.000000000000000000e+00 1.963495408493620871e-03
1.955834672458386478e+02 -5.440761331496582476e-02 5.299008692359695851e-04 0.000000000000000000e+00 1.963495408493620871e-03
1.909514815114359862e+02 -4.845341753525942569e-02 -5.532497054748139985e-04 0.000000000000000000e+00 1.963495408493620871e-03
1.917993029000092804e+02 -7.224033728513994113e-02 4.328984048665367006e-04 0.000000000000000000e+00 1.963495408493620871e-03
1.949848567396304304e+02 1.297485650603349971e-01 -4.423745090534450574e-04 0.000000000000000000e+00 1.963495408493620871e-03
1.928081759774938746e+02 8.375986010495387046e-02 4.288454236633806003e-04 0.000000000000000000e+00 1.963495408493620871e-03
1.989339470719996257e+02 -2.374190879677811825e-02 -5.895821486469728307e-04 0.000000000000000000e+00 1.963495408493620871e-03
1.914278355344326314e+02 -5.274893720916110085e-02 3.739566940597064586e-04 0.000000000000000000e+00 1.963495408493620871e-03
1.877698974798742029e+02 9.431777028744940672e-02 -3.731384478959079345e-04 0.000000000000000000e+00 1.963495408493620871e-03
1.868608694546848881e+02 4.138734662135071241e-02 5.803963625237194357e-04 0.000000000000000000e+00 1.963495408493620871e-03
1.906268882082943321e+02 -3.243176162340153518e-02 -4.269756761632590748e-04 0.000000000000000000e+00 1.963495408493620871e-03
1.905443165249390631e+02 -7.706827397633221784e-04 3.955651075196709669e-04 0.000000000000000000e+00 1.963495408493620871e-03
1.899800024063814874e+02 9.432006040484103293e-02 -4.830553491376075263e-04 0.000000000000000000e+00 1.963495408493620871e-03
1.907202788151648747e+02 -4.972041642014406876e-02 4.407025412061477783e-04 0.000000000000000000e+00 1.963495408493620871e-03
1.910069002381500241e+02 -8.248927843277051308e-02 -4.923216464099675364e-04 0.000000000000000000e+00 1.963495408493620871e-03
1.909940527725740083e+02 -8.347667311520771960e-02 4.063683702473233020e-04 0.000000000000000000e+00 1.963495408493620871e-03
1.916560942392418951e+02 -9.262986831558381318e-02 -4.840824030231411640e-04 0.000000000000000000e+00 1.963495408493620871e-03
1.920443378016388181e+02 -8.788062340676253137e-02 3.377025452785761437e-04 0.000000000000000000e+00 1.963495408493620871e-03
1.923246191112979488e+02 -9.460015474149827130e-02 -5.087751802848994699e-04 0.000000000000000000e+00 1.963495408493620871e-03
1.924821850507199201e+02 -9.646289448538658551e-02 3.636464772407052006e-04 0.000000000000000000e+00 1.963495408493620871e-03
1.928240946747977773e+02 -9.390279718786069540e-02 -5.390441814137891807e-04 0.000000000000000000e+00 1.963495408493620871e-03
1.930012031862685262e+02 -9.100930502579632209e-02 3.854245188291974744e-04 0.000000000000000000e+00 1.963495408493620871e-03
1.933568545783750210e+02 -8.320933382917702903e-02 -5.200880123549417615e-04 0.000000000000000000e+00 1.963495408493620871e-03
1.935106425215143702e+02 -7.856944214957242711e-02 4.128688366469204091e-04 0.000000000000000000e+00 1.963495408493620871e-03
1.937872489830826908e+02 -6.765228786117019610e-02 -4.838577754382577395e-04 0.000000000000000000e+00 1.963495408493620871e-03
1.938876934344714016e+02 -6.387682672523214977e-02 4.012283767640649349e-04 0.000000000000000000e+00 1.963495408493620871e-03
1.940485213373822546e+02 -6.132001003237197434e-02 -4.255454733301699188e-04 0.000000000000000000e+00 1.963495408493620871e-03
1.941151908577447216e+02 -6.168054651233459418e-02 3.588432520482018285e-04 0.000000000000000000e+00 1.963495408493620871e-03
1.942660844581377830e+02 -6.463807490056638905e-02 -3.754425517689046832e-04 0.000000000000000000e+00 1.963495408493620871e-03
1.943987912083914580e+02 -6.768271229325595328e-02 3.510122471645001768e-04 0.000000000000000000e+00 1.963495408493620871e-03
1.946239953297350667e+02 -7.519262770968548892e-02 -3.313104149931552617e-04 0.000000000000000000e+00 1.963495408493620871e-03
1.947900361330864882e+02 -7.892955566959752867e-02 3.801828818971265738e-04 0.000000000000000000e+00 1.963495408493620871e-03
1.952061392526695442e+02 -8.223347352419629885e-02 -2.693208331029663095e-04 0.000000000000000000e+00 1.963495408493620871e-03
1.953360252325304032e+02 -8.194894952278461431e-02 3.324938871719829072e-04 0.000000000000000000e+00 1.963495408493620871e-03
1.956700720622988285e+02 -8.015998405893312584e-02 -2.469959434266845552e-04 0.000000000000000000e+00 1.963495408493620871e-03
1.957946100600854038e+02 -8.235515407337941352e-02 3.049452469884859668e-04 0.000000000000000000e+00 1.963495408493620871e-03
1.960623509585865349e+02 -8.953997943659983139e-02 -2.697703745484690769e-04 0.000000000000000000e+00 1.963495408493620871e-03
1.961784243572990647e+02 -9.339488250360422628e-02 2.658170538038221896e-04 0.000000000000000000e+00 1.963495408493620871e-03
1.964821064921417246e+02 -1.041395143160018799e-01 -3.162764655261646467e-04 0.000000000000000000e+00 1.963495408493620871e-03
1.966540244196770857e+02 -1.101369597755412211e-01 2.572128030555077154e-04 0.000000000000000000e+00 1.963495408493620871e-03
1.969881267761243464e+02 -1.200916606196655578e-01 -3.957031792678238546e-04 0.000000000000000000e+00 1.963495408493620871e-03
1.971920600836613175e+02 -1.258804707918015076e-01 2.664504866347386890e-04 0.000000000000000000e+00 1.963495408493620871e-03
1.977200997511870639e+02 -1.402617312513262382e-01 -3.982779786243869258e-04 0.000000000000000000e+00 1.963495408493620871e-03
1.981272177196921120e+02 -1.367467744365384319e-01 2.332700556205518326e-04 0.000000000000000000e+00 1.963495408493620871e-03
1.987189141862269253e+02 -1.063897623336557130e-01 -3.531915730858572935e-04 0.000000000000000000e+00 1.963495408493620871e-03
1.989125896790298782e+02 -9.070177011680767565e-02 2.100032639242994633e-04 0.000000000000000000e+00 1.963495408493620871e-03
1.987226118138082143e+02 -1.078651914489778818e-01 -3.441586879217813414e-04 0.000000000000000000e+00 1.963495408493620871e-03
1.989541095341581638e+02 -8.975880740686476011e-02 2.129730673775522497e-04 0.000000000000000000e+00 1.963495408493620871e-03
1.992674064498320661e+02 -7.243507868672906247e-02 -3.610550793832920861e-04 0.000000000000000000e+00 1.963495408493620871e-03
1.995193895362204444e+02 -7.043355367588441385e-02 2.134112424703463119e-04 0.000000000000000000e+00 1.963495408493620871e-03
1.998657600519095183e+02 -8.076481620207343060e-02 -3.082157558667002065e-04 0.000000000000000000e+00 1.963495408493620871e-03
2.000813146976402095e+02 -7.837925031793768760e-02 1.851815607775109357e-04 0.000000000000000000e+00 1.963495408493620871e-03
2.004662717679642583e+02 -7.081948436339806363e-02 -2.505731656509352172e-04 0.000000000000000000e+00 1.963495408493620871e-03
2.006277768236936652e+02 -6.893058385075981342e-02 1.948139947995471068e-04 0.000000000000000000e+00 1.963495408493620871e-03
2.009258023645459161e+02 -6.661270923499279517e-02 -1.802930137441307418e-04 0.000000000000000000e+00 1.963495408493620871e-03
2.010583139787751747e+02 -6.613547529247172652e-02 1.676509929394697776e-04 0.000000000000000000e+00 1.963495408493620871e-03
2.013480125008411221e+02 -6.431120572579383798e-02 -2.140215429455705589e-04 0.000000000000000000e+00 1.963495408493620871e-03
2.014959681036496022e+02 -6.358707264220000988e-02 2.028397752588948551e-04 0.000000000000000000e+00 1.963495408493620871e-03
2.018042227144030676e+02 -6.113415104937756916e-02 -1.921357902968042245e-04 0.000000000000000000e+00 1.963495408493620871e-03
2.019508357516026251e+02 -6.004457952372580648e-02 1.370213309269825957e-04 0.000000000000000000e+00 1.963495408493620871e-03
2.022282553788852510e+02 -5.733425706672723443e-02 -1.692497457825102971e-04 0.000000000000000000e+00 1.963495408493620871e-03
2.023972540209299780e+02 -5.551179296038348532e-02 1.075417287349797013e-04 0.000000000000000000e+00 1.963495408493620871e-03
2.027088120231783535e+02 -5.179320835313741545e-02 -1.362830478487498471e-04 0.000000000000000000e+00 1.963495408493620871e-03
2.028544988915092517e+02 -5.012419016457043269e-02 9.165636502320094708e-05 0.000000000000000000e+00 1.963495408493620871e-03
2.031598651607717159e+02 -4.506797726810199411e-02 -1.538784030968995344e-04 0.000000000000000000e+00 1.963495408493620871e-03
2.033248054728476291e+02 -4.197766819901350976e-02 1.076775261868050712e-04 0.000000000000000000e+00 1.963495408493620871e-03
2.035959749297725239e+02 -3.632151963203902878e-02 -2.313324621118587347e-04 0.000000000000000000e+00 1.963495408493620871e-03
2.037812444184887966e+02 -3.175345606663800002e-02 1.066916908378751181e-04 0.000000000000000000e+00 1.963495408493620871e-03
2.040662847300259841e+02 -2.362953045242765365e-02 -2.026440524707501635e-04 0.000000000000000000e+00 1.963495408493620871e-03
2.042096870484609497e+02 -1.928783793754095671e-02 7.584072610659198634e-05 0.000000000000000000e+00 1.963495408493620871e-03
2.044836934032041142e+02 -8.648313365586416529e-03 -1.908855521975732160e-04 0.000000000000000000e+00 1.963495408493620871e-03
2.046147434674722376e+02 -2.722482135164281704e-03 5.454734291604487555e-05 0.000000000000000000e+00 1.963495408493620871e-03
2.048410890830780602e+02 8.337107592194459987e-03 -1.008209218819751092e-04 0.000000000000000000e+00 1.963495408493620871e-03
2.049295401597620980e+02 1.192998878401846721e-02 -1.418352406152604363e-05 0.000000000000000000e+00 1.963495408493620871e-03
2.050866512874504792e+02 1.860086994977037250e-02 -9.437330807495630542e-05 0.000000000000000000e+00 1.963495408493620871e-03
2.051685310805054598e+02 2.020269178121285314e-02 -1.735969675470310837e-05 0.000000000000000000e+00 1.963495408493620871e-03
2.052786870389511762e+02 1.881258970036877448e-02 -1.083244399726975314e-04 0.000000000000000000e+00 1.963495408493620871e-03
2.053654052957156750e+02 1.673395806015759435e-02 -2.087756460852881131e-05 0.000000000000000000e+00 1.963495408493620871e-03
2.055320041547812195e+02 9.688753475043276886e-03 -1.206028022946533285e-04 0.000000000000000000e+00 1.963495408493620871e-03
2.056805762790471022e+02 4.173950488693465091e-03 -1.389666626450606734e-05 0.000000000000000000e+00 1.963495408493620871e-03
2.059542444464622122e+02 -4.523208836770793197e-03 -7.176427225113037132e-05 0.000000000000000000e+00 1.963495408493620871e-03
2.061559784729666092e+02 -7.524173277529589907e-03 -5.413643790649071651e-05 0.000000000000000000e+00 1.963495408493620871e-03
2.065066018458587109e+02 -6.236811164318942224e-03 -5.414019983538590310e-05 0.000000000000000000e+00 1.963495408493620871e-03
2.067028647918627087e+02 -3.097633709730429619e-03 -4.524353896066237514e-05 0.000000000000000000e+00 1.963495408493620871e-03
2.069770901062659902e+02 1.323439041377047660e-03 -6.907997880729107188e-05 0.000000000000000000e+00 1.963495408493620871e-03
2.071628062887241981e+02 3.089992830924249284e-03 -4.963819010658366128e-05 0.000000000000000000e+00 1.963495408493620871e-03
2.074066610035621636e+02 3.681535642132147471e-03 -6.944167888647427350e-05 0.000000000000000000e+00 1.963495408493620871e-03
2.075620725982637964e+02 3.478823334764836323e-03 -5.702289319898495965e-05 0.000000000000000000e+00 1.963495408493620871e-03
2.078303187893846484e+02 3.719338640090337489e-03 -5.499736256115691423e-05 0.000000000000000000e+00 1.963495408493620871e-03
2.079859948132366583e+02 3.751109238766212398e-03 -8.790188964431231756e-05 0.000000000000000000e+00 1.963495408493620871e-03
2.082400508199503406e+02 4.733127794187826781e-03 -4.114048968678196417e-05 0.000000000000000000e+00 1.963495408493620871e-03
2.084227180272538078e+02 5.612302710158223462e-03 -1.119596760758293294e-04 0.000000000000000000e+00 1.963495408493620871e-03
2.086753414414517067e+02 7.059685000256131493e-03 6.478261111874341656e-06 0.000000000000000000e+00 1.963495408493620871e-03
2.088484070423950811e+02 8.261297435263024319e-03 -1.496743402108193996e-04 0.000000000000000000e+00 1.963495408493620871e-03
2.090955105366446389e+02 1.050373549741739215e-02 4.121487074698387734e-05 0.000000000000000000e+00 1.963495408493620871e-03
2.092824347280775328e+02 1.247774556883570959e-02 -1.595074945012298431e-04 0.000000000000000000e+00 1.963495408493620871e-03
2.095193793901215713e+02 1.513591359692310206e-02 5.888641315307317325e-05 0.000000000000000000e+00 1.963495408493620871e-03
2.097051582179633726e+02 1.752961989913741359e-02 -1.814828336848467514e-04 0.000000000000000000e+00 1.963495408493620871e-03
2.099526687473279196e+02 2.101151162957098223e-02 8.046097124804712890e-05 0.000000000000000000e+00 1.963495408493620871e-03
2.101107815694037413e+02 2.317166501724335359e-02 -1.839830851752821683e-04 0.000000000000000000e+00 1.963495408493620871e-03
2.103760861462934884e+02 2.760519306276790902e-02 4.486360733996355233e-05 0.000000000000000000e+00 1.963495408493620871e-03
2.105380759894048310e+02 3.033317134983455621e-02 -1.828347773229625534e-04 0.000000000000000000e+00 1.963495408493620871e-03
2.107615743137574214e+02 3.432052369187756080e-02 5.406432969090421866e-05 0.000000000000000000e+00 1.963495408493620871e-03
2.109517954172136172e+02 3.784117661543746902e-02 -2.166394032810117993e-04 0.000000000000000000e+00 1.963495408493620871e-03
2.111776462211030321e+02 4.227950488998293010e-02 8.675677627727913912e-06 0.000000000000000000e+00 1.963495408493620871e-03
2.113379621756831455e+02 4.549708129020055281e-02 -2.169047641635691692e-04 0.000000000000000000e+00 1.963495408493620871e-03
2.115630710390754246e+02 4.994041225510353899e-02 2.611228773207638864e-05 0.000000000000000000e+00 1.963495408493620871e-03
2.117245982776657911e+02 5.290419146205935230e-02 -2.625324929236770273e-04 0.000000000000000000e+00 1.963495408493620871e-03
2.119388136212781149e+02 5.725914047937136209e-02 3.389308466331022573e-05 0.000000000000000000e+00 1.963495408493620871e-03
2.121048197255012724e+02 6.062098192955517328e-02 -2.908980119052492937e-04 0.000000000000000000e+00 1.963495408493620871e-03
2.123132304939356345e+02 6.461183832393657678e-02 6.346603080841238574e-05 0.000000000000000000e+00 1.963495408493620871e-03
2.124674674852318788e+02 6.734482699699523289e-02 -3.095572465429064423e-04 0.000000000000000000e+00 1.963495408493620871e-03
2.126717946357738356e+02 7.123969792600118311e-02 1.034945307814628176e-04 0.000000000000000000e+00 1.963495408493620871e-03
2.128369609269420550e+02 7.458349924087570582e-02 -3.660999426248801622e-04 0.000000000000000000e+00 1.963495408493620871e-03
2.130409729231260769e+02 7.863271114643527460e-02 1.214117322675430772e-04 0.000000000000000000e+00 1.963495408493620871e-03
2.131957823247693682e+02 8.149511532957223747e-02 -3.560825630756763328e-04 0.000000000000000000e+00 1.963495408493620871e-03
2.133937763202052906e+02 8.502658593588027780e-02 9.307513367595084152e-05 0.000000000000000000e+00 1.963495408493620871e-03
2.135568250035571793e+02 8.792844998212742680e-02 -3.515650446130850083e-04 0.000000000000000000e+00 1.963495408493620871e-03
2.137532812752523910e+02 9.115646911382463413e-02 6.763793007377098647e-05 0.000000000000000000e+00 1.963495408493620871e-03
2.139075384226938752e+02 9.317106185358769999e-02 -3.329883277518313079e-04 0.000000000000000000e+00 1.963495408493620871e-03
2.141071597574629948e+02 9.548108824560896934e-02 6.378668710928372476e-05 0.000000000000000000e+00 1.963495408493620871e-03
2.142585766636643143e+02 9.720063481783447479e-02 -3.453984291886818972e-04 0.000000000000000000e+00 1.963495408493620871e-03
2.144370975438865514e+02 9.908139975445406922e-02 8.228684389820022614e-05 0.000000000000000000e+00 1.963495408493620871e-03
2.146090805181365226e+02 1.008910608481461968e-01 -3.665104708157587341e-04 0.000000000000000000e+00 1.963495408493620871e-03
2.147889680985714449e+02 1.022704884358049127e-01 1.243969210497746229e-04 0.000000000000000000e+00 1.963495408493620871e-03
2.149313408887483376e+02 1.031856487172787828e-01 -3.996310660058455472e-04 0.000000000000000000e+00 1.963495408493620871e-03
2.151213066429901346e+02 1.043952863418706745e-01 1.814638564393017818e-04 0.000000000000000000e+00 1.963495408493620871e-03
2.152723246955463026e+02 1.052244318360354702e-01 -4.324581456004840743e-04 0.000000000000000000e+00 1.963495408493620871e-03
2.154533556918329396e+02 1.059160831906283684e-01 2.193852194905366411e-04 0.000000000000000000e+00 1.963495408493620871e-03
2.155992226219499912e+02 1.060889873526299765e-01 -4.251670193783994422e-04 0.000000000000000000e+00 1.963495408493620871e-03
2.157871105069883981e+02 1.065063499373957168e-01 1.938904842159033240e-04 0.000000000000000000e+00 1.963495408493620871e-03
2.159461170232984841e+02 1.067290657989119207e-01 -3.944087048102811648e-04 0.000000000000000000e+00 1.963495408493620871e-03
2.161262050726091388e+02 1.066257054504016755e-01 1.778990091030624053e-04 0.000000000000000000e+00 1.963495408493620871e-03
2.162869678272741965e+02 1.066689187663270311e-01 -3.739662709783820845e-04 0.000000000000000000e+00 1.963495408493620871e-03
2.164806760170817483e+02 1.065285428691439551e-01 1.676362491621774683e-04 0.000000000000000000e+00 1.963495408493620871e-03
2.166430404129339422e+02 1.062413726125993746e-01 -3.746742691455445806e-04 0.000000000000000000e+00 1.963495408493620871e-03
2.168391683388306603e+02 1.057781390770385910e-01 1.470898168042214689e-04 0.000000000000000000e+00 1.963495408493620871e-03
2.170058341404853195e+02 1.052303024411582189e-01 -3.678252507156760400e-04 0.000000000000000000e+00 1.963495408493620871e-03
2.172045634073006681e+02 1.044118354649976044e-01 1.638759956335667065e-04 0.000000000000000000e+00 1.963495408493620871e-03
2.173778540080949426e+02 1.035924510325242076e-01 -4.078427088200959911e-04 0.000000000000000000e+00 1.963495408493620871e-03
2.175807634977812199e+02 1.025885034708627214e-01 2.087735251979748875e-04 0.000000000000000000e+00 1.963495408493620871e-03
2.177589667081484492e+02 1.017690029384560602e-01 -4.705917208473433719e-04 0.000000000000000000e+00 1.963495408493620871e-03
2.179634714665773743e+02 1.006779449376360019e-01 2.667149342930236243e-04 0.000000000000000000e+00 1.963495408493620871e-03
2.181482113345778089e+02 1.001969350230697553e-01 -4.962327730197840228e-04 0.000000000000000000e+00 1.963495408493620871e-03
2.183705743678534930e+02 1.000880914312154979e-01 2.619827967221785873e-04 0.000000000000000000e+00 1.963495408493620871e-03
2.185529329929819369e+02 9.985455886324082209e-02 -4.943073712996466640e-04 0.000000000000000000e+00 1.963495408493620871e-03
2.187712091135023229e+02 1.001365152414672444e-01 2.364230543790572835e-04 0.000000000000000000e+00 1.963495408493620871e-03
2.189674747860683794e+02 1.010508537505595272e-01 -4.738185316915731297e-04 0.000000000000000000e+00 1.963495408493620871e-03
2.191869008118064812e+02 1.023055288005929042e-01 2.212960918767876485e-04 0.000000000000000000e+00 1.963495408493620871e-03
2.193775410575860008e+02 1.041048161437212460e-01 -4.713218896665036847e-04 0.000000000000000000e+00 1.963495408493620871e-03
2.195960047152089771e+02 1.066776966741654481e-01 1.951479777336429162e-04 0.000000000000000000e+00 1.963495408493620871e-03
2.197809695665134200e+02 1.092812531648702928e-01 -4.735738203743344648e-04 0.000000000000000000e+00 1.963495408493620871e-03
2.199905663714398258e+02 1.124024006516820134e-01 2.046196524851421564e-04 0.000000000000000000e+00 1.963495408493620871e-03
2.201683207751190139e+02 1.151792598953949448e-01 -4.741411720326524728e-04 0.000000000000000000e+00 1.963495408493620871e-03
2.203718152282031610e+02 1.182818620075032634e-01 2.317540297191114803e-04 0.000000000000000000e+00 1.963495408493620871e-03
2.205430842244816461e+02 1.208037249807639851e-01 -5.212894277076139844e-04 0.000000000000000000e+00 1.963495408493620871e-03
2.207401340551973021e+02 1.235611004495942578e-01 2.883497292169125755e-04 0.000000000000000000e+00 1.963495408493620871e-03
2.209063785186662869e+02 1.258113587206140527e-01 -5.621386419008319712e-04 0.000000000000000000e+00 1.963495408493620871e-03
2.210970841299413507e+02 1.283018484670964687e-01 3.282446274045352228e-04 0.000000000000000000e+00 1.963495408493620871e-03
2.212585038106724369e+02 1.304657809604580776e-01 -5.560334711170284664e-04 0.000000000000000000e+00 1.963495408493620871e-03
2.214438973675407851e+02 1.329959991558852250e-01 3.411268501357477955e-04 0.000000000000000000e+00 1.963495408493620871e-03
2.216011759787806170e+02 1.352077623112427907e-01 -5.546714130734956179e-04 0.000000000000000000e+00 1.963495408493620871e-03
2.217821787215319205e+02 1.375979496354003684e-01 3.293886094744381604e-04 0.000000000000000000e+00 1.963495408493620871e-03
2.219356639333948635e+02 1.395417630232453354e-01 -5.355308207472460899e-04 0.000000000000000000e+00 1.963495408493620871e-03
2.221134916153601750e+02 1.416547368350675740e-01 3.373602251016255809e-04 0.000000000000000000e+00 1.963495408493620871e-03
2.222622510129805846e+02 1.434382133097309442e-01 -5.275893144496477099e-04 0.000000000000000000e+00 1.963495408493620871e-03
2.224328751327624616e+02 1.454624398816340980e-01 3.369230873484623792e-04 0.000000000000000000e+00 1.963495408493620871e-03
2.225753991284486801e+02 1.470725112882280139e-01 -5.426149828320100781e-04 0.000000000000000000e+00 1.963495408493620871e-03
2.227381989446712396e+02 1.485517104178553094e-01 3.543399193002961080e-04 0.000000000000000000e+00 1.963495408493620871e-03
2.228729908630684520e+02 1.491645665022138523e-01 -5.417160118350733151e-04 0.000000000000000000e+00 1.963495408493620871e-03
2.230346762275727315e+02 1.492111311442320121e-01 3.829932113987095021e-04 0.000000000000000000e+00 1.963495408493620871e-03
2.231722543706581234e+02 1.485784551631421646e-01 -5.578677446720213973e-04 0.000000000000000000e+00 1.963495408493620871e-03
2.233379931076717355e+02 1.471212987286661389e-01 4.019212766625103548e-04 0.000000000000000000e+00 1.963495408493620871e-03
2.234811202667746670e+02 1.453738580090910837e-01 -6.052610000508276732e-04 0.000000000000000000e+00 1.963495408493620871e-03
2.236476232958059143e+02 1.426269064106606699e-01 4.625421482435202467e-04 0.000000000000000000e+00 1.963495408493620871e-03
2.237939129398647538e+02 1.400286703884975337e-01 -6.395416551108097647e-04 0.000000000000000000e+00 1.963495408493620871e-03
2.239625659473800852e+02 1.367941260720588470e-01 4.799306526117500622e-04 0.000000000000000000e+00 1.963495408493620871e-03
2.241109933480486518e+02 1.341978945703571624e-01 -6.335967726263004455e-04 0.000000000000000000e+00 1.963495408493620871e-03
2.242817053799981295e+02 1.312222951041041585e-01 4.513755722788547918e-04 0.000000000000000000e+00 1.963495408493620871e-03
2.244315447215977599e+02 1.289940758569329826e-01 -6.212400888032701927e-04 0.000000000000000000e+00 1.963495408493620871e-03
2.245996435645201643e+02 1.265025667706092816e-01 4.667936958594190921e-04 0.000000000000000000e+00 1.963495408493620871e-03
2.247515474058084237e+02 1.251298899323338432e-01 -6.506123945790728228e-04 0.000000000000000000e+00 1.963495408493620871e-03
2.249248741347329315e+02 1.238794010783969557e-01 4.774142604027519941e-04 0.000000000000000000e+00 1.963495408493620871e-03
2.250636329134800633e+02 1.225028013167786117e-01 -6.779538465997756542e-04 0.000000000000000000e+00 1.963495408493620871e-03
2.252373472854109195e+02 1.210002467100364937e-01 4.922026852161481055e-04 0.000000000000000000e+00 1.963495408493620871e-03
2.253811451499572343e+02 1.185156516635974822e-01 -6.706625188821320688e-04 0.000000000000000000e+00 1.963495408493620871e-03
2.255502581552995878e+02 1.143551611095147968e-01 4.936961500049686898e-04 0.000000000000000000e+00 1.963495408493620871e-03
2.257121266670710042e+02 1.099136438543560357e-01 -6.774661802301641753e-04 0.000000000000000000e+00 1.963495408493620871e-03
2.259100769237985844e+02 1.040692875808836015e-01 5.181526703838293087e-04 0.000000000000000000e+00 1.963495408493620871e-03
2.260889508269722796e+02 9.870945584739514167e-02 -7.352761503932223833e-04 0.000000000000000000e+00 1.963495408493620871e-03
2.262985487140925898e+02 9.192425583163314762e-02 5.517221571978600221e-04 0.000000000000000000e+00 1.963495408493620871e-03
2.264969557573142254e+02 8.549697851450896446e-02 -7.729015156485609514e-04 0.000000000000000000e+00 1.963495408493620871e-03
2.267210239621764458e+02 7.891538596857310128e-02 5.744212360009850115e-04 0.000000000000000000e+00 1.963495408493620871e-03
2.269279947918600726e+02 7.417592190580904465e-02 -7.878393201071866650e-04 0.000000000000000000e+00 1.963495408493620871e-03
2.271584139360542451e+02 6.995260963101498919e-02 5.548347876736574530e-04 0.000000000000000000e+00 1.963495408493620871e-03
2.273686570217477652e+02 6.719632738558177498e-02 -7.759006006616834183e-04 0.000000000000000000e+00 1.963495408493620871e-03
2.276006765538782304e+02 6.555078007424380848e-02 5.529217351103290004e-04 0.000000000000000000e+00 1.963495408493620871e-03
2.277997697836991620e+02 6.593226665117145335e-02 -7.997338337652805124e-04 0.000000000000000000e+00 1.963495408493620871e-03
2.280046470352265828e+02 6.793407099866552445e-02 5.729353082835474554e-04 0.000000000000000000e+00 1.963495408493620871e-03
2.281795087461247533e+02 7.072155992138988434e-02 -8.269160235412280173e-04 0.000000000000000000e+00 1.963495408493620871e-03
2.283483760468810146e+02 7.323610310525335843e-02 6.157002674877072807e-04 0.000000000000000000e+00 1.963495408493620871e-03
2.284979551307875170e+02 7.408256426241538461e-02 -8.221554236390881971e-04 0.000000000000000000e+00 1.963495408493620871e-03
2.286643196053526310e+02 7.310219521496615080e-02 6.411740629601622547e-04 0.000000000000000000e+00 1.963495408493620871e-03
2.288668110363346955e+02 7.177760421048817729e-02 -7.863125971291645309e-04 0.000000000000000000e+00 1.963495408493620871e-03
2.291040883147913974e+02 7.103423484469338633e-02 6.542006101708419848e-04 0.000000000000000000e+00 1.963495408493620871e-03
2.292925510188952387e+02 7.081751195964786083e-02 -8.128555792239318617e-04 0.000000000000000000e+00 1.963495408493620871e-03
2.295011097009203809e+02 6.937115332379413524e-02 6.923415185686601983e-04 0.000000000000000000e+00 1.963495408493620871e-03
2.297192148711893935e+02 6.470273307257837225e-02 -8.605787695941259207e-04 0.000000000000000000e+00 1.963495408493620871e-03
2.299350546016557075e+02 5.881406959354458508e-02 7.069214331051293463e-04 0.000000000000000000e+00 1.963495408493620871e-03
2.301540410360856868e+02 5.584382291310142910e-02 -8.441298349678963593e-04 0.000000000000000000e+00 1.963495408493620871e-03
2.303341952284799561e+02 5.397338303018400785e-02 6.664333713467518721e-04 0.000000000000000000e+00 1.963495408493620871e-03
2.305481237161816921e+02 5.153967614788379503e-02 -8.442805711876556459e-04 0.000000000000000000e+00 1.963495408493620871e-03
2.307674049773203819e+02 4.850665981565445428e-02 7.127770951696687455e-04 0.000000000000000000e+00 1.963495408493620871e-03
2.309669257006665646e+02 4.877083237159621915e-02 -8.887597133311448371e-04 0.000000000000000000e+00 1.963495408493620871e-03
2.311404443178204815e+02 5.186686856669367462e-02 7.495470056827721085e-04 0.000000000000000000e+00 1.963495408493620871e-03
2.312774898183193102e+02 5.487022456088452849e-02 -9.167148993738953502e-04 0.000000000000000000e+00 1.963495408493620871e-03
2.313430847857998458e+02 5.344717786915278296e-02 7.795183276161042618e-04 0.000000000000000000e+00 1.963495408493620871e-03
2.314221027552370060e+02 5.075850169584456006e-02 -9.204664322143827661e-04 0.000000000000000000e+00 1.963495408493620871e-03
2.315185003466735054e+02 4.590270767725690426e-02 7.854865202534288323e-04 0.000000000000000000e+00 1.963495408493620871e-03
2.318438179782617112e+02 3.630182067353033420e-02 -8.699425299859954788e-04 0.000000000000000000e+00 1.963495408493620871e-03
2.323284053131955034e+02 4.361407113275654612e-02 7.482851268985634980e-04 0.000000000000000000e+00 1.963495408493620871e-03
2.321067742392129105e+02 3.798100205709274008e-02 -8.541560654521040356e-04 0.000000000000000000e+00 1.963495408493620871e-03
2.323036699209977201e+02 4.061391639809117104e-02 7.626005780025594399e-04 0.000000000000000000e+00 1.963495408493620871e-03
2.327366110247482140e+02 3.011182748167253939e-02 -9.060287051735034861e-04 0.000000000000000000e+00 1.963495408493620871e-03
2.329359859781814919e+02 1.551158536573141351e-02 7.722158606813375389e-04 0.000000000000000000e+00 1.963495408493620871e-03
2.335348789771088036e+02 1.967091371423495064e-02 -9.079144007306881158e-04 0.000000000000000000e+00 1.963495408493620871e-03
2.333952947444364554e+02 1.515572739915833911e-02 7.771329575006428320e-04 0.000000000000000000e+00 1.963495408493620871e-03
2.333031084425863639e+02 1.185255884802037876e-02 -1.012395837943459980e-03 0.000000000000000000e+00 1.963495408493620871e-03
2.338697860700950741e+02 1.799931653974910090e-02 8.731352797162856508e-04 0.000000000000000000e+00 1.963495408493620871e-03
2.342073519676971216e+02 1.762585778261102631e-02 -1.084044105772066172e-03 0.000000000000000000e+00 1.963495408493620871e-03
2.343646038664323612e+02 2.312033259291112336e-02 8.866073282309677728e-04 0.000000000000000000e+00 1.963495408493620871e-03
2.344915718962827782e+02 2.662428971509523193e-02 -1.077611153723676603e-03 0.000000000000000000e+00 1.963495408493620871e-03
2.342718747373708936e+02 3.768755065760246142e-03 8.830781406405959887e-04 0.000000000000000000e+00 1.963495408493620871e-03
2.344568939895981998e+02 -1.932893991059225769e-03 -1.056233540673524353e-03 0.000000000000000000e+00 1.963495408493620871e-03
2.352442405254661253e+02 -1.155050863954662846e-02 8.942777885660281936e-04 0.000000000000000000e+00 1.963495408493620871e-03
2.349788305204448591e+02 -1.536510246510269101e-02 -9.639793607011172029e-04 0.000000000000000000e+00 1.963495408493620871e-03
2.351992861175652365e+02 -1.299558923332767846e-02 7.900833839927863707e-04 0.000000000000000000e+00 1.963495408493620871e-03
2.341518560714539774e+02 -2.109788194543824047e-02 -8.539895881303741394e-04 0.000000000000000000e+00 1.963495408493620871e-03
2.365793832980683931e+02 -5.145100939450756444e-03 7.660828846140490742e-04 0.000000000000000000e+00 1.963495408493620871e-03
2.367836813356279322e+02 -6.958774392841144199e-04 -8.731850926092367491e-04 0.000000000000000000e+00 1.963495408493620871e-03
2.356186311515091063e+02 -8.974951661625610311e-03 7.976140667060856258e-04 0.000000000000000000e+00 1.963495408493620871e-03
2.358343320324103729e+02 -9.415872782860948420e-03 -9.432659839651461129e-04 0.000000000000000000e+00 1.963495408493620871e-03
2.376976821358052234e+02 1.546062311592153599e-02 9.638906217974449291e-04 0.000000000000000000e+00 1.963495408493620871e-03
2.362019116064341517e+02 -1.772747991450979860e-02 -1.168352665129056538e-03 0.000000000000000000e+00 1.963495408493620871e-03
2.372595609442016666e+02 -6.492180006157869526e-04 1.172409280916433035e-03 0.000000000000000000e+00 1.963495408493620871e-03
2.388085077536598817e+02 1.854186454950338542e-02 -1.278880544080642119e-03 0.000000000000000000e+00 1.963495408493620871e-03
2.380528946539224933e+02 1.255696603503482500e-02 1.208681370829385506e-03 0.000000000000000000e+00 1.963495408493620871e-03
2.362022215974739652e+02 -1.913964811350470085e-02 -1.268172752795116744e-03 0.000000000000000000e+00 1.963495408493620871e-03
2.383488485500818683e+02 1.682243991340718822e-02 1.052138219599634689e-03 0.000000000000000000e+00 1.963495408493620871e-03
2.392966088304184211e+02 -5.927197713562645104e-03 -1.058206224814050526e-03 0.000000000000000000e+00 1.963495408493620871e-03
2.403003222068206242e+02 -5.343749668308321946e-04 1.083511723670150823e-03 0.000000000000000000e+00 1.963495408493620871e-03
2.398119946053035108e+02 7.198181198758771271e-04 -9.409760505124050746e-04 0.000000000000000000e+00 1.963495408493620871e-03
2.417619365410628518e+02 -1.945990558329313558e-02 9.359977109943936127e-04 0.000000000000000000e+00 1.963495408493620871e-03
2.431988864247323363e+02 -4.897211025587050459e-02 -5.965308302128346325e-04 0.000000000000000000e+00 1.963495408493620871e-03
2.435122176530183253e+02 -6.307946291205580869e-02 8.951560896307958742e-04 0.000000000000000000e+00 1.963495408493620871e-03
2.420725952229230984e+02 -4.084904295549435238e-02 -6.565306113567204605e-04 0.000000000000000000e+00 1.963495408493620871e-03
2.429361735447829460e+02 -4.940018098918792788e-02 9.342486977977810820e-04 0.000000000000000000e+00 1.963495408493620871e-03
2.390491548929631165e+02 -1.006384125885122910e-02 -8.226984077424302766e-04 0.000000000000000000e+00 1.963495408493620871e-03
2.412431716940989190e+02 -2.339569084218822564e-02 1.178280871923562730e-03 0.000000000000000000e+00 1.963495408493620871e-03
2.406105641155412798e+02 -3.564342922659018142e-02 -1.273995096368386350e-03 0.000000000000000000e+00 1.963495408493620871e-03
2.407853408569510236e+02 -3.602349904706907135e-02 1.502247721261582751e-03 0.000000000000000000e+00 1.963495408493620871e-03
2.424946148801599293e+02 -7.332241733657178517e-02 -1.381860509184721676e-03 0.000000000000000000e+00 1.963495408493620871e-03
2.433649958738325552e+02 -4.750441382558871772e-02 1.675167799869407012e-03 0.000000000000000000e+00 1.963495408493620871e-03
2.447360872529193898e+02 -5.976468108706427251e-02 -1.368892902804659615e-03 0.000000000000000000e+00 1.963495408493620871e-03
2.478115540374142256e+02 -8.306414231626278732e-02 1.506627271461981332e-03 0.000000000000000000e+00 1.963495408493620871e-03
2.466094076999252991e+02 -6.163769943513219829e-02 -9.700096451620259918e-04 0.000000000000000000e+00 1.963495408493620871e-03
2.439801405890790136e+02 -6.074195555433800631e-02 1.205549101567649677e-03 0.000000000000000000e+00 1.963495408493620871e-03
2.429576698417359921e+02 -7.086313706426020098e-02 -1.000476274757593339e-03 0.000000000000000000e+00 1.963495408493620871e-03
2.444361311501590137e+02 -5.684485274920744735e-02 1.149300322502650688e-03 0.000000000000000000e+00 1.963495408493620871e-03
2.470304390875185163e+02 -1.072898934597331377e-01 -5.051196889130268311e-04 0.000000000000000000e+00 1.963495408493620871e-03
2.541538473985178825e+02 -1.248874926631405279e-02 1.186646738525871719e-03 0.000000000000000000e+00 1.963495408493620871e-03
2.473426411691260967e+02 -1.161606086659884296e-01 -4.894259981795860085e-04 0.000000000000000000e+00 1.963495408493620871e-03
2.430797487689961258e+02 -9.507826716282460899e-02 8.349198362812327873e-04 0.000000000000000000e+00 1.963495408493620871e-03
2.393238087747248528e+02 -4.127798111766865785e-02 -6.266382617298100251e-04 0.000000000000000000e+00 1.963495408493620871e-03
2.450240912064932388e+02 -7.640019969560610247e-02 1.128189163771457695e-03 0.000000000000000000e+00 1.963495408493620871e-03
2.476990295123006263e+02 -1.086267442659028942e-01 -1.086485919092397339e-03 0.000000000000000000e+00 1.963495408493620871e-03
2.452527877167373447e+02 -8.600183669945378473e-02 1.366165050047868541e-03 0.000000000000000000e+00 1.963495408493620871e-03
2.491780700431781952e+02 -5.625481146890679018e-02 -1.190140809415335659e-03 0.000000000000000000e+00 1.963495408493620871e-03
2.487688418461318065e+02 -7.527771236099273233e-02 1.801845052680273607e-03 0.000000000000000000e+00 1.963495408493620871e-03
2.502760003927929517e+02 -2.087075711685561219e-02 -8.692936812000951786e-04 0.000000000000000000e+00 1.963495408493620871e-03
2.565177288693335527e+02 -5.938656484919783290e-02 2.171845382681043043e-03 0.000000000000000000e+00 1.963495408493620871e-03
2.496513459401628836e+02 -5.375140212852944077e-02 -1.231170262205870045e-03 0.000000000000000000e+00 1.963495408493620871e-03
2.450762669489990628e+02 -1.051131869031355359e-01 1.177917691538129608e-03 0.000000000000000000e+00 1.963495408493620871e-03
2.467679335647276275e+02 -7.338810848563270817e-02 -1.081235643990264162e-03 0.000000000000000000e+00 1.963495408493620871e-03
2.368427692134393112e+02 -4.668024969821188419e-02 9.799035712059630220e-04 0.000000000000000000e+00 1.963495408493620871e-03
2.460660444205053636e+02 -6.946602347348075635e-02 -6.113380860300877918e-04 0.000000000000000000e+00 1.963495408493620871e-03
2.457626484428774916e+02 -1.025707340077774143e-01 1.059231552704344636e-03 0.000000000000000000e+00 1.963495408493620871e-03
2.513990615168737293e+02 -7.061547602170487048e-02 8.531048388828209924e-05 0.000000000000000000e+00 1.963495408493620871e-03
2.408527384758906749e+02 -1.982688739714382475e-01 7.935188587549271960e-04 0.000000000000000000e+00 1.963495408493620871e-03
2.578842306626057734e+02 -9.274525967515961922e-02 -1.894814162407141753e-04 0.000000000000000000e+00 1.963495408493620871e-03
2.519095280547336131e+02 -8.253181095939252088e-02 1.292944430567889800e-03 0.000000000000000000e+00 1.963495408493620871e-03
2.494184953658356108e+02 -7.218754159979767770e-02 -6.960188205882986623e-04 0.000000000000000000e+00 1.963495408493620871e-03
2.570919811856350066e+02 -8.149817989052296485e-02 1.880826064802101124e-03 0.000000000000000000e+00 1.963495408493620871e-03
2.509694872988451095e+02 -3.839755635075046969e-02 -5.581278882586563576e-04 0.000000000000000000e+00 1.963495408493620871e-03
2.481038903082937850e+02 -9.922817089763849574e-02 1.126527325350620357e-03 0.000000000000000000e+00 1.963495408493620871e-03
2.545033371539795723e+02 4.716101513610274423e-03 -5.090584966820526410e-04 0.000000000000000000e+00 1.963495408493620871e-03
2.520105649631698554e+02 -4.612257511830089585e-02 1.215827008620429944e-03 0.000000000000000000e+00 1.963495408493620871e-03
2.626710100034056268e+02 -4.138460488331510700e-02 -9.125815417162783712e-04 0.000000000000000000e+00 1.963495408493620871e-03
2.503096933006641223e+02 -6.333297597980663829e-02 1.618535386175210455e-03 0.000000000000000000e+00 1.963495408493620871e-03
2.499295148764654755e+02 -6.380322299022732346e-02 -6.785832303929027450e-04 0.000000000000000000e+00 1.963495408493620871e-03
2.483567413033305229e+02 -9.541109403659725485e-02 9.550835301780969712e-04 0.000000000000000000e+00 1.963495408493620871e-03
2.550080784857438232e+02 -4.024432442576529774e-03 -6.654707693459981869e-04 0.000000000000000000e+00 1.963495408493620871e-03
2.565842608994410057e+02 -1.398010122860891546e-01 1.458468176126365753e-03 0.000000000000000000e+00 1.963495408493620871e-03
2.531487701513896980e+02 -7.685344381175607253e-02 1.719302918160261118e-04 0.000000000000000000e+00 1.963495408493620871e-03
2.612739520018201347e+02 -7.655262244515508019e-02 6.934862844010013325e-04 0.000000000000000000e+00 1.963495408493620871e-03
2.687967309125324391e+02 4.373121709436350590e-02 2.294137408483682555e-04 0.000000000000000000e+00 1.963495408493620871e-03
2.584353858826177088e+02 -8.788854397576995048e-02 9.531590025043958601e-04 0.000000000000000000e+00 1.963495408493620871e-03
2.550564815292832463e+02 -6.800422486867278848e-02 -6.673869412808453245e-04 0.000000000000000000e+00 1.963495408493620871e-03
2.584585310501415165e+02 -8.213598379593690935e-02 1.300168407214265113e-03 0.000000000000000000e+00 1.963495408493620871e-03
2.582445878447832115e+02 -8.782015539718032726e-02 -3.477048945227029296e-04 0.000000000000000000e+00 1.963495408493620871e-03
2.434626901726100812e+02 -1.071211989493816019e-01 8.795783135601908335e-04 0.000000000000000000e+00 1.963495408493620871e-03
2.377120078303240689e+02 -3.526968327303160733e-02 -9.427890773843930310e-04 0.000000000000000000e+00 1.963495408493620871e-03
2.410679528513573757e+02 -8.526285555278947936e-02 4.084675003337665553e-05 0.000000000000000000e+00 1.963495408493620871e-03
2.586308284192911060e+02 -6.394200488771101254e-02 2.596381466243559096e-04 0.000000000000000000e+00 1.963495408493620871e-03
2.571021861450509505e+02 -1.044887011350757872e-01 1.349140506830121900e-03 0.000000000000000000e+00 1.963495408493620871e-03
2.607635487189187984e+02 -3.316611801506425157e-03 -4.202067065892281083e-04 0.000000000000000000e+00 1.963495408493620871e-03
2.587505213453313218e+02 -6.362046432131727991e-02 1.387519691103253437e-03 0.000000000000000000e+00 1.963495408493620871e-03
2.597243287052925211e+02 -6.907373279749132178e-02 -1.385190068587450075e-03 0.000000000000000000e+00 1.963495408493620871e-03
2.626201060742980076e+02 -9.607468356144216459e-02 2.055781187777720904e-03 0.000000000000000000e+00 1.963495408493620871e-03
2.637347426371819665e+02 -6.274648980582162028e-02 -7.045326464570898003e-04 0.000000000000000000e+00 1.963495408493620871e-03
2.666870801513619540e+02 3.713301893571631374e-02 8.572286160685638114e-04 0.000000000000000000e+00 1.963495408493620871e-03
2.772500379965566708e+02 2.114043703428122312e-01 4.342404877827105072e-04 0.000000000000000000e+00 1.963495408493620871e-03
2.641844375919128538e+02 -4.213638640994483986e-02 1.043505589754925578e-03 0.000000000000000000e+00 1.963495408493620871e-03
2.634820854009166169e+02 -5.270364451578650467e-02 -8.938407876322670455e-05 0.000000000000000000e+00 1.963495408493620871e-03
2.593490393438501656e+02 -6.039586982410348470e-02 1.076702142348544755e-03 0.000000000000000000e+00 1.963495408493620871e-03
2.562777488390703411e+02 -1.582867710812670414e-01 3.545176769328950948e-04 0.000000000000000000e+00 1.963495408493620871e-03
2.487853260652499046e+02 -1.064979326116760050e-01 9.247582453311886577e-04 0.000000000000000000e+00 1.963495408493620871e-03
2.513910771453949451e+02 -3.942790161553866302e-02 -1.518919656945876256e-03 0.000000000000000000e+00 1.963495408493620871e-03
2.372803981198497638e+02 -5.775606956723601526e-02 -3.572954040058584852e-04 0.000000000000000000e+00 1.963495408493620871e-03
2.395887164660686039e+02 -8.007659617008552888e-02 -4.613823023741944578e-05 0.000000000000000000e+00 1.963495408493620871e-03
2.522100432430708565e+02 -7.253658289711829854e-02 -1.389434412138666449e-03 0.000000000000000000e+00 1.963495408493620871e-03
2.526547490099771096e+02 -1.589487544149706111e-01 2.491244346797393417e-04 0.000000000000000000e+00 1.963495408493620871e-03
2.601865243508241861e+02 -2.960451442135516448e-02 1.249332465937308184e-03 0.000000000000000000e+00 1.963495408493620871e-03
2.592305895831452744e+02 -1.073990811855657368e-01 -1.385168189051935120e-03 0.000000000000000000e+00 1.963495408493620871e-03
2.709408945759798826e+02 1.061922878260571079e-01 1.629455486908702082e-03 0.000000000000000000e+00 1.963495408493620871e-03
2.730521786406749811e+02 1.598066268334285556e-01 -6.325606613612658842e-04 0.000000000000000000e+00 1.963495408493620871e-03
2.728247418502552932e+02 1.162237491394261524e-01 9.167680185943759188e-04 0.000000000000000000e+00 1.963495408493620871e-03
2.740249494674028483e+02 6.727679973675124159e-02 -2.484922152300373909e-05 0.000000000000000000e+00 1.963495408493620871e-03
2.597973611192604153e+02 -7.779716724918506188e-02 4.866414043030048171e-04 0.000000000000000000e+00 1.963495408493620871e-03
2.607555589097652842e+02 -1.221741242649588277e-01 -3.903283434596061408e-04 0.000000000000000000e+00 1.963495408493620871e-03
2.631431167297504317e+02 -9.121646474552592976e-02 8.235893240773242262e-04 0.000000000000000000e+00 1.963495408493620871e-03
2.618773543796613694e+02 -6.094584931347976631e-02 2.460904166478436374e-04 0.000000000000000000e+00 1.963495408493620871e-03
2.542639395280290842e+02 -1.027285128951315740e-01 9.993543626511428805e-04 0.000000000000000000e+00 1.963495408493620871e-03
2.436367934728363593e+02 -1.244562891608761157e-01 -8.716063318376780257e-04 0.000000000000000000e+00 1.963495408493620871e-03
2.385018899419106333e+02 -1.337507096958105990e-01 -2.752971589124257948e-03 0.000000000000000000e+00 1.963495408493620871e-03
2.370779487870300386e+02 -7.500841709758426790e-02 4.019731478626263968e-03 0.000000000000000000e+00 1.963495408493620871e-03
2.452045542617649403e+02 -1.942401756733552198e-01 -4.079764145550394266e-03 0.000000000000000000e+00 1.963495408493620871e-03
2.589758617519130439e+02 -1.234560513472235110e-01 2.006066464129078845e-03 0.000000000000000000e+00 1.963495408493620871e-03
2.610800104587140709e+02 -8.907563502330118066e-02 -4.767689098104825130e-04 0.000000000000000000e+00 1.963495408493620871e-03
2.650392144264482681e+02 -1.648024707361298372e-02 -6.568488204561320938e-04 0.000000000000000000e+00 1.963495408493620871e-03
2.694957112966001773e+02 6.491408691800856778e-02 6.108487934015112550e-04 0.000000000000000000e+00 1.963495408493620871e-03
2.742590838350059244e+02 7.481311372505258794e-02 -3.308883921219140344e-04 0.000000000000000000e+00 1.963495408493620871e-03
2.722621405679778945e+02 7.782433005183930774e-02 7.134189041696106619e-04 0.000000000000000000e+00 1.963495408493620871e-03
2.708860604178873928e+02 2.353482886968746163e-02 -1.072075348345874739e-03 0.000000000000000000e+00 1.963495408493620871e-03
2.707538322551677652e+02 5.352781627778568918e-02 6.894717668499471350e-04 0.000000000000000000e+00 1.963495408493620871e-03
2.684801946777286616e+02 -5.856627135009923046e-03 -1.251133657982833342e-03 0.000000000000000000e+00 1.963495408493620871e-03
2.658035422571320510e+02 4.609283225968735520e-02 1.360967387661135434e-03 0.000000000000000000e+00 1.963495408493620871e-03
2.522044033164808923e+02 -1.991375235746172256e-01 -1.402046390066178684e-03 0.000000000000000000e+00 1.963495408493620871e-03
2.518492252244739120e+02 -1.067743859529564909e-01 2.429062107263443848e-03 0.000000000000000000e+00 1.963495408493620871e-03
2.538070939073077739e+02 -5.794259672222579205e-02 4.264636300571267779e-04 0.000000000000000000e+00 1.963495408493620871e-03
2.410698483477343075e+02 -2.129957839270195108e-01 -3.323850201529776963e-03 0.000000000000000000e+00 1.963495408493620871e-03
2.390183028997738290e+02 -1.258686556530266287e-01 6.824155977058274716e-03 0.000000000000000000e+00 1.963495408493620871e-03
2.555560315092922394e+02 -1.077110983723783251e-03 -5.019890904873021073e-03 0.000000000000000000e+00 1.963495408493620871e-03
2.656240947881686907e+02 3.282729318758846604e-02 3.616750911644026067e-03 0.000000000000000000e+00 1.963495408493620871e-03
2.669764336983462272e+02 1.351863206056298089e-02 -1.604910211505421441e-03 0.000000000000000000e+00 1.963495408493620871e-03
2.651697490244358733e+02 -2.201512013785195121e-02 -4.565108453638081756e-04 0.000000000000000000e+00 1.963495408493620871e-03
2.656496003204508156e+02 -1.285027300891235791e-01 9.157436844324437757e-04 0.000000000000000000e+00 1.963495408493620871e-03
2.788796299369707299e+02 1.179084170696659828e-01 -9.858523906757086684e-05 0.000000000000000000e+00 1.963495408493620871e-03
2.748528497300297886e+02 9.656540823811587959e-02 2.216376422208414000e-04 0.000000000000000000e+00 1.963495408493620871e-03
2.759405146416919479e+02 1.323528532113628087e-01 -1.721455067274715520e-03 0.000000000000000000e+00 1.963495408493620871e-03
2.674562770012639135e+02 -7.179513472833698451e-02 5.016820008847016395e-04 0.000000000000000000e+00 1.963495408493620871e-03
2.665985086535741289e+02 -5.991674284387727561e-02 -3.043176300146384176e-03 0.000000000000000000e+00 1.963495408493620871e-03
2.640986245197207722e+02 -6.421404317083471980e-02 1.096086904612507537e-03 0.000000000000000000e+00 1.963495408493620871e-03
2.505851230915514805e+02 -1.711893119345411773e-01 -2.929342891320253859e-03 0.000000000000000000e+00 1.963495408493620871e-03
2.476112448751252941e+02 -1.974134160832570761e-01 2.186056115685223143e-03 0.000000000000000000e+00 1.963495408493620871e-03
2.469363494173372544e+02 -2.246591676577540386e-01 -3.362281206431006787e-03 0.000000000000000000e+00 1.963495408493620871e-03
2.429418944183917120e+02 -1.859222554323952670e-01 1.747926191263519686e-03 0.000000000000000000e+00 1.963495408493620871e-03
2.544063212390036028e+02 -4.019289920007645955e-02 1.866678033772687425e-03 0.000000000000000000e+00 1.963495408493620871e-03
2.566020477287088966e+02 -1.839485976066215778e-01 -2.860063449350656005e-03 0.000000000000000000e+00 1.963495408493620871e-03
2.657846426494169805e+02 -1.403532559771813321e-02 4.463937575203635010e-03 0.000000000000000000e+00 1.963495408493620871e-03
2.688626947447452267e+02 1.919906599169947381e-02 -4.485374732578854655e-03 0.000000000000000000e+00 1.963495408493620871e-03
2.683351952945575931e+02 -4.825252740589742323e-02 7.807056891555327980e-04 0.000000000000000000e+00 1.963495408493620871e-03
2.797065571522765026e+02 9.808607909124517077e-02 1.380228012685203853e-03 0.000000000000000000e+00 1.963495408493620871e-03
2.808816131021873730e+02 4.275706003742565930e-02 5.543437743737219398e-04 0.000000000000000000e+00 1.963495408493620871e-03
2.643211143937048746e+02 -1.823217899918060936e-01 -5.585020385216600373e-04 0.000000000000000000e+00 1.963495408493620871e-03
2.729169056019981099e+02 -1.462953300826198497e-02 -1.943916528790822287e-03 0.000000000000000000e+00 1.963495408493620871e-03
2.737689408881665258e+02 1.320021509029941642e-01 9.454083678521018729e-04 0.000000000000000000e+00 1.963495408493620871e-03
2.640688334638280139e+02 -1.002903890423925692e-01 -3.518493775084026616e-03 0.000000000000000000e+00 1.963495408493620871e-03
2.631906723594627806e+02 -1.121687157132930379e-01 -1.893968171327207409e-04 0.000000000000000000e+00 1.963495408493620871e-03
2.615438616996065662e+02 -1.272541994095127138e-01 -3.120113714004751036e-03 0.000000000000000000e+00 1.963495408493620871e-03
2.678096630610083366e+02 2.704562938192612773e-03 8.910783099373971537e-04 0.000000000000000000e+00 1.963495408493620871e-03
2.486867617645810640e+02 -1.625956871403905213e-01 -5.129349678324848609e-03 0.000000000000000000e+00 1.963495408493620871e-03
2.453660829452780945e+02 -1.917735316415035141e-01 4.491211816299282671e-03 0.000000000000000000e+00 1.963495408493620871e-03
2.543419390827394864e+02 -1.337275929243765815e-01 -2.821331207213448929e-03 0.000000000000000000e+00 1.963495408493620871e-03
2.655561927918587912e+02 -7.125383967300114030e-02 -2.794721273201905879e-04 0.000000000000000000e+00 1.963495408493620871e-03
2.658493174236126038e+02 -1.242671478751847802e-01 4.279799702990132182e-03 0.000000000000000000e+00 1.963495408493620871e-03
2.768511996247335674e+02 5.784878787368404052e-02 -6.699464916682922738e-03 0.000000000000000000e+00 1.963495408493620871e-03
2.808435732773252766e+02 -1.596669173590087309e-01 5.311925147504422415e-04 0.000000000000000000e+00 1.963495408493620871e-03
2.687422808000295049e+02 -5.453306398639533314e-02 -9.632602111100112979e-05 0.000000000000000000e+00 1.963495408493620871e-03
2.715204762319588667e+02 -2.880937816027897246e-03 7.585882493358080039e-04 0.000000000000000000e+00 1.963495408493620871e-03
2.761379700946508251e+02 4.026087892349648756e-02 1.128123428207953959e-04 0.000000000000000000e+00 1.963495408493620871e-03
2.772233431227860478e+02 1.096263714760225549e-01 -1.737815633435487415e-03 0.000000000000000000e+00 1.963495408493620871e-03
2.788995988366509664e+02 1.703377839096399393e-01 1.762422981245031009e-03 0.000000000000000000e+00 1.963495408493620871e-03
2.645313382940860265e+02 -8.614970321931596231e-02 -1.680154810580547671e-03 0.000000000000000000e+00 1.963495408493620871e-03
2.614305692025880603e+02 -1.842521611942981308e-01 1.723457119389799007e-04 0.000000000000000000e+00 1.963495408493620871e-03
2.599464229426930046e+02 -1.468395265548000928e-01 8.288068828116881923e-04 0.000000000000000000e+00 1.963495408493620871e-03
2.492956214116724141e+02 -1.822023020130646709e-01 -3.080448269744332727e-03 0.000000000000000000e+00 1.963495408493620871e-03
2.532319839596365796e+02 -1.803204457431073493e-01 -2.144178415916502684e-03 0.000000000000000000e+00 1.963495408493620871e-03
2.545128842073647775e+02 -1.599168599079127673e-01 -4.832467555537116322e-03 0.000000000000000000e+00 1.963495408493620871e-03
2.574967857936475184e+02 -2.034115548698669229e-01 -2.287314692191090397e-03 0.000000000000000000e+00 1.963495408493620871e-03
2.767580079301299634e+02 5.213724470917313614e-02 7.230222472876029691e-04 0.000000000000000000e+00 1.963495408493620871e-03
2.732455589834733587e+02 4.130632972638197814e-03 1.826810461903515329e-03 0.000000000000000000e+00 1.963495408493620871e-03
2.776045997583182725e+02 5.533706458241176296e-02 -6.350652341971586498e-03 0.000000000000000000e+00 1.963495408493620871e-03
2.774216937484529808e+02 5.824292516809134734e-02 5.220431080070029071e-05 0.000000000000000000e+00 1.963495408493620871e-03
2.785336353284259872e+02 3.788482293358072517e-02 -4.224258619464711022e-04 0.000000000000000000e+00 1.963495408493620871e-03
2.734226737285412696e+02 1.038619019967698676e-02 1.741333229493879486e-03 0.000000000000000000e+00 1.963495408493620871e-03
2.748484741281103538e+02 8.231423921806835242e-02 -4.061873720317277637e-04 0.000000000000000000e+00 1.963495408493620871e-03
2.713867598268759025e+02 2.517257939806779449e-02 -2.227436579204578136e-03 0.000000000000000000e+00 1.963495408493620871e-03
2.772374215670588455e+02 1.317407865643693554e-01 1.726046176680638179e-03 0.000000000000000000e+00 1.963495408493620871e-03
2.621889208677882834e+02 -1.767250529241040091e-01 -1.432036870027213714e-03 0.000000000000000000e+00 1.963495408493620871e-03
2.526575243743326382e+02 -2.325844459572050660e-01 -1.326252659165042197e-03 0.000000000000000000e+00 1.963495408493620871e-03
2.587240986523630113e+02 -1.998419499564054180e-01 2.335285172657768169e-03 0.000000000000000000e+00 1.963495408493620871e-03
2.671800120091791655e+02 -5.700097053359828858e-02 -2.781094930309326117e-03 0.000000000000000000e+00 1.963495408493620871e-03
2.674229970240106127e+02 -7.852046614279969972e-02 7.925976754284923525e-04 0.000000000000000000e+00 1.963495408493620871e-03
2.723190013357168482e+02 6.917124081183276263e-02 -4.466951992534931234e-03 0.000000000000000000e+00 1.963495408493620871e-03
2.724691097401789648e+02 6.595298600414795098e-02 -5.078083205411585040e-03 0.000000000000000000e+00 1.963495408493620871e-03
2.638642763011051215e+02 -1.335365202643061799e-01 1.311501148273096998e-03 0.000000000000000000e+00 1.963495408493620871e-03
2.590686626484788917e+02 -2.109103372121631792e-01 8.853191533706502442e-04 0.000000000000000000e+00 1.963495408493620871e-03
2.802449126830111936e+02 9.851279938374575551e-02 -4.771039086720483581e-03 0.000000000000000000e+00 1.963495408493620871e-03
2.787750541887128293e+02 4.232948397104129012e-02 -1.032751745182989688e-03 0.000000000000000000e+00 1.963495408493620871e-03
2.944807290379900451e+02 1.562732427761628351e-01 -1.093497785483785135e-03 0.000000000000000000e+00 1.963495408493620871e-03
2.844582427621595571e+02 -1.011615610430790513e-01 1.952263413293874039e-03 0.000000000000000000e+00 1.963495408493620871e-03
2.694206035164609716e+02 -1.192440578654362961e-02 -1.302820653844086402e-03 0.000000000000000000e+00 1.963495408493620871e-03
2.652779007511088025e+02 -1.824410275454670938e-01 -1.806996206043957887e-03 0.000000000000000000e+00 1.963495408493620871e-03
2.686161645364926471e+02 -3.861403349128481044e-02 2.389254018855962742e-03 0.000000000000000000e+00 1.963495408493620871e-03
2.687229265329203827e+02 -6.078211688524504108e-02 -2.177984932094691357e-03 0.000000000000000000e+00 1.963495408493620871e-03
2.696151116154724718e+02 -3.287670346614687822e-02 -2.674302052628412842e-03 0.000000000000000000e+00 1.963495408493620871e-03
2.751980565866866186e+02 8.696179260711583980e-02 1.571017214052855375e-03 0.000000000000000000e+00 1.963495408493620871e-03
2.704586937826473445e+02 -4.763925811242256114e-02 -4.011746979650563207e-04 0.000000000000000000e+00 1.963495408493620871e-03
2.715332416111190810e+02 -2.046054444432296796e-02 -4.821351347166146720e-04 0.000000000000000000e+00 1.963495408493620871e-03
2.730634373101127039e+02 -2.033929245669853156e-02 -2.791002307417130707e-04 0.000000000000000000e+00 1.963495408493620871e-03
2.756121462943361848e+02 2.702969609584620486e-02 -6.275263609670946431e-04 0.000000000000000000e+00 1.963495408493620871e-03
2.796266328551633364e+02 7.725561564601976516e-02 5.066354024281610052e-03 0.000000000000000000e+00 1.963495408493620871e-03
2.750238795800585763e+02 7.877820147509681514e-02 4.411350758677714048e-03 0.000000000000000000e+00 1.963495408493620871e-03
2.802811174283505693e+02 1.396554340119236515e-01 -4.186707465113493308e-03 0.000000000000000000e+00 1.963495408493620871e-03
2.779709801232873474e+02 4.334829703024707659e-02 -8.096815250964172232e-04 0.000000000000000000e+00 1.963495408493620871e-03
2.803233245746340572e+02 1.285955422860833031e-01 -1.835898268331939871e-03 0.000000000000000000e+00 1.963495408493620871e-03
2.819470646230463444e+02 2.023356427158289339e-01 2.730049143602976316e-03 0.000000000000000000e+00 1.963495408493620871e-03
2.812564620804803894e+02 1.342182160482142117e-01 -2.626275131475539620e-03 0.000000000000000000e+00 1.963495408493620871e-03
2.792254730233666464e+02 3.004807551530441767e-02 5.597693824792441316e-04 0.000000000000000000e+00 1.963495408493620871e-03
2.792449490842092246e+02 1.998363623535197309e-02 1.638507901174545995e-03 0.000000000000000000e+00 1.963495408493620871e-03
2.789755803078394365e+02 -2.299166016623555020e-02 -2.348316939001978635e-03 0.000000000000000000e+00 1.963495408493620871e-03
2.784463303846623603e+02 1.419321362569817696e-02 1.733808316261333405e-03 0.000000000000000000e+00 1.963495408493620871e-03
2.796036947923151956e+02 5.130806326822670571e-02 -3.551516433846530103e-03 0.000000000000000000e+00 1.963495408493620871e-03
2.809832269875218458e+02 1.741259763858868936e-01 2.006741607096506567e-03 0.000000000000000000e+00 1.963495408493620871e-03
2.808428869588161660e+02 1.368508371491529707e-01 -3.372525557464889703e-03 0.000000000000000000e+00 1.963495408493620871e-03
2.802371089802919641e+02 7.039144676154154845e-02 2.448720946771316877e-03 0.000000000000000000e+00 1.963495408493620871e-03
2.791618528006114275e+02 -6.096829453730894660e-02 1.170465735736498942e-03 0.000000000000000000e+00 1.963495408493620871e-03
2.827747527572663557e+02 -1.798613052095038856e-01 2.044126051694496616e-03 0.000000000000000000e+00 1.963495408493620871e-03
2.794146452893400010e+02 -4.357590257711774218e-02 1.494262820101558819e-03 0.000000000000000000e+00 1.963495408493620871e-03
2.796496534067358084e+02 -6.512496258509234415e-02 -1.400387064642437569e-03 0.000000000000000000e+00 1.963495408493620871e-03
2.796204898175680569e+02 -4.879078648011269119e-04 9.269370214251347433e-04 0.000000000000000000e+00 1.963495408493620871e-03
2.781732907276600599e+02 -8.698526045410434615e-02 -6.638951105457519810e-04 0.000000000000000000e+00 1.963495408493620871e-03
2.733372740005214609e+02 -4.402059620486541841e-02 -5.414561957650835476e-05 0.000000000000000000e+00 1.963495408493620871e-03
2.737289391804495722e+02 -1.660760732866723988e-01 2.544647294393960740e-03 0.000000000000000000e+00 1.963495408493620871e-03
2.866725315984371605e+02 -9.963270708292928934e-02 -3.311803408929192907e-03 0.000000000000000000e+00 1.963495408493620871e-03
2.801483677412932707e+02 8.001078331000938126e-02 1.006706755846882486e-03 0.000000000000000000e+00 1.963495408493620871e-03
2.776028418930526982e+02 7.853480556472117874e-03 2.156802797265845121e-03 0.000000000000000000e+00 1.963495408493620871e-03
2.768760833394426299e+02 3.940412956976958869e-02 1.855788287103061519e-03 0.000000000000000000e+00 1.963495408493620871e-03
2.616165654007531884e+02 -2.318987479856109701e-01 -1.827083657839110621e-03 0.000000000000000000e+00 1.963495408493620871e-03
2.518222845188016663e+02 -3.026140092075355614e-01 6.933589887401609645e-04 0.000000000000000000e+00 1.963495408493620871e-03
2.725473757171077409e+02 -1.018125417680327272e-01 -1.991267244902307108e-04 0.000000000000000000e+00 1.963495408493620871e-03
