# q:-1.000000e+00, m:1.000000e+00, N:480 - x,px,py,pz,w
1.886919087562369555e+02 0.000000000000000000e+00 0.000000000000000000e+00 0.000000000000000000e+00 1.963495408493620871e-03
1.888228084501365345e+02 0.000000000000000000e+00 0.000000000000000000e+00 0.000000000000000000e+00 1.963495408493620871e-03
1.890846078379356641e+02 0.000000000000000000e+00 0.000000000000000000e+00 0.000000000000000000e+00 1.963495408493620871e-03
1.892155075318352431e+02 0.000000000000000000e+00 0.000000000000000000e+00 0.000000000000000000e+00 1.963495408493620871e-03
1.894773069196344011e+02 0.000000000000000000e+00 0.000000000000000000e+00 0.000000000000000000e+00 1.963495408493620871e-03
1.896082066135339801e+02 0.000000000000000000e+00 0.000000000000000000e+00 0.000000000000000000e+00 1.963495408493620871e-03
1.898700060013331097e+02 0.000000000000000000e+00 0.000000000000000000e+00 0.000000000000000000e+00 1.963495408493620871e-03
1.900009056952326887e+02 0.000000000000000000e+00 0.000000000000000000e+00 0.000000000000000000e+00 1.963495408493620871e-03
1.902627050830318467e+02 0.000000000000000000e+00 0.000000000000000000e+00 0.000000000000000000e+00 1.963495408493620871e-03
1.903936047769314257e+02 0.000000000000000000e+00 0.000000000000000000e+00 0.000000000000000000e+00 1.963495408493620871e-03
1.906554041647305553e+02 0.000000000000000000e+00 0.000000000000000000e+00 0.000000000000000000e+00 1.963495408493620871e-03
1.907863038586301343e+02 0.000000000000000000e+00 0.000000000000000000e+00 0.000000000000000000e+00 1.963495408493620871e-03
1.910481032464292923e+02 0.000000000000000000e+00 0.000000000000000000e+00 0.000000000000000000e+00 1.963495408493620871e-03
1.911790029403288713e+02 0.000000000000000000e+00 0.000000000000000000e+00 0.000000000000000000e+00 1.963495408493620871e-03
1.914408023281280009e+02 0.000000000000000000e+00 0.000000000000000000e+00 0.000000000000000000e+00 1.963495408493620871e-03
1.915717020220275799e+02 0.000000000000000000e+00 0.000000000000000000e+00 0.000000000000000000e+00 1.963495408493620871e-03
1.918335014098267379e+02 0.000000000000000000e+00 0.000000000000000000e+00 0.000000000000000000e+00 1.963495408493620871e-03
1.919644011037263169e+02 0.000000000000000000e+00 0.000000000000000000e+00 0.000000000000000000e+00 1.963495408493620871e-03
1.922262004915254749e+02 0.000000000000000000e+00 0.000000000000000000e+00 0.000000000000000000e+00 1.963495408493620871e-03
1.923571001854250540e+02 0.000000000000000000e+00 0.000000000000000000e+00 0.000000000000000000e+00 1.963495408493620871e-03
1.926188995732241835e+02 0.000000000000000000e+00 0.000000000000000000e+00 0.000000000000000000e+00 1.963495408493620871e-03
1.927497992671237625e+02 0.000000000000000000e+00 0.000000000000000000e+00 0.000000000000000000e+00 1.963495408493620871e-03
1.930115986549229206e+02 0.000000000000000000e+00 0.000000000000000000e+00 0.000000000000000000e+00 1.963495408493620871e-03
1.931424983488224996e+02 0.000000000000000000e+00 0.000000000000000000e+00 0.000000000000000000e+00 1.963495408493620871e-03
1.934042977366216292e+02 0.000000000000000000e+00 0.000000000000000000e+00 0.000000000000000000e+00 1.963495408493620871e-03
1.935351974305212082e+02 0.000000000000000000e+00 0.000000000000000000e+00 0.000000000000000000e+00 1.963495408493620871e-03
1.937969968183203662e+02 0.000000000000000000e+00 0.000000000000000000e+00 0.000000000000000000e+00 1.963495408493620871e-03
1.939278965122199452e+02 0.000000000000000000e+00 0.000000000000000000e+00 0.000000000000000000e+00 1.963495408493620871e-03
1.941896959000190748e+02 0.000000000000000000e+00 0.000000000000000000e+00 0.000000000000000000e+00 1.963495408493620871e-03
1.943205955939186538e+02 0.000000000000000000e+00 0.000000000000000000e+00 0.000000000000000000e+00 1.963495408493620871e-03
1.945823949817178118e+02 0.000000000000000000e+00 0.000000000000000000e+00 0.000000000000000000e+00 1.963495408493620871e-03
1.947132946756173908e+02 0.000000000000000000e+00 0.000000000000000000e+00 0.000000000000000000e+00 1.963495408493620871e-03
1.949750940634165204e+02 0.000000000000000000e+00 0.000000000000000000e+00 0.000000000000000000e+00 1.963495408493620871e-03
1.951059937573160994e+02 0.000000000000000000e+00 0.000000000000000000e+00 0.000000000000000000e+00 1.963495408493620871e-03
1.953677931451152574e+02 0.000000000000000000e+00 0.000000000000000000e+00 0.000000000000000000e+00 1.963495408493620871e-03
1.954986928390148364e+02 0.000000000000000000e+00 0.000000000000000000e+00 0.000000000000000000e+00 1.963495408493620871e-03
1.957604922268139660e+02 0.000000000000000000e+00 0.000000000000000000e+00 0.000000000000000000e+00 1.963495408493620871e-03
1.958913919207135450e+02 0.000000000000000000e+00 0.000000000000000000e+00 0.000000000000000000e+00 1.963495408493620871e-03
1.961531913085127030e+02 0.000000000000000000e+00 0.000000000000000000e+00 0.000000000000000000e+00 1.963495408493620871e-03
1.962840910024122820e+02 0.000000000000000000e+00 0.000000000000000000e+00 0.000000000000000000e+00 1.963495408493620871e-03
1.965458903902114400e+02 0.000000000000000000e+00 0.000000000000000000e+00 0.000000000000000000e+00 1.963495408493620871e-03
1.966767900841110190e+02 0.000000000000000000e+00 0.000000000000000000e+00 0.000000000000000000e+00 1.963495408493620871e-03
1.969385894719101486e+02 0.000000000000000000e+00 0.000000000000000000e+00 0.000000000000000000e+00 1.963495408493620871e-03
1.970694891658097276e+02 0.000000000000000000e+00 0.000000000000000000e+00 0.000000000000000000e+00 1.963495408493620871e-03
1.973312885536088856e+02 0.000000000000000000e+00 0.000000000000000000e+00 0.000000000000000000e+00 1.963495408493620871e-03
1.974621882475084647e+02 0.000000000000000000e+00 0.000000000000000000e+00 0.000000000000000000e+00 1.963495408493620871e-03
1.977239876353075942e+02 0.000000000000000000e+00 0.000000000000000000e+00 0.000000000000000000e+00 1.963495408493620871e-03
1.978548873292071733e+02 0.000000000000000000e+00 0.000000000000000000e+00 0.000000000000000000e+00 1.963495408493620871e-03
1.981166867170063313e+02 0.000000000000000000e+00 0.000000000000000000e+00 0.000000000000000000e+00 1.963495408493620871e-03
1.982475864109059103e+02 0.000000000000000000e+00 0.000000000000000000e+00 0.000000000000000000e+00 1.963495408493620871e-03
1.985093857987050399e+02 0.000000000000000000e+00 0.000000000000000000e+00 0.000000000000000000e+00 1.963495408493620871e-03
1.986402854926046189e+02 0.000000000000000000e+00 0.000000000000000000e+00 0.000000000000000000e+00 1.963495408493620871e-03
1.989020848804037769e+02 0.000000000000000000e+00 0.000000000000000000e+00 0.000000000000000000e+00 1.963495408493620871e-03
1.990329845743033559e+02 0.000000000000000000e+00 0.000000000000000000e+00 0.000000000000000000e+00 1.963495408493620871e-03
1.992947839621024855e+02 0.000000000000000000e+00 0.000000000000000000e+00 0.000000000000000000e+00 1.963495408493620871e-03
1.994256836560020645e+02 0.000000000000000000e+00 0.000000000000000000e+00 0.000000000000000000e+00 1.963495408493620871e-03
1.996874830438012225e+02 0.000000000000000000e+00 0.000000000000000000e+00 0.000000000000000000e+00 1.963495408493620871e-03
1.998183827377008015e+02 0.000000000000000000e+00 0.000000000000000000e+00 0.000000000000000000e+00 1.963495408493620871e-03
2.000801821254999311e+02 0.000000000000000000e+00 0.000000000000000000e+00 0.000000000000000000e+00 1.963495408493620871e-03
2.002110818193995101e+02 0.000000000000000000e+00 0.000000000000000000e+00 0.000000000000000000e+00 1.963495408493620871e-03
2.004728812071986681e+02 0.000000000000000000e+00 0.000000000000000000e+00 0.000000000000000000e+00 1.963495408493620871e-03
2.006037809010982471e+02 0.000000000000000000e+00 0.000000000000000000e+00 0.000000000000000000e+00 1.963495408493620871e-03
2.008655802888974051e+02 0.000000000000000000e+00 0.000000000000000000e+00 0.000000000000000000e+00 1.963495408493620871e-03
2.009964799827969841e+02 0.000000000000000000e+00 0.000000000000000000e+00 0.000000000000000000e+00 1.963495408493620871e-03
2.012582793705961137e+02 0.000000000000000000e+00 0.000000000000000000e+00 0.000000000000000000e+00 1.963495408493620871e-03
2.013891790644956927e+02 0.000000000000000000e+00 0.000000000000000000e+00 0.000000000000000000e+00 1.963495408493620871e-03
2.016509784522948507e+02 0.000000000000000000e+00 0.000000000000000000e+00 0.000000000000000000e+00 1.963495408493620871e-03
2.017818781461944297e+02 0.000000000000000000e+00 0.000000000000000000e+00 0.000000000000000000e+00 1.963495408493620871e-03
2.020436775339935593e+02 0.000000000000000000e+00 0.000000000000000000e+00 0.000000000000000000e+00 1.963495408493620871e-03
2.021745772278931383e+02 0.000000000000000000e+00 0.000000000000000000e+00 0.000000000000000000e+00 1.963495408493620871e-03
2.024363766156922964e+02 0.000000000000000000e+00 0.000000000000000000e+00 0.000000000000000000e+00 1.963495408493620871e-03
2.025672763095918754e+02 0.000000000000000000e+00 0.000000000000000000e+00 0.000000000000000000e+00 1.963495408493620871e-03
2.028290756973910050e+02 0.000000000000000000e+00 0.000000000000000000e+00 0.000000000000000000e+00 1.963495408493620871e-03
2.029599753912905840e+02 0.000000000000000000e+00 0.000000000000000000e+00 0.000000000000000000e+00 1.963495408493620871e-03
2.032217747790897420e+02 0.000000000000000000e+00 0.000000000000000000e+00 0.000000000000000000e+00 1.963495408493620871e-03
2.033526744729893210e+02 0.000000000000000000e+00 0.000000000000000000e+00 0.000000000000000000e+00 1.963495408493620871e-03
2.036144738607884506e+02 0.000000000000000000e+00 0.000000000000000000e+00 0.000000000000000000e+00 1.963495408493620871e-03
2.037453735546880296e+02 0.000000000000000000e+00 0.000000000000000000e+00 0.000000000000000000e+00 1.963495408493620871e-03
2.040071729424871876e+02 0.000000000000000000e+00 0.000000000000000000e+00 0.000000000000000000e+00 1.963495408493620871e-03
2.041380726363867666e+02 0.000000000000000000e+00 0.000000000000000000e+00 0.000000000000000000e+00 1.963495408493620871e-03
2.043998720241858962e+02 0.000000000000000000e+00 0.000000000000000000e+00 0.000000000000000000e+00 1.963495408493620871e-03
2.045307717180854752e+02 0.000000000000000000e+00 0.000000000000000000e+00 0.000000000000000000e+00 1.963495408493620871e-03
2.047925711058846332e+02 0.000000000000000000e+00 0.000000000000000000e+00 0.000000000000000000e+00 1.963495408493620871e-03
2.049234707997842122e+02 0.000000000000000000e+00 0.000000000000000000e+00 0.000000000000000000e+00 1.963495408493620871e-03
2.051852701875833702e+02 0.000000000000000000e+00 0.000000000000000000e+00 0.000000000000000000e+00 1.963495408493620871e-03
2.053161698814829492e+02 0.000000000000000000e+00 0.000000000000000000e+00 0.000000000000000000e+00 1.963495408493620871e-03
2.055779692692820788e+02 0.000000000000000000e+00 0.000000000000000000e+00 0.000000000000000000e+00 1.963495408493620871e-03
2.057088689631816578e+02 0.000000000000000000e+00 0.000000000000000000e+00 0.000000000000000000e+00 1.963495408493620871e-03
2.059706683509808158e+02 0.000000000000000000e+00 0.000000000000000000e+00 0.000000000000000000e+00 1.963495408493620871e-03
2.061015680448803948e+02 0.000000000000000000e+00 0.000000000000000000e+00 0.000000000000000000e+00 1.963495408493620871e-03
2.063633674326795244e+02 0.000000000000000000e+00 0.000000000000000000e+00 0.000000000000000000e+00 1.963495408493620871e-03
2.064942671265791034e+02 0.000000000000000000e+00 0.000000000000000000e+00 0.000000000000000000e+00 1.963495408493620871e-03
2.067560665143782614e+02 0.000000000000000000e+00 0.000000000000000000e+00 0.000000000000000000e+00 1.963495408493620871e-03
2.068869662082778405e+02 0.000000000000000000e+00 0.000000000000000000e+00 0.000000000000000000e+00 1.963495408493620871e-03
2.071487655960769700e+02 0.000000000000000000e+00 0.000000000000000000e+00 0.000000000000000000e+00 1.963495408493620871e-03
2.072796652899765490e+02 0.000000000000000000e+00 0.000000000000000000e+00 0.000000000000000000e+00 1.963495408493620871e-03
2.075414646777757071e+02 0.000000000000000000e+00 0.000000000000000000e+00 0.000000000000000000e+00 1.963495408493620871e-03
2.076723643716752861e+02 0.000000000000000000e+00 0.000000000000000000e+00 0.000000000000000000e+00 1.963495408493620871e-03
2.079341637594744157e+02 0.000000000000000000e+00 0.000000000000000000e+00 0.000000000000000000e+00 1.963495408493620871e-03
2.080650634533739947e+02 0.000000000000000000e+00 0.000000000000000000e+00 0.000000000000000000e+00 1.963495408493620871e-03
2.083268628411731527e+02 0.000000000000000000e+00 0.000000000000000000e+00 0.000000000000000000e+00 1.963495408493620871e-03
2.084577625350727317e+02 0.000000000000000000e+00 0.000000000000000000e+00 0.000000000000000000e+00 1.963495408493620871e-03
2.087195619228718613e+02 0.000000000000000000e+00 0.000000000000000000e+00 0.000000000000000000e+00 1.963495408493620871e-03
2.088504616167714403e+02 0.000000000000000000e+00 0.000000000000000000e+00 0.000000000000000000e+00 1.963495408493620871e-03
2.091122610045705983e+02 0.000000000000000000e+00 0.000000000000000000e+00 0.000000000000000000e+00 1.963495408493620871e-03
2.092431606984701773e+02 0.000000000000000000e+00 0.000000000000000000e+00 0.000000000000000000e+00 1.963495408493620871e-03
2.095049600862693353e+02 0.000000000000000000e+00 0.000000000000000000e+00 0.000000000000000000e+00 1.963495408493620871e-03
2.096358597801689143e+02 0.000000000000000000e+00 0.000000000000000000e+00 0.000000000000000000e+00 1.963495408493620871e-03
2.098976591679680439e+02 0.000000000000000000e+00 0.000000000000000000e+00 0.000000000000000000e+00 1.963495408493620871e-03
2.100285588618676229e+02 0.000000000000000000e+00 0.000000000000000000e+00 0.000000000000000000e+00 1.963495408493620871e-03
2.102903582496667809e+02 0.000000000000000000e+00 0.000000000000000000e+00 0.000000000000000000e+00 1.963495408493620871e-03
2.104212579435663599e+02 0.000000000000000000e+00 0.000000000000000000e+00 0.000000000000000000e+00 1.963495408493620871e-03
2.106830573313654895e+02 0.000000000000000000e+00 0.000000000000000000e+00 0.000000000000000000e+00 1.963495408493620871e-03
2.108139570252650685e+02 0.000000000000000000e+00 0.000000000000000000e+00 0.000000000000000000e+00 1.963495408493620871e-03
2.110757564130642265e+02 0.000000000000000000e+00 0.000000000000000000e+00 0.000000000000000000e+00 1.963495408493620871e-03
2.112066561069638055e+02 0.000000000000000000e+00 0.000000000000000000e+00 0.000000000000000000e+00 1.963495408493620871e-03
2.114684554947629351e+02 0.000000000000000000e+00 0.000000000000000000e+00 0.000000000000000000e+00 1.963495408493620871e-03
2.115993551886625141e+02 0.000000000000000000e+00 0.000000000000000000e+00 0.000000000000000000e+00 1.963495408493620871e-03
2.118611545764616721e+02 0.000000000000000000e+00 0.000000000000000000e+00 0.000000000000000000e+00 1.963495408493620871e-03
2.119920542703612512e+02 0.000000000000000000e+00 0.000000000000000000e+00 0.000000000000000000e+00 1.963495408493620871e-03
2.122538536581603807e+02 0.000000000000000000e+00 0.000000000000000000e+00 0.000000000000000000e+00 1.963495408493620871e-03
2.123847533520599598e+02 0.000000000000000000e+00 0.000000000000000000e+00 0.000000000000000000e+00 1.963495408493620871e-03
2.126465527398591178e+02 0.000000000000000000e+00 0.000000000000000000e+00 0.000000000000000000e+00 1.963495408493620871e-03
2.127774524337586968e+02 0.000000000000000000e+00 0.000000000000000000e+00 0.000000000000000000e+00 1.963495408493620871e-03
2.130392518215578548e+02 0.000000000000000000e+00 0.000000000000000000e+00 0.000000000000000000e+00 1.963495408493620871e-03
2.131701515154574338e+02 0.000000000000000000e+00 0.000000000000000000e+00 0.000000000000000000e+00 1.963495408493620871e-03
2.134319509032565634e+02 0.000000000000000000e+00 0.000000000000000000e+00 0.000000000000000000e+00 1.963495408493620871e-03
2.135628505971561424e+02 0.000000000000000000e+00 0.000000000000000000e+00 0.000000000000000000e+00 1.963495408493620871e-03
2.138246499849553004e+02 0.000000000000000000e+00 0.000000000000000000e+00 0.000000000000000000e+00 1.963495408493620871e-03
2.139555496788548794e+02 0.000000000000000000e+00 0.000000000000000000e+00 0.000000000000000000e+00 1.963495408493620871e-03
2.142173490666540090e+02 0.000000000000000000e+00 0.000000000000000000e+00 0.000000000000000000e+00 1.963495408493620871e-03
2.143482487605535880e+02 0.000000000000000000e+00 0.000000000000000000e+00 0.000000000000000000e+00 1.963495408493620871e-03
2.146100481483527460e+02 0.000000000000000000e+00 0.000000000000000000e+00 0.000000000000000000e+00 1.963495408493620871e-03
2.147409478422523250e+02 0.000000000000000000e+00 0.000000000000000000e+00 0.000000000000000000e+00 1.963495408493620871e-03
2.150027472300514546e+02 0.000000000000000000e+00 0.000000000000000000e+00 0.000000000000000000e+00 1.963495408493620871e-03
2.151336469239510336e+02 0.000000000000000000e+00 0.000000000000000000e+00 0.000000000000000000e+00 1.963495408493620871e-03
2.153954463117501916e+02 0.000000000000000000e+00 0.000000000000000000e+00 0.000000000000000000e+00 1.963495408493620871e-03
2.155263460056497706e+02 0.000000000000000000e+00 0.000000000000000000e+00 0.000000000000000000e+00 1.963495408493620871e-03
2.157881453934489002e+02 0.000000000000000000e+00 0.000000000000000000e+00 0.000000000000000000e+00 1.963495408493620871e-03
2.159190450873484792e+02 0.000000000000000000e+00 0.000000000000000000e+00 0.000000000000000000e+00 1.963495408493620871e-03
2.161808444751476372e+02 0.000000000000000000e+00 0.000000000000000000e+00 0.000000000000000000e+00 1.963495408493620871e-03
2.163117441690472162e+02 0.000000000000000000e+00 0.000000000000000000e+00 0.000000000000000000e+00 1.963495408493620871e-03
2.165735435568463458e+02 0.000000000000000000e+00 0.000000000000000000e+00 0.000000000000000000e+00 1.963495408493620871e-03
2.167044432507459248e+02 0.000000000000000000e+00 0.000000000000000000e+00 0.000000000000000000e+00 1.963495408493620871e-03
2.169662426385450829e+02 0.000000000000000000e+00 0.000000000000000000e+00 0.000000000000000000e+00 1.963495408493620871e-03
2.170971423324446619e+02 0.000000000000000000e+00 0.000000000000000000e+00 0.000000000000000000e+00 1.963495408493620871e-03
2.173589417202438199e+02 0.000000000000000000e+00 0.000000000000000000e+00 0.000000000000000000e+00 1.963495408493620871e-03
2.174898414141433989e+02 0.000000000000000000e+00 0.000000000000000000e+00 0.000000000000000000e+00 1.963495408493620871e-03
2.177516408019425285e+02 0.000000000000000000e+00 0.000000000000000000e+00 0.000000000000000000e+00 1.963495408493620871e-03
2.178825404958421075e+02 0.000000000000000000e+00 0.000000000000000000e+00 0.000000000000000000e+00 1.963495408493620871e-03
2.181443398836412655e+02 0.000000000000000000e+00 0.000000000000000000e+00 0.000000000000000000e+00 1.963495408493620871e-03
2.182752395775408445e+02 0.000000000000000000e+00 0.000000000000000000e+00 0.000000000000000000e+00 1.963495408493620871e-03
2.185370389653399741e+02 0.000000000000000000e+00 0.000000000000000000e+00 0.000000000000000000e+00 1.963495408493620871e-03
2.186679386592395531e+02 0.000000000000000000e+00 0.000000000000000000e+00 0.000000000000000000e+00 1.963495408493620871e-03
2.189297380470387111e+02 0.000000000000000000e+00 0.000000000000000000e+00 0.000000000000000000e+00 1.963495408493620871e-03
2.190606377409382901e+02 0.000000000000000000e+00 0.000000000000000000e+00 0.000000000000000000e+00 1.963495408493620871e-03
2.193224371287374197e+02 0.000000000000000000e+00 0.000000000000000000e+00 0.000000000000000000e+00 1.963495408493620871e-03
2.194533368226369987e+02 0.000000000000000000e+00 0.000000000000000000e+00 0.000000000000000000e+00 1.963495408493620871e-03
2.197151362104361567e+02 0.000000000000000000e+00 0.000000000000000000e+00 0.000000000000000000e+00 1.963495408493620871e-03
2.198460359043357357e+02 0.000000000000000000e+00 0.000000000000000000e+00 0.000000000000000000e+00 1.963495408493620871e-03
2.201078352921348653e+02 0.000000000000000000e+00 0.000000000000000000e+00 0.000000000000000000e+00 1.963495408493620871e-03
2.202387349860344443e+02 0.000000000000000000e+00 0.000000000000000000e+00 0.000000000000000000e+00 1.963495408493620871e-03
2.205005343738336023e+02 0.000000000000000000e+00 0.000000000000000000e+00 0.000000000000000000e+00 1.963495408493620871e-03
2.206314340677331813e+02 0.000000000000000000e+00 0.000000000000000000e+00 0.000000000000000000e+00 1.963495408493620871e-03
2.208932334555323109e+02 0.000000000000000000e+00 0.000000000000000000e+00 0.000000000000000000e+00 1.963495408493620871e-03
2.210241331494318899e+02 0.000000000000000000e+00 0.000000000000000000e+00 0.000000000000000000e+00 1.963495408493620871e-03
2.212859325372310479e+02 0.000000000000000000e+00 0.000000000000000000e+00 0.000000000000000000e+00 1.963495408493620871e-03
2.214168322311306270e+02 0.000000000000000000e+00 0.000000000000000000e+00 0.000000000000000000e+00 1.963495408493620871e-03
2.216786316189297850e+02 0.000000000000000000e+00 0.000000000000000000e+00 0.000000000000000000e+00 1.963495408493620871e-03
2.218095313128293640e+02 0.000000000000000000e+00 0.000000000000000000e+00 0.000000000000000000e+00 1.963495408493620871e-03
2.220713307006284936e+02 0.000000000000000000e+00 0.000000000000000000e+00 0.000000000000000000e+00 1.963495408493620871e-03
2.222022303945280726e+02 0.000000000000000000e+00 0.000000000000000000e+00 0.000000000000000000e+00 1.963495408493620871e-03
2.224640297823272306e+02 0.000000000000000000e+00 0.000000000000000000e+00 0.000000000000000000e+00 1.963495408493620871e-03
2.225949294762268096e+02 0.000000000000000000e+00 0.000000000000000000e+00 0.000000000000000000e+00 1.963495408493620871e-03
2.228567288640259392e+02 0.000000000000000000e+00 0.000000000000000000e+00 0.000000000000000000e+00 1.963495408493620871e-03
2.229876285579255182e+02 0.000000000000000000e+00 0.000000000000000000e+00 0.000000000000000000e+00 1.963495408493620871e-03
2.232494279457246762e+02 0.000000000000000000e+00 0.000000000000000000e+00 0.000000000000000000e+00 1.963495408493620871e-03
2.233803276396242552e+02 0.000000000000000000e+00 0.000000000000000000e+00 0.000000000000000000e+00 1.963495408493620871e-03
2.236421270274233848e+02 0.000000000000000000e+00 0.000000000000000000e+00 0.000000000000000000e+00 1.963495408493620871e-03
2.237730267213229638e+02 0.000000000000000000e+00 0.000000000000000000e+00 0.000000000000000000e+00 1.963495408493620871e-03
2.240348261091221218e+02 0.000000000000000000e+00 0.000000000000000000e+00 0.000000000000000000e+00 1.963495408493620871e-03
2.241657258030217008e+02 0.000000000000000000e+00 0.000000000000000000e+00 0.000000000000000000e+00 1.963495408493620871e-03
2.244275251908208304e+02 0.000000000000000000e+00 0.000000000000000000e+00 0.000000000000000000e+00 1.963495408493620871e-03
2.245584248847204094e+02 0.000000000000000000e+00 0.000000000000000000e+00 0.000000000000000000e+00 1.963495408493620871e-03
2.248202242725195674e+02 0.000000000000000000e+00 0.000000000000000000e+00 0.000000000000000000e+00 1.963495408493620871e-03
2.249511239664191464e+02 0.000000000000000000e+00 0.000000000000000000e+00 0.000000000000000000e+00 1.963495408493620871e-03
2.252129233542182760e+02 0.000000000000000000e+00 0.000000000000000000e+00 0.000000000000000000e+00 1.963495408493620871e-03
2.253438230481178550e+02 0.000000000000000000e+00 0.000000000000000000e+00 0.000000000000000000e+00 1.963495408493620871e-03
2.256056224359170130e+02 0.000000000000000000e+00 0.000000000000000000e+00 0.000000000000000000e+00 1.963495408493620871e-03
2.257365221298165920e+02 0.000000000000000000e+00 0.000000000000000000e+00 0.000000000000000000e+00 1.963495408493620871e-03
2.259983215176157501e+02 0.000000000000000000e+00 0.000000000000000000e+00 0.000000000000000000e+00 1.963495408493620871e-03
2.261292212115153291e+02 0.000000000000000000e+00 0.000000000000000000e+00 0.000000000000000000e+00 1.963495408493620871e-03
2.263910205993144587e+02 0.000000000000000000e+00 0.000000000000000000e+00 0.000000000000000000e+00 1.963495408493620871e-03
2.265219202932140377e+02 0.000000000000000000e+00 0.000000000000000000e+00 0.000000000000000000e+00 1.963495408493620871e-03
2.267837196810131957e+02 0.000000000000000000e+00 0.000000000000000000e+00 0.000000000000000000e+00 1.963495408493620871e-03
2.269146193749127747e+02 0.000000000000000000e+00 0.000000000000000000e+00 0.000000000000000000e+00 1.963495408493620871e-03
2.271764187627119043e+02 0.000000000000000000e+00 0.000000000000000000e+00 0.000000000000000000e+00 1.963495408493620871e-03
2.273073184566114833e+02 0.000000000000000000e+00 0.000000000000000000e+00 0.000000000000000000e+00 1.963495408493620871e-03
2.275691178444106413e+02 0.000000000000000000e+00 0.000000000000000000e+00 0.000000000000000000e+00 1.963495408493620871e-03
2.277000175383102203e+02 0.000000000000000000e+00 0.000000000000000000e+00 0.000000000000000000e+00 1.963495408493620871e-03
2.279618169261093499e+02 0.000000000000000000e+00 0.000000000000000000e+00 0.000000000000000000e+00 1.963495408493620871e-03
2.280927166200089289e+02 0.000000000000000000e+00 0.000000000000000000e+00 0.000000000000000000e+00 1.963495408493620871e-03
2.283545160078080869e+02 0.000000000000000000e+00 0.000000000000000000e+00 0.000000000000000000e+00 1.963495408493620871e-03
2.284854157017076659e+02 0.000000000000000000e+00 0.000000000000000000e+00 0.000000000000000000e+00 1.963495408493620871e-03
2.287472150895067955e+02 0.000000000000000000e+00 0.000000000000000000e+00 0.000000000000000000e+00 1.963495408493620871e-03
2.288781147834063745e+02 0.000000000000000000e+00 0.000000000000000000e+00 0.000000000000000000e+00 1.963495408493620871e-03
2.291399141712055325e+02 0.000000000000000000e+00 0.000000000000000000e+00 0.000000000000000000e+00 1.963495408493620871e-03
2.292708138651051115e+02 0.000000000000000000e+00 0.000000000000000000e+00 0.000000000000000000e+00 1.963495408493620871e-03
2.295326132529042411e+02 0.000000000000000000e+00 0.000000000000000000e+00 0.000000000000000000e+00 1.963495408493620871e-03
2.296635129468038201e+02 0.000000000000000000e+00 0.000000000000000000e+00 0.000000000000000000e+00 1.963495408493620871e-03
2.299253123346029781e+02 0.000000000000000000e+00 0.000000000000000000e+00 0.000000000000000000e+00 1.963495408493620871e-03
2.300562120285025571e+02 0.000000000000000000e+00 0.000000000000000000e+00 0.000000000000000000e+00 1.963495408493620871e-03
2.303180114163017151e+02 0.000000000000000000e+00 0.000000000000000000e+00 0.000000000000000000e+00 1.963495408493620871e-03
2.304489111102012942e+02 0.000000000000000000e+00 0.000000000000000000e+00 0.000000000000000000e+00 1.963495408493620871e-03
2.307107104980004237e+02 0.000000000000000000e+00 0.000000000000000000e+00 0.000000000000000000e+00 1.963495408493620871e-03
2.308416101919000027e+02 0.000000000000000000e+00 0.000000000000000000e+00 0.000000000000000000e+00 1.963495408493620871e-03
2.311034095796991608e+02 0.000000000000000000e+00 0.000000000000000000e+00 0.000000000000000000e+00 1.963495408493620871e-03
2.312343092735987398e+02 0.000000000000000000e+00 0.000000000000000000e+00 0.000000000000000000e+00 1.963495408493620871e-03
2.314961086613978694e+02 0.000000000000000000e+00 0.000000000000000000e+00 0.000000000000000000e+00 1.963495408493620871e-03
2.316270083552974484e+02 0.000000000000000000e+00 0.000000000000000000e+00 0.000000000000000000e+00 1.963495408493620871e-03
2.318888077430966064e+02 0.000000000000000000e+00 0.000000000000000000e+00 0.000000000000000000e+00 1.963495408493620871e-03
2.320197074369961854e+02 0.000000000000000000e+00 0.000000000000000000e+00 0.000000000000000000e+00 1.963495408493620871e-03
2.322815068247953150e+02 0.000000000000000000e+00 0.000000000000000000e+00 0.000000000000000000e+00 1.963495408493620871e-03
2.324124065186948940e+02 0.000000000000000000e+00 0.000000000000000000e+00 0.000000000000000000e+00 1.963495408493620871e-03
2.326742059064940520e+02 0.000000000000000000e+00 0.000000000000000000e+00 0.000000000000000000e+00 1.963495408493620871e-03
2.328051056003936310e+02 0.000000000000000000e+00 0.000000000000000000e+00 0.000000000000000000e+00 1.963495408493620871e-03
2.330669049881927606e+02 0.000000000000000000e+00 0.000000000000000000e+00 0.000000000000000000e+00 1.963495408493620871e-03
2.331978046820923396e+02 0.000000000000000000e+00 0.000000000000000000e+00 0.000000000000000000e+00 1.963495408493620871e-03
2.334596040698914976e+02 0.000000000000000000e+00 0.000000000000000000e+00 0.000000000000000000e+00 1.963495408493620871e-03
2.335905037637910766e+02 0.000000000000000000e+00 0.000000000000000000e+00 0.000000000000000000e+00 1.963495408493620871e-03
2.338523031515902062e+02 0.000000000000000000e+00 0.000000000000000000e+00 0.000000000000000000e+00 1.963495408493620871e-03
2.339832028454897852e+02 0.000000000000000000e+00 0.000000000000000000e+00 0.000000000000000000e+00 1.963495408493620871e-03
2.342450022332889432e+02 0.000000000000000000e+00 0.000000000000000000e+00 0.000000000000000000e+00 1.963495408493620871e-03
2.343759019271885222e+02 0.000000000000000000e+00 0.000000000000000000e+00 0.000000000000000000e+00 1.963495408493620871e-03
2.346377013149876802e+02 0.000000000000000000e+00 0.000000000000000000e+00 0.000000000000000000e+00 1.963495408493620871e-03
2.347686010088872592e+02 0.000000000000000000e+00 0.000000000000000000e+00 0.000000000000000000e+00 1.963495408493620871e-03
2.350304003966863888e+02 0.000000000000000000e+00 0.000000000000000000e+00 0.000000000000000000e+00 1.963495408493620871e-03
2.351613000905859678e+02 0.000000000000000000e+00 0.000000000000000000e+00 0.000000000000000000e+00 1.963495408493620871e-03
2.354230994783851258e+02 0.000000000000000000e+00 0.000000000000000000e+00 0.000000000000000000e+00 1.963495408493620871e-03
2.355539991722847049e+02 0.000000000000000000e+00 0.000000000000000000e+00 0.000000000000000000e+00 1.963495408493620871e-03
2.358157985600838344e+02 0.000000000000000000e+00 0.000000000000000000e+00 0.000000000000000000e+00 1.963495408493620871e-03
2.359466982539834135e+02 0.000000000000000000e+00 0.000000000000000000e+00 0.000000000000000000e+00 1.963495408493620871e-03
2.362084976417825715e+02 0.000000000000000000e+00 0.000000000000000000e+00 0.000000000000000000e+00 1.963495408493620871e-03
2.363393973356821505e+02 0.000000000000000000e+00 0.000000000000000000e+00 0.000000000000000000e+00 1.963495408493620871e-03
2.366011967234812801e+02 0.000000000000000000e+00 0.000000000000000000e+00 0.000000000000000000e+00 1.963495408493620871e-03
2.367320964173808591e+02 0.000000000000000000e+00 0.000000000000000000e+00 0.000000000000000000e+00 1.963495408493620871e-03
2.369938958051800171e+02 0.000000000000000000e+00 0.000000000000000000e+00 0.000000000000000000e+00 1.963495408493620871e-03
2.371247954990795961e+02 0.000000000000000000e+00 0.000000000000000000e+00 0.000000000000000000e+00 1.963495408493620871e-03
2.373865948868787257e+02 0.000000000000000000e+00 0.000000000000000000e+00 0.000000000000000000e+00 1.963495408493620871e-03
2.375174945807783047e+02 0.000000000000000000e+00 0.000000000000000000e+00 0.000000000000000000e+00 1.963495408493620871e-03
2.377792939685774627e+02 0.000000000000000000e+00 0.000000000000000000e+00 0.000000000000000000e+00 1.963495408493620871e-03
2.379101936624770417e+02 0.000000000000000000e+00 0.000000000000000000e+00 0.000000000000000000e+00 1.963495408493620871e-03
2.381719930502761713e+02 0.000000000000000000e+00 0.000000000000000000e+00 0.000000000000000000e+00 1.963495408493620871e-03
2.383028927441757503e+02 0.000000000000000000e+00 0.000000000000000000e+00 0.000000000000000000e+00 1.963495408493620871e-03
2.385646921319749083e+02 0.000000000000000000e+00 0.000000000000000000e+00 0.000000000000000000e+00 1.963495408493620871e-03
2.386955918258744873e+02 0.000000000000000000e+00 0.000000000000000000e+00 0.000000000000000000e+00 1.963495408493620871e-03
2.389573912136736453e+02 0.000000000000000000e+00 0.000000000000000000e+00 0.000000000000000000e+00 1.963495408493620871e-03
2.390882909075732243e+02 0.000000000000000000e+00 0.000000000000000000e+00 0.000000000000000000e+00 1.963495408493620871e-03
2.393500902953723539e+02 0.000000000000000000e+00 0.000000000000000000e+00 0.000000000000000000e+00 1.963495408493620871e-03
2.394809899892719329e+02 0.000000000000000000e+00 0.000000000000000000e+00 0.000000000000000000e+00 1.963495408493620871e-03
2.397427893770710909e+02 0.000000000000000000e+00 0.000000000000000000e+00 0.000000000000000000e+00 1.963495408493620871e-03
2.398736890709706699e+02 0.000000000000000000e+00 0.000000000000000000e+00 0.000000000000000000e+00 1.963495408493620871e-03
2.401354884587697995e+02 0.000000000000000000e+00 0.000000000000000000e+00 0.000000000000000000e+00 1.963495408493620871e-03
2.402663881526693785e+02 0.000000000000000000e+00 0.000000000000000000e+00 0.000000000000000000e+00 1.963495408493620871e-03
2.405281875404685366e+02 0.000000000000000000e+00 0.000000000000000000e+00 0.000000000000000000e+00 1.963495408493620871e-03
2.406590872343681156e+02 0.000000000000000000e+00 0.000000000000000000e+00 0.000000000000000000e+00 1.963495408493620871e-03
2.409208866221672452e+02 0.000000000000000000e+00 0.000000000000000000e+00 0.000000000000000000e+00 1.963495408493620871e-03
2.410517863160668242e+02 0.000000000000000000e+00 0.000000000000000000e+00 0.000000000000000000e+00 1.963495408493620871e-03
2.413135857038659822e+02 0.000000000000000000e+00 0.000000000000000000e+00 0.000000000000000000e+00 1.963495408493620871e-03
2.414444853977655612e+02 0.000000000000000000e+00 0.000000000000000000e+00 0.000000000000000000e+00 1.963495408493620871e-03
2.417062847855646908e+02 0.000000000000000000e+00 0.000000000000000000e+00 0.000000000000000000e+00 1.963495408493620871e-03
2.418371844794642698e+02 0.000000000000000000e+00 0.000000000000000000e+00 0.000000000000000000e+00 1.963495408493620871e-03
2.420989838672634278e+02 0.000000000000000000e+00 0.000000000000000000e+00 0.000000000000000000e+00 1.963495408493620871e-03
2.422298835611630068e+02 0.000000000000000000e+00 0.000000000000000000e+00 0.000000000000000000e+00 1.963495408493620871e-03
2.424916829489621648e+02 0.000000000000000000e+00 0.000000000000000000e+00 0.000000000000000000e+00 1.963495408493620871e-03
2.426225826428617438e+02 0.000000000000000000e+00 0.000000000000000000e+00 0.000000000000000000e+00 1.963495408493620871e-03
2.428843820306608734e+02 0.000000000000000000e+00 0.000000000000000000e+00 0.000000000000000000e+00 1.963495408493620871e-03
2.430152817245604524e+02 0.000000000000000000e+00 0.000000000000000000e+00 0.000000000000000000e+00 1.963495408493620871e-03
2.432770811123596104e+02 0.000000000000000000e+00 0.000000000000000000e+00 0.000000000000000000e+00 1.963495408493620871e-03
2.434079808062591894e+02 0.000000000000000000e+00 0.000000000000000000e+00 0.000000000000000000e+00 1.963495408493620871e-03
2.436697801940583190e+02 0.000000000000000000e+00 0.000000000000000000e+00 0.000000000000000000e+00 1.963495408493620871e-03
2.438006798879578980e+02 0.000000000000000000e+00 0.000000000000000000e+00 0.000000000000000000e+00 1.963495408493620871e-03
2.440624792757570560e+02 0.000000000000000000e+00 0.000000000000000000e+00 0.000000000000000000e+00 1.963495408493620871e-03
2.441933789696566350e+02 0.000000000000000000e+00 0.000000000000000000e+00 0.000000000000000000e+00 1.963495408493620871e-03
2.444551783574557646e+02 0.000000000000000000e+00 0.000000000000000000e+00 0.000000000000000000e+00 1.963495408493620871e-03
2.445860780513553436e+02 0.000000000000000000e+00 0.000000000000000000e+00 0.000000000000000000e+00 1.963495408493620871e-03
2.448478774391545016e+02 0.000000000000000000e+00 0.000000000000000000e+00 0.000000000000000000e+00 1.963495408493620871e-03
2.449787771330540807e+02 0.000000000000000000e+00 0.000000000000000000e+00 0.000000000000000000e+00 1.963495408493620871e-03
2.452405765208532102e+02 0.000000000000000000e+00 0.000000000000000000e+00 0.000000000000000000e+00 1.963495408493620871e-03
2.453714762147527892e+02 0.000000000000000000e+00 0.000000000000000000e+00 0.000000000000000000e+00 1.963495408493620871e-03
2.456332756025519473e+02 0.000000000000000000e+00 0.000000000000000000e+00 0.000000000000000000e+00 1.963495408493620871e-03
2.457641752964515263e+02 0.000000000000000000e+00 0.000000000000000000e+00 0.000000000000000000e+00 1.963495408493620871e-03
2.460259746842506559e+02 0.000000000000000000e+00 0.000000000000000000e+00 0.000000000000000000e+00 1.963495408493620871e-03
2.461568743781502349e+02 0.000000000000000000e+00 0.000000000000000000e+00 0.000000000000000000e+00 1.963495408493620871e-03
2.464186737659493929e+02 0.000000000000000000e+00 0.000000000000000000e+00 0.000000000000000000e+00 1.963495408493620871e-03
2.465495734598489719e+02 0.000000000000000000e+00 0.000000000000000000e+00 0.000000000000000000e+00 1.963495408493620871e-03
2.468113728476481299e+02 0.000000000000000000e+00 0.000000000000000000e+00 0.000000000000000000e+00 1.963495408493620871e-03
2.469422725415477089e+02 0.000000000000000000e+00 0.000000000000000000e+00 0.000000000000000000e+00 1.963495408493620871e-03
2.472040719293468385e+02 0.000000000000000000e+00 0.000000000000000000e+00 0.000000000000000000e+00 1.963495408493620871e-03
2.473349716232464175e+02 0.000000000000000000e+00 0.000000000000000000e+00 0.000000000000000000e+00 1.963495408493620871e-03
2.475967710110455755e+02 0.000000000000000000e+00 0.000000000000000000e+00 0.000000000000000000e+00 1.963495408493620871e-03
2.477276707049451545e+02 0.000000000000000000e+00 0.000000000000000000e+00 0.000000000000000000e+00 1.963495408493620871e-03
2.479894700927442841e+02 0.000000000000000000e+00 0.000000000000000000e+00 0.000000000000000000e+00 1.963495408493620871e-03
2.481203697866438631e+02 0.000000000000000000e+00 0.000000000000000000e+00 0.000000000000000000e+00 1.963495408493620871e-03
2.483821691744430211e+02 0.000000000000000000e+00 0.000000000000000000e+00 0.000000000000000000e+00 1.963495408493620871e-03
2.485130688683426001e+02 0.000000000000000000e+00 0.000000000000000000e+00 0.000000000000000000e+00 1.963495408493620871e-03
2.487748682561417297e+02 0.000000000000000000e+00 0.000000000000000000e+00 0.000000000000000000e+00 1.963495408493620871e-03
2.489057679500413087e+02 0.000000000000000000e+00 0.000000000000000000e+00 0.000000000000000000e+00 1.963495408493620871e-03
2.491675673378404667e+02 0.000000000000000000e+00 0.000000000000000000e+00 0.000000000000000000e+00 1.963495408493620871e-03
2.492984670317400457e+02 0.000000000000000000e+00 0.000000000000000000e+00 0.000000000000000000e+00 1.963495408493620871e-03
2.495602664195391753e+02 0.000000000000000000e+00 0.000000000000000000e+00 0.000000000000000000e+00 1.963495408493620871e-03
2.496911661134387543e+02 0.000000000000000000e+00 0.000000000000000000e+00 0.000000000000000000e+00 1.963495408493620871e-03
2.499529655012379123e+02 0.000000000000000000e+00 0.000000000000000000e+00 0.000000000000000000e+00 1.963495408493620871e-03
2.500838651951374914e+02 0.000000000000000000e+00 0.000000000000000000e+00 0.000000000000000000e+00 1.963495408493620871e-03
2.503456645829366209e+02 0.000000000000000000e+00 0.000000000000000000e+00 0.000000000000000000e+00 1.963495408493620871e-03
2.504765642768362000e+02 0.000000000000000000e+00 0.000000000000000000e+00 0.000000000000000000e+00 1.963495408493620871e-03
2.507383636646353580e+02 0.000000000000000000e+00 0.000000000000000000e+00 0.000000000000000000e+00 1.963495408493620871e-03
2.508692633585349370e+02 0.000000000000000000e+00 0.000000000000000000e+00 0.000000000000000000e+00 1.963495408493620871e-03
2.511310627463340950e+02 0.000000000000000000e+00 0.000000000000000000e+00 0.000000000000000000e+00 1.963495408493620871e-03
2.512619624402336740e+02 0.000000000000000000e+00 0.000000000000000000e+00 0.000000000000000000e+00 1.963495408493620871e-03
2.515237618280328036e+02 0.000000000000000000e+00 0.000000000000000000e+00 0.000000000000000000e+00 1.963495408493620871e-03
2.516546615219323826e+02 0.000000000000000000e+00 0.000000000000000000e+00 0.000000000000000000e+00 1.963495408493620871e-03
2.519164609097315406e+02 0.000000000000000000e+00 0.000000000000000000e+00 0.000000000000000000e+00 1.963495408493620871e-03
2.520473606036311196e+02 0.000000000000000000e+00 0.000000000000000000e+00 0.000000000000000000e+00 1.963495408493620871e-03
2.523091599914302492e+02 0.000000000000000000e+00 0.000000000000000000e+00 0.000000000000000000e+00 1.963495408493620871e-03
2.524400596853298282e+02 0.000000000000000000e+00 0.000000000000000000e+00 0.000000000000000000e+00 1.963495408493620871e-03
2.527018590731289862e+02 0.000000000000000000e+00 0.000000000000000000e+00 0.000000000000000000e+00 1.963495408493620871e-03
2.528327587670285652e+02 0.000000000000000000e+00 0.000000000000000000e+00 0.000000000000000000e+00 1.963495408493620871e-03
2.530945581548276948e+02 0.000000000000000000e+00 0.000000000000000000e+00 0.000000000000000000e+00 1.963495408493620871e-03
2.532254578487272738e+02 0.000000000000000000e+00 0.000000000000000000e+00 0.000000000000000000e+00 1.963495408493620871e-03
2.534872572365264318e+02 0.000000000000000000e+00 0.000000000000000000e+00 0.000000000000000000e+00 1.963495408493620871e-03
2.536181569304260108e+02 0.000000000000000000e+00 0.000000000000000000e+00 0.000000000000000000e+00 1.963495408493620871e-03
2.538799563182251404e+02 0.000000000000000000e+00 0.000000000000000000e+00 0.000000000000000000e+00 1.963495408493620871e-03
2.540108560121247194e+02 0.000000000000000000e+00 0.000000000000000000e+00 0.000000000000000000e+00 1.963495408493620871e-03
2.542726553999238774e+02 0.000000000000000000e+00 0.000000000000000000e+00 0.000000000000000000e+00 1.963495408493620871e-03
2.544035550938234564e+02 0.000000000000000000e+00 0.000000000000000000e+00 0.000000000000000000e+00 1.963495408493620871e-03
2.546653544816225860e+02 0.000000000000000000e+00 0.000000000000000000e+00 0.000000000000000000e+00 1.963495408493620871e-03
2.547962541755221650e+02 0.000000000000000000e+00 0.000000000000000000e+00 0.000000000000000000e+00 1.963495408493620871e-03
2.550580535633213231e+02 0.000000000000000000e+00 0.000000000000000000e+00 0.000000000000000000e+00 1.963495408493620871e-03
2.551889532572209021e+02 0.000000000000000000e+00 0.000000000000000000e+00 0.000000000000000000e+00 1.963495408493620871e-03
2.554507526450200317e+02 0.000000000000000000e+00 0.000000000000000000e+00 0.000000000000000000e+00 1.963495408493620871e-03
2.555816523389196107e+02 0.000000000000000000e+00 0.000000000000000000e+00 0.000000000000000000e+00 1.963495408493620871e-03
2.558434517267188255e+02 0.000000000000000000e+00 0.000000000000000000e+00 0.000000000000000000e+00 1.963495408493620871e-03
2.559743514206184045e+02 0.000000000000000000e+00 0.000000000000000000e+00 0.000000000000000000e+00 1.963495408493620871e-03
2.562361508084175057e+02 0.000000000000000000e+00 0.000000000000000000e+00 0.000000000000000000e+00 1.963495408493620871e-03
2.563670505023170563e+02 0.000000000000000000e+00 0.000000000000000000e+00 0.000000000000000000e+00 1.963495408493620871e-03
2.566288498901162143e+02 0.000000000000000000e+00 0.000000000000000000e+00 0.000000000000000000e+00 1.963495408493620871e-03
2.567597495840157649e+02 0.000000000000000000e+00 0.000000000000000000e+00 0.000000000000000000e+00 1.963495408493620871e-03
2.570215489718149229e+02 0.000000000000000000e+00 0.000000000000000000e+00 0.000000000000000000e+00 1.963495408493620871e-03
2.571524486657144735e+02 0.000000000000000000e+00 0.000000000000000000e+00 0.000000000000000000e+00 1.963495408493620871e-03
2.574142480535136883e+02 0.000000000000000000e+00 0.000000000000000000e+00 0.000000000000000000e+00 1.963495408493620871e-03
2.575451477474132389e+02 0.000000000000000000e+00 0.000000000000000000e+00 0.000000000000000000e+00 1.963495408493620871e-03
2.578069471352123969e+02 0.000000000000000000e+00 0.000000000000000000e+00 0.000000000000000000e+00 1.963495408493620871e-03
2.579378468291119475e+02 0.000000000000000000e+00 0.000000000000000000e+00 0.000000000000000000e+00 1.963495408493620871e-03
2.581996462169111055e+02 0.000000000000000000e+00 0.000000000000000000e+00 0.000000000000000000e+00 1.963495408493620871e-03
2.583305459108106561e+02 0.000000000000000000e+00 0.000000000000000000e+00 0.000000000000000000e+00 1.963495408493620871e-03
2.585923452986098141e+02 0.000000000000000000e+00 0.000000000000000000e+00 0.000000000000000000e+00 1.963495408493620871e-03
2.587232449925093647e+02 0.000000000000000000e+00 0.000000000000000000e+00 0.000000000000000000e+00 1.963495408493620871e-03
2.589850443803085795e+02 0.000000000000000000e+00 0.000000000000000000e+00 0.000000000000000000e+00 1.963495408493620871e-03
2.591159440742081301e+02 0.000000000000000000e+00 0.000000000000000000e+00 0.000000000000000000e+00 1.963495408493620871e-03
2.593777434620072881e+02 0.000000000000000000e+00 0.000000000000000000e+00 0.000000000000000000e+00 1.963495408493620871e-03
2.595086431559068387e+02 0.000000000000000000e+00 0.000000000000000000e+00 0.000000000000000000e+00 1.963495408493620871e-03
2.597704425437059967e+02 0.000000000000000000e+00 0.000000000000000000e+00 0.000000000000000000e+00 1.963495408493620871e-03
2.599013422376055473e+02 0.000000000000000000e+00 0.000000000000000000e+00 0.000000000000000000e+00 1.963495408493620871e-03
2.601631416254047622e+02 0.000000000000000000e+00 0.000000000000000000e+00 0.000000000000000000e+00 1.963495408493620871e-03
2.602940413193043128e+02 0.000000000000000000e+00 0.000000000000000000e+00 0.000000000000000000e+00 1.963495408493620871e-03
2.605558407071034708e+02 0.000000000000000000e+00 0.000000000000000000e+00 0.000000000000000000e+00 1.963495408493620871e-03
2.606867404010030214e+02 0.000000000000000000e+00 0.000000000000000000e+00 0.000000000000000000e+00 1.963495408493620871e-03
2.609485397888021794e+02 0.000000000000000000e+00 0.000000000000000000e+00 0.000000000000000000e+00 1.963495408493620871e-03
2.610794394827017300e+02 0.000000000000000000e+00 0.000000000000000000e+00 0.000000000000000000e+00 1.963495408493620871e-03
2.613412388705008880e+02 0.000000000000000000e+00 0.000000000000000000e+00 0.000000000000000000e+00 1.963495408493620871e-03
2.614721385644004386e+02 0.000000000000000000e+00 0.000000000000000000e+00 0.000000000000000000e+00 1.963495408493620871e-03
2.617339379521996534e+02 0.000000000000000000e+00 0.000000000000000000e+00 0.000000000000000000e+00 1.963495408493620871e-03
2.618648376460992040e+02 0.000000000000000000e+00 0.000000000000000000e+00 0.000000000000000000e+00 1.963495408493620871e-03
2.621266370338983620e+02 0.000000000000000000e+00 0.000000000000000000e+00 0.000000000000000000e+00 1.963495408493620871e-03
2.622575367277979126e+02 0.000000000000000000e+00 0.000000000000000000e+00 0.000000000000000000e+00 1.963495408493620871e-03
2.625193361155970706e+02 0.000000000000000000e+00 0.000000000000000000e+00 0.000000000000000000e+00 1.963495408493620871e-03
2.626502358094966212e+02 0.000000000000000000e+00 0.000000000000000000e+00 0.000000000000000000e+00 1.963495408493620871e-03
2.629120351972957792e+02 0.000000000000000000e+00 0.000000000000000000e+00 0.000000000000000000e+00 1.963495408493620871e-03
2.630429348911953298e+02 0.000000000000000000e+00 0.000000000000000000e+00 0.000000000000000000e+00 1.963495408493620871e-03
2.633047342789945446e+02 0.000000000000000000e+00 0.000000000000000000e+00 0.000000000000000000e+00 1.963495408493620871e-03
2.634356339728940952e+02 0.000000000000000000e+00 0.000000000000000000e+00 0.000000000000000000e+00 1.963495408493620871e-03
2.636974333606932532e+02 0.000000000000000000e+00 0.000000000000000000e+00 0.000000000000000000e+00 1.963495408493620871e-03
2.638283330545928038e+02 0.000000000000000000e+00 0.000000000000000000e+00 0.000000000000000000e+00 1.963495408493620871e-03
2.640901324423919618e+02 0.000000000000000000e+00 0.000000000000000000e+00 0.000000000000000000e+00 1.963495408493620871e-03
2.642210321362915124e+02 0.000000000000000000e+00 0.000000000000000000e+00 0.000000000000000000e+00 1.963495408493620871e-03
2.644828315240907273e+02 0.000000000000000000e+00 0.000000000000000000e+00 0.000000000000000000e+00 1.963495408493620871e-03
2.646137312179902779e+02 0.000000000000000000e+00 0.000000000000000000e+00 0.000000000000000000e+00 1.963495408493620871e-03
2.648755306057894359e+02 0.000000000000000000e+00 0.000000000000000000e+00 0.000000000000000000e+00 1.963495408493620871e-03
2.650064302996889865e+02 0.000000000000000000e+00 0.000000000000000000e+00 0.000000000000000000e+00 1.963495408493620871e-03
2.652682296874881445e+02 0.000000000000000000e+00 0.000000000000000000e+00 0.000000000000000000e+00 1.963495408493620871e-03
2.653991293813876950e+02 0.000000000000000000e+00 0.000000000000000000e+00 0.000000000000000000e+00 1.963495408493620871e-03
2.656609287691868531e+02 0.000000000000000000e+00 0.000000000000000000e+00 0.000000000000000000e+00 1.963495408493620871e-03
2.657918284630864036e+02 0.000000000000000000e+00 0.000000000000000000e+00 0.000000000000000000e+00 1.963495408493620871e-03
2.660536278508856185e+02 0.000000000000000000e+00 0.000000000000000000e+00 0.000000000000000000e+00 1.963495408493620871e-03
2.661845275447851691e+02 0.000000000000000000e+00 0.000000000000000000e+00 0.000000000000000000e+00 1.963495408493620871e-03
2.664463269325843271e+02 0.000000000000000000e+00 0.000000000000000000e+00 0.000000000000000000e+00 1.963495408493620871e-03
2.665772266264838777e+02 0.000000000000000000e+00 0.000000000000000000e+00 0.000000000000000000e+00 1.963495408493620871e-03
2.668390260142830357e+02 0.000000000000000000e+00 0.000000000000000000e+00 0.000000000000000000e+00 1.963495408493620871e-03
2.669699257081825863e+02 0.000000000000000000e+00 0.000000000000000000e+00 0.000000000000000000e+00 1.963495408493620871e-03
2.672317250959817443e+02 0.000000000000000000e+00 0.000000000000000000e+00 0.000000000000000000e+00 1.963495408493620871e-03
2.673626247898812949e+02 0.000000000000000000e+00 0.000000000000000000e+00 0.000000000000000000e+00 1.963495408493620871e-03
2.676244241776805097e+02 0.000000000000000000e+00 0.000000000000000000e+00 0.000000000000000000e+00 1.963495408493620871e-03
2.677553238715800603e+02 0.000000000000000000e+00 0.000000000000000000e+00 0.000000000000000000e+00 1.963495408493620871e-03
2.680171232593792183e+02 0.000000000000000000e+00 0.000000000000000000e+00 0.000000000000000000e+00 1.963495408493620871e-03
2.681480229532787689e+02 0.000000000000000000e+00 0.000000000000000000e+00 0.000000000000000000e+00 1.963495408493620871e-03
2.684098223410779269e+02 0.000000000000000000e+00 0.000000000000000000e+00 0.000000000000000000e+00 1.963495408493620871e-03
2.685407220349774775e+02 0.000000000000000000e+00 0.000000000000000000e+00 0.000000000000000000e+00 1.963495408493620871e-03
2.688025214227766924e+02 0.000000000000000000e+00 0.000000000000000000e+00 0.000000000000000000e+00 1.963495408493620871e-03
2.689334211166762429e+02 0.000000000000000000e+00 0.000000000000000000e+00 0.000000000000000000e+00 1.963495408493620871e-03
2.691952205044754010e+02 0.000000000000000000e+00 0.000000000000000000e+00 0.000000000000000000e+00 1.963495408493620871e-03
2.693261201983749515e+02 0.000000000000000000e+00 0.000000000000000000e+00 0.000000000000000000e+00 1.963495408493620871e-03
2.695879195861741096e+02 0.000000000000000000e+00 0.000000000000000000e+00 0.000000000000000000e+00 1.963495408493620871e-03
2.697188192800736601e+02 0.000000000000000000e+00 0.000000000000000000e+00 0.000000000000000000e+00 1.963495408493620871e-03
2.699806186678728182e+02 0.000000000000000000e+00 0.000000000000000000e+00 0.000000000000000000e+00 1.963495408493620871e-03
2.701115183617723687e+02 0.000000000000000000e+00 0.000000000000000000e+00 0.000000000000000000e+00 1.963495408493620871e-03
2.703733177495715836e+02 0.000000000000000000e+00 0.000000000000000000e+00 0.000000000000000000e+00 1.963495408493620871e-03
2.705042174434711342e+02 0.000000000000000000e+00 0.000000000000000000e+00 0.000000000000000000e+00 1.963495408493620871e-03
2.707660168312702922e+02 0.000000000000000000e+00 0.000000000000000000e+00 0.000000000000000000e+00 1.963495408493620871e-03
2.708969165251698428e+02 0.000000000000000000e+00 0.000000000000000000e+00 0.000000000000000000e+00 1.963495408493620871e-03
2.711587159129690008e+02 0.000000000000000000e+00 0.000000000000000000e+00 0.000000000000000000e+00 1.963495408493620871e-03
2.712896156068685514e+02 0.000000000000000000e+00 0.000000000000000000e+00 0.000000000000000000e+00 1.963495408493620871e-03
2.715514149946677094e+02 0.000000000000000000e+00 0.000000000000000000e+00 0.000000000000000000e+00 1.963495408493620871e-03
2.716823146885672600e+02 0.000000000000000000e+00 0.000000000000000000e+00 0.000000000000000000e+00 1.963495408493620871e-03
2.719441140763664748e+02 0.000000000000000000e+00 0.000000000000000000e+00 0.000000000000000000e+00 1.963495408493620871e-03
2.720750137702660254e+02 0.000000000000000000e+00 0.000000000000000000e+00 0.000000000000000000e+00 1.963495408493620871e-03
2.723368131580651834e+02 0.000000000000000000e+00 0.000000000000000000e+00 0.000000000000000000e+00 1.963495408493620871e-03
2.724677128519647340e+02 0.000000000000000000e+00 0.000000000000000000e+00 0.000000000000000000e+00 1.963495408493620871e-03
2.727295122397638920e+02 0.000000000000000000e+00 0.000000000000000000e+00 0.000000000000000000e+00 1.963495408493620871e-03
2.728604119336634426e+02 0.000000000000000000e+00 0.000000000000000000e+00 0.000000000000000000e+00 1.963495408493620871e-03
2.731222113214626575e+02 0.000000000000000000e+00 0.000000000000000000e+00 0.000000000000000000e+00 1.963495408493620871e-03
2.732531110153622080e+02 0.000000000000000000e+00 0.000000000000000000e+00 0.000000000000000000e+00 1.963495408493620871e-03
2.735149104031613660e+02 0.000000000000000000e+00 0.000000000000000000e+00 0.000000000000000000e+00 1.963495408493620871e-03
2.736458100970609166e+02 0.000000000000000000e+00 0.000000000000000000e+00 0.000000000000000000e+00 1.963495408493620871e-03
2.739076094848600746e+02 0.000000000000000000e+00 0.000000000000000000e+00 0.000000000000000000e+00 1.963495408493620871e-03
2.740385091787596252e+02 0.000000000000000000e+00 0.000000000000000000e+00 0.000000000000000000e+00 1.963495408493620871e-03
2.743003085665587832e+02 0.000000000000000000e+00 0.000000000000000000e+00 0.000000000000000000e+00 1.963495408493620871e-03
2.744312082604583338e+02 0.000000000000000000e+00 0.000000000000000000e+00 0.000000000000000000e+00 1.963495408493620871e-03
2.746930076482575487e+02 0.000000000000000000e+00 0.000000000000000000e+00 0.000000000000000000e+00 1.963495408493620871e-03
2.748239073421570993e+02 0.000000000000000000e+00 0.000000000000000000e+00 0.000000000000000000e+00 1.963495408493620871e-03
2.750857067299562573e+02 0.000000000000000000e+00 0.000000000000000000e+00 0.000000000000000000e+00 1.963495408493620871e-03
2.752166064238558079e+02 0.000000000000000000e+00 0.000000000000000000e+00 0.000000000000000000e+00 1.963495408493620871e-03
2.754784058116549659e+02 0.000000000000000000e+00 0.000000000000000000e+00 0.000000000000000000e+00 1.963495408493620871e-03
2.756093055055545165e+02 0.000000000000000000e+00 0.000000000000000000e+00 0.000000000000000000e+00 1.963495408493620871e-03
2.758711048933536745e+02 0.000000000000000000e+00 0.000000000000000000e+00 0.000000000000000000e+00 1.963495408493620871e-03
2.760020045872532251e+02 0.000000000000000000e+00 0.000000000000000000e+00 0.000000000000000000e+00 1.963495408493620871e-03
2.762638039750524399e+02 0.000000000000000000e+00 0.000000000000000000e+00 0.000000000000000000e+00 1.963495408493620871e-03
2.763947036689519905e+02 0.000000000000000000e+00 0.000000000000000000e+00 0.000000000000000000e+00 1.963495408493620871e-03
2.766565030567511485e+02 0.000000000000000000e+00 0.000000000000000000e+00 0.000000000000000000e+00 1.963495408493620871e-03
2.767874027506506991e+02 0.000000000000000000e+00 0.000000000000000000e+00 0.000000000000000000e+00 1.963495408493620871e-03
2.770492021384498571e+02 0.000000000000000000e+00 0.000000000000000000e+00 0.000000000000000000e+00 1.963495408493620871e-03
2.771801018323494077e+02 0.000000000000000000e+00 0.000000000000000000e+00 0.000000000000000000e+00 1.963495408493620871e-03
2.774419012201486225e+02 0.000000000000000000e+00 0.000000000000000000e+00 0.000000000000000000e+00 1.963495408493620871e-03
2.775728009140481731e+02 0.000000000000000000e+00 0.000000000000000000e+00 0.000000000000000000e+00 1.963495408493620871e-03
2.778346003018473311e+02 0.000000000000000000e+00 0.000000000000000000e+00 0.000000000000000000e+00 1.963495408493620871e-03
2.779654999957468817e+02 0.000000000000000000e+00 0.000000000000000000e+00 0.000000000000000000e+00 1.963495408493620871e-03
2.782272993835460397e+02 0.000000000000000000e+00 0.000000000000000000e+00 0.000000000000000000e+00 1.963495408493620871e-03
2.783581990774455903e+02 0.000000000000000000e+00 0.000000000000000000e+00 0.000000000000000000e+00 1.963495408493620871e-03
2.786199984652447483e+02 0.000000000000000000e+00 0.000000000000000000e+00 0.000000000000000000e+00 1.963495408493620871e-03
2.787508981591442989e+02 0.000000000000000000e+00 0.000000000000000000e+00 0.000000000000000000e+00 1.963495408493620871e-03
2.790126975469435138e+02 0.000000000000000000e+00 0.000000000000000000e+00 0.000000000000000000e+00 1.963495408493620871e-03
2.791435972408430644e+02 0.000000000000000000e+00 0.000000000000000000e+00 0.000000000000000000e+00 1.963495408493620871e-03
2.794053966286422224e+02 0.000000000000000000e+00 0.000000000000000000e+00 0.000000000000000000e+00 1.963495408493620871e-03
2.795362963225417730e+02 0.000000000000000000e+00 0.000000000000000000e+00 0.000000000000000000e+00 1.963495408493620871e-03
2.797980957103409310e+02 0.000000000000000000e+00 0.000000000000000000e+00 0.000000000000000000e+00 1.963495408493620871e-03
2.799289954042404815e+02 0.000000000000000000e+00 0.000000000000000000e+00 0.000000000000000000e+00 1.963495408493620871e-03
2.801907947920396964e+02 0.000000000000000000e+00 0.000000000000000000e+00 0.000000000000000000e+00 1.963495408493620871e-03
2.803216944859392470e+02 0.000000000000000000e+00 0.000000000000000000e+00 0.000000000000000000e+00 1.963495408493620871e-03
2.805834938737384050e+02 0.000000000000000000e+00 0.000000000000000000e+00 0.000000000000000000e+00 1.963495408493620871e-03
2.807143935676379556e+02 0.000000000000000000e+00 0.000000000000000000e+00 0.000000000000000000e+00 1.963495408493620871e-03
2.809761929554371136e+02 0.000000000000000000e+00 0.000000000000000000e+00 0.000000000000000000e+00 1.963495408493620871e-03
2.811070926493366642e+02 0.000000000000000000e+00 0.000000000000000000e+00 0.000000000000000000e+00 1.963495408493620871e-03
2.813688920371358222e+02 0.000000000000000000e+00 0.000000000000000000e+00 0.000000000000000000e+00 1.963495408493620871e-03
2.814997917310353728e+02 0.000000000000000000e+00 0.000000000000000000e+00 0.000000000000000000e+00 1.963495408493620871e-03
2.817615911188345876e+02 0.000000000000000000e+00 0.000000000000000000e+00 0.000000000000000000e+00 1.963495408493620871e-03
2.818924908127341382e+02 0.000000000000000000e+00 0.000000000000000000e+00 0.000000000000000000e+00 1.963495408493620871e-03
2.821542902005332962e+02 0.000000000000000000e+00 0.000000000000000000e+00 0.000000000000000000e+00 1.963495408493620871e-03
2.822851898944328468e+02 0.000000000000000000e+00 0.000000000000000000e+00 0.000000000000000000e+00 1.963495408493620871e-03
2.825469892822320048e+02 0.000000000000000000e+00 0.000000000000000000e+00 0.000000000000000000e+00 1.963495408493620871e-03
2.826778889761315554e+02 0.000000000000000000e+00 0.000000000000000000e+00 0.000000000000000000e+00 1.963495408493620871e-03
