# q:-1.000000e+00, m:1.000000e+00, N:480 - x,px,py,pz,w
1.981505616923341222e+02 2.393852453502195443e-01 -1.331776576242504136e-04 0.000000000000000000e+00 1.963495408493620871e-03
1.608978963378651486e+02 -4.002373904266769145e-02 7.343420482639473335e-03 0.000000000000000000e+00 1.963495408493620871e-03
2.048594174475859404e+02 -1.069969800727658960e-01 -3.050489480786972712e-03 0.000000000000000000e+00 1.963495408493620871e-03
2.256796052473677321e+02 2.290235966894508257e-01 1.342278646241808898e-03 0.000000000000000000e+00 1.963495408493620871e-03
2.163190164546630569e+02 8.098731685814936077e-02 -1.672333571685814813e-03 0.000000000000000000e+00 1.963495408493620871e-03
1.979659994237792375e+02 -7.136727843847019692e-02 1.195902343869867900e-03 0.000000000000000000e+00 1.963495408493620871e-03
1.909824093993316012e+02 -4.463176905132219818e-02 -6.450590499659551117e-04 0.000000000000000000e+00 1.963495408493620871e-03
1.934676172851047795e+02 6.989742643544319400e-02 -6.418401386876219005e-04 0.000000000000000000e+00 1.963495408493620871e-03
1.999812457139454409e+02 7.162758050557319067e-02 -1.408830621539254981e-03 0.000000000000000000e+00 1.963495408493620871e-03
1.935506481739115259e+02 -1.659842583861592669e-02 -5.913946626493889972e-04 0.000000000000000000e+00 1.963495408493620871e-03
1.899349337443281911e+02 -9.623082448238504116e-02 -6.902145719749001439e-04 0.000000000000000000e+00 1.963495408493620871e-03
1.904607487427033732e+02 -4.211029927549617136e-02 4.461875460138814767e-04 0.000000000000000000e+00 1.963495408493620871e-03
1.860992864602095835e+02 1.094942577068417355e-01 1.660872311471895454e-03 0.000000000000000000e+00 1.963495408493620871e-03
1.858159136066178121e+02 8.891632142905959990e-02 2.322661843084734574e-03 0.000000000000000000e+00 1.963495408493620871e-03
1.914173469369048348e+02 1.175660606298714606e-01 -7.247728610679603613e-04 0.000000000000000000e+00 1.963495408493620871e-03
1.899961961548487466e+02 -6.624367791499005675e-02 2.684001264493399500e-04 0.000000000000000000e+00 1.963495408493620871e-03
1.886510289860937064e+02 -1.533451914325844045e-01 -2.215354565838336743e-04 0.000000000000000000e+00 1.963495408493620871e-03
1.887091320087949669e+02 -1.621311781968743371e-01 6.511214666788890573e-04 0.000000000000000000e+00 1.963495408493620871e-03
1.896777921411319028e+02 -1.183204040462296491e-01 -5.854026200225019311e-04 0.000000000000000000e+00 1.963495408493620871e-03
1.893939794631467635e+02 -1.376917610298106220e-01 2.421438550856659048e-04 0.000000000000000000e+00 1.963495408493620871e-03
1.890604723171358330e+02 -1.583328077844427806e-01 -5.316111313768887275e-04 0.000000000000000000e+00 1.963495408493620871e-03
1.899437447070179701e+02 -1.066689770407132365e-01 2.943569318558816959e-04 0.000000000000000000e+00 1.963495408493620871e-03
1.906482407802406556e+02 -7.184138377177273771e-02 -5.026145582136016133e-04 0.000000000000000000e+00 1.963495408493620871e-03
1.906721443638740254e+02 -7.255950767149753344e-02 3.955032792611886750e-04 0.000000000000000000e+00 1.963495408493620871e-03
1.909974260704314020e+02 -5.444144350601522186e-02 -4.997912207166008928e-04 0.000000000000000000e+00 1.963495408493620871e-03
1.911570175044642212e+02 -4.636827352058919827e-02 3.019422313130022033e-04 0.000000000000000000e+00 1.963495408493620871e-03
1.913981691851862195e+02 -3.781085744142109739e-02 -6.599749978638932068e-04 0.000000000000000000e+00 1.963495408493620871e-03
1.915050505203273019e+02 -3.663941690735819656e-02 1.371778408237655307e-04 0.000000000000000000e+00 1.963495408493620871e-03
1.917028696890033643e+02 -4.009177917658143797e-02 -8.866192835319442909e-04 0.000000000000000000e+00 1.963495408493620871e-03
1.918001585522320624e+02 -4.298654613216650044e-02 -3.615317187634158698e-05 0.000000000000000000e+00 1.963495408493620871e-03
1.920561594542354555e+02 -5.150833441473888497e-02 -1.128457860346312666e-03 0.000000000000000000e+00 1.963495408493620871e-03
1.922181733972814470e+02 -5.665648186088731442e-02 -2.786869612847153429e-04 0.000000000000000000e+00 1.963495408493620871e-03
1.925616146666190502e+02 -6.376521719588651438e-02 -1.346788067630131768e-03 0.000000000000000000e+00 1.963495408493620871e-03
1.927378059077293244e+02 -6.509588022872025981e-02 -5.407931016076585095e-04 0.000000000000000000e+00 1.963495408493620871e-03
1.931352704022840214e+02 -6.240782370719290262e-02 -1.481494093881037142e-03 0.000000000000000000e+00 1.963495408493620871e-03
1.933048942974608622e+02 -6.022209026585079172e-02 -7.223472172478551502e-04 0.000000000000000000e+00 1.963495408493620871e-03
1.936210042201998078e+02 -5.692455816147880265e-02 -1.475150660700286958e-03 0.000000000000000000e+00 1.963495408493620871e-03
1.937994548046479508e+02 -5.700755292101630789e-02 -7.212434599267868608e-04 0.000000000000000000e+00 1.963495408493620871e-03
1.940903093805016510e+02 -5.954069869011234528e-02 -1.307674455385111553e-03 0.000000000000000000e+00 1.963495408493620871e-03
1.942515059216538305e+02 -6.068603595409667595e-02 -5.222740709552338564e-04 0.000000000000000000e+00 1.963495408493620871e-03
1.945801600473934911e+02 -6.059336904655844569e-02 -9.011299037635684024e-04 0.000000000000000000e+00 1.963495408493620871e-03
1.947118733633753891e+02 -6.046769155056266887e-02 -1.714402886179934625e-04 0.000000000000000000e+00 1.963495408493620871e-03
1.950170536727064530e+02 -5.725745318014933971e-02 -4.420568707539649419e-04 0.000000000000000000e+00 1.963495408493620871e-03
1.951613541844968154e+02 -5.560160515727849417e-02 2.622006564185359314e-04 0.000000000000000000e+00 1.963495408493620871e-03
1.954293382499485006e+02 -5.168282911723989792e-02 -1.418173966978499446e-05 0.000000000000000000e+00 1.963495408493620871e-03
1.955414124275173151e+02 -5.046102132189848877e-02 6.449614083217408873e-04 0.000000000000000000e+00 1.963495408493620871e-03
1.957751900646522358e+02 -4.715654539971518566e-02 2.814972520291271875e-04 0.000000000000000000e+00 1.963495408493620871e-03
1.958943151276822334e+02 -4.622690290174183425e-02 9.580942931799714488e-04 0.000000000000000000e+00 1.963495408493620871e-03
1.960928790939398993e+02 -4.621785608743872453e-02 4.636960860136847139e-04 0.000000000000000000e+00 1.963495408493620871e-03
1.961949092394685863e+02 -4.698615178877228737e-02 1.202290991630858979e-03 0.000000000000000000e+00 1.963495408493620871e-03
1.963897666946512288e+02 -5.009137394602410087e-02 6.579771337815679827e-04 0.000000000000000000e+00 1.963495408493620871e-03
1.964924229080612577e+02 -5.349176559920949814e-02 1.335410350374386388e-03 0.000000000000000000e+00 1.963495408493620871e-03
1.966826353083578169e+02 -6.257022382809188099e-02 8.082761499208938666e-04 0.000000000000000000e+00 1.963495408493620871e-03
1.968045536650546126e+02 -6.890920868669794808e-02 1.383553618382904818e-03 0.000000000000000000e+00 1.963495408493620871e-03
1.970819134578422904e+02 -8.389526546824327413e-02 8.517358460308926439e-04 0.000000000000000000e+00 1.963495408493620871e-03
1.972988509559779402e+02 -9.026404341140367715e-02 1.359954479161207914e-03 0.000000000000000000e+00 1.963495408493620871e-03
1.977576432626208600e+02 -9.276694864449541722e-02 5.718193643432722354e-04 0.000000000000000000e+00 1.963495408493620871e-03
1.979758400230753637e+02 -8.949744577552448677e-02 9.932934861358231303e-04 0.000000000000000000e+00 1.963495408493620871e-03
1.982989695821553653e+02 -8.805331323614917771e-02 1.850006963168538375e-04 0.000000000000000000e+00 1.963495408493620871e-03
1.984494570243386988e+02 -8.979711051578223580e-02 5.473416768464131350e-04 0.000000000000000000e+00 1.963495408493620871e-03
1.987252897513920971e+02 -9.344163452313472562e-02 -1.338808399285571925e-04 0.000000000000000000e+00 1.963495408493620871e-03
1.988714289755706375e+02 -9.569518771015464442e-02 1.785620411608362977e-04 0.000000000000000000e+00 1.963495408493620871e-03
1.991474570130668553e+02 -9.960902692200926389e-02 -4.340947336839835703e-04 0.000000000000000000e+00 1.963495408493620871e-03
1.992958934357802718e+02 -1.021110003300373381e-01 -2.244329006641875132e-04 0.000000000000000000e+00 1.963495408493620871e-03
1.995720670198802225e+02 -1.063840474051580831e-01 -8.785912509087969585e-04 0.000000000000000000e+00 1.963495408493620871e-03
1.997239417764896530e+02 -1.090183746902678441e-01 -6.001764567983873186e-04 0.000000000000000000e+00 1.963495408493620871e-03
2.000016018202624082e+02 -1.141848218457333641e-01 -1.225352648613161309e-03 0.000000000000000000e+00 1.963495408493620871e-03
2.001577721482614436e+02 -1.179592373727807175e-01 -1.009823452908274657e-03 0.000000000000000000e+00 1.963495408493620871e-03
2.004428710744620616e+02 -1.251153632681003547e-01 -1.482868941492435262e-03 0.000000000000000000e+00 1.963495408493620871e-03
2.006114629197373063e+02 -1.296329506056045355e-01 -1.258497678092481168e-03 0.000000000000000000e+00 1.963495408493620871e-03
2.009071429118127128e+02 -1.369666063299679049e-01 -1.533519831052219777e-03 0.000000000000000000e+00 1.963495408493620871e-03
2.010771300064329239e+02 -1.412533358275242235e-01 -1.269866482464033705e-03 0.000000000000000000e+00 1.963495408493620871e-03
2.013907467486342568e+02 -1.486115029891305062e-01 -1.339877335723738258e-03 0.000000000000000000e+00 1.963495408493620871e-03
2.015757767656035071e+02 -1.528912121072112940e-01 -9.319683133375644777e-04 0.000000000000000000e+00 1.963495408493620871e-03
2.018948854362207044e+02 -1.595702936101431324e-01 -9.414209479776736774e-04 0.000000000000000000e+00 1.963495408493620871e-03
2.020997633767503601e+02 -1.634424021359454915e-01 -3.350469548729800330e-04 0.000000000000000000e+00 1.963495408493620871e-03
2.024272246616561688e+02 -1.687895562018958406e-01 -1.794374951554791832e-04 0.000000000000000000e+00 1.963495408493620871e-03
2.026407835552393237e+02 -1.719274129677534069e-01 4.113220414234626857e-04 0.000000000000000000e+00 1.963495408493620871e-03
2.030096422027828282e+02 -1.759025744295698579e-01 7.012148361015670215e-04 0.000000000000000000e+00 1.963495408493620871e-03
2.031988303386247026e+02 -1.772745600219980955e-01 1.197115613049725032e-03 0.000000000000000000e+00 1.963495408493620871e-03
2.035833089667194429e+02 -1.781941284623361488e-01 1.420760773356065897e-03 0.000000000000000000e+00 1.963495408493620871e-03
2.038198819074337393e+02 -1.775761514721562739e-01 1.638326937361927072e-03 0.000000000000000000e+00 1.963495408493620871e-03
2.041761164264029844e+02 -1.735806514750088958e-01 1.605033667776996093e-03 0.000000000000000000e+00 1.963495408493620871e-03
2.044123445882705425e+02 -1.689238497551592832e-01 1.579761409072087241e-03 0.000000000000000000e+00 1.963495408493620871e-03
2.047542119447774382e+02 -1.602330569895459300e-01 1.207335695089256471e-03 0.000000000000000000e+00 1.963495408493620871e-03
2.049502171786572831e+02 -1.555358437804137128e-01 1.086043600012815986e-03 0.000000000000000000e+00 1.963495408493620871e-03
2.052456785170054729e+02 -1.499730786625315115e-01 5.726977514831071286e-04 0.000000000000000000e+00 1.963495408493620871e-03
2.054273143709876877e+02 -1.475704309721161400e-01 3.986794275070394081e-04 0.000000000000000000e+00 1.963495408493620871e-03
2.057012444087009158e+02 -1.440607213713720747e-01 -6.480201415593947597e-05 0.000000000000000000e+00 1.963495408493620871e-03
2.058710651934293026e+02 -1.421557263382295655e-01 -2.933160077456325402e-04 0.000000000000000000e+00 1.963495408493620871e-03
2.061343356168885634e+02 -1.390922144704175856e-01 -6.816232975867522401e-04 0.000000000000000000e+00 1.963495408493620871e-03
2.062996522280008946e+02 -1.376161405833578599e-01 -8.777826394858732374e-04 0.000000000000000000e+00 1.963495408493620871e-03
2.065491929890554559e+02 -1.355336034815815827e-01 -1.148379621899574526e-03 0.000000000000000000e+00 1.963495408493620871e-03
2.067270102902631379e+02 -1.342499916471155130e-01 -1.274388375230824056e-03 0.000000000000000000e+00 1.963495408493620871e-03
2.069652224779121354e+02 -1.330217111733376645e-01 -1.436289642569848340e-03 0.000000000000000000e+00 1.963495408493620871e-03
2.071274178422117416e+02 -1.326151303821704042e-01 -1.468371162235602555e-03 0.000000000000000000e+00 1.963495408493620871e-03
2.073873918904895959e+02 -1.318332827560474152e-01 -1.484734656837955261e-03 0.000000000000000000e+00 1.963495408493620871e-03
2.075542443374679067e+02 -1.318736735349167466e-01 -1.497262342980726791e-03 0.000000000000000000e+00 1.963495408493620871e-03
2.077998078470616292e+02 -1.317231732152804313e-01 -1.380090094522797625e-03 0.000000000000000000e+00 1.963495408493620871e-03
2.079788205365065039e+02 -1.316895743173501221e-01 -1.370048999444733583e-03 0.000000000000000000e+00 1.963495408493620871e-03
2.082318034008800112e+02 -1.316786151563828500e-01 -1.093214059367181214e-03 0.000000000000000000e+00 1.963495408493620871e-03
2.084127964280668834e+02 -1.318284960951662810e-01 -1.105409964011636915e-03 0.000000000000000000e+00 1.963495408493620871e-03
2.086659897757847091e+02 -1.319072917259098698e-01 -6.852115375578001627e-04 0.000000000000000000e+00 1.963495408493620871e-03
2.088572925013855297e+02 -1.319033917907331266e-01 -7.013252081268695100e-04 0.000000000000000000e+00 1.963495408493620871e-03
2.091084966348390140e+02 -1.319247001071925940e-01 -2.093849409895385269e-04 0.000000000000000000e+00 1.963495408493620871e-03
2.093034351809677958e+02 -1.318323507173732312e-01 -2.236815167714023512e-04 0.000000000000000000e+00 1.963495408493620871e-03
2.095642112459100019e+02 -1.315850048349198609e-01 3.211602216646458076e-04 0.000000000000000000e+00 1.963495408493620871e-03
2.097458896292604322e+02 -1.315434697879110382e-01 2.501898931719070940e-04 0.000000000000000000e+00 1.963495408493620871e-03
2.100233512327860979e+02 -1.308988807458109360e-01 7.732810790795980249e-04 0.000000000000000000e+00 1.963495408493620871e-03
2.102072427927266745e+02 -1.306469896259933039e-01 7.133615646200263272e-04 0.000000000000000000e+00 1.963495408493620871e-03
2.104612963156069441e+02 -1.300149360473126237e-01 1.136736905902806499e-03 0.000000000000000000e+00 1.963495408493620871e-03
2.106764652804554032e+02 -1.291209235915715681e-01 9.902702055880814071e-04 0.000000000000000000e+00 1.963495408493620871e-03
2.109313525571843684e+02 -1.279392256245305282e-01 1.312621423835854144e-03 0.000000000000000000e+00 1.963495408493620871e-03
2.111175103745711965e+02 -1.269985907438667683e-01 1.101405476239010212e-03 0.000000000000000000e+00 1.963495408493620871e-03
2.113851855863773324e+02 -1.251385778732954646e-01 1.285058899490940879e-03 0.000000000000000000e+00 1.963495408493620871e-03
2.115874806841795248e+02 -1.235613958681894275e-01 8.929443317046569135e-04 0.000000000000000000e+00 1.963495408493620871e-03
2.118367472318243756e+02 -1.212934118463797062e-01 1.012479945489424540e-03 0.000000000000000000e+00 1.963495408493620871e-03
2.120296511249356968e+02 -1.193678698363559443e-01 5.151782062530611047e-04 0.000000000000000000e+00 1.963495408493620871e-03
2.122833533179045844e+02 -1.166696034201436111e-01 5.881306485019956697e-04 0.000000000000000000e+00 1.963495408493620871e-03
2.124801864244922456e+02 -1.145622608407767251e-01 -1.118885614594474940e-05 0.000000000000000000e+00 1.963495408493620871e-03
2.127271552471303835e+02 -1.117580694813397890e-01 1.442761970822535513e-04 0.000000000000000000e+00 1.963495408493620871e-03
2.129190893394544162e+02 -1.095437376698463333e-01 -5.248912688795548918e-04 0.000000000000000000e+00 1.963495408493620871e-03
2.131596506776781155e+02 -1.068406887821679724e-01 -2.736788199401349580e-04 0.000000000000000000e+00 1.963495408493620871e-03
2.133530747802668088e+02 -1.047662974871194225e-01 -9.022511314604637900e-04 0.000000000000000000e+00 1.963495408493620871e-03
2.136000896005093068e+02 -1.020633529736102857e-01 -5.790377171176756994e-04 0.000000000000000000e+00 1.963495408493620871e-03
2.137939270311516964e+02 -9.995831926839651715e-02 -1.094273700976308673e-03 0.000000000000000000e+00 1.963495408493620871e-03
2.140250793348072875e+02 -9.746726000892348696e-02 -7.272530542439309322e-04 0.000000000000000000e+00 1.963495408493620871e-03
2.142174667429827366e+02 -9.533062810361478401e-02 -1.124654530100634067e-03 0.000000000000000000e+00 1.963495408493620871e-03
2.144669401033036422e+02 -9.224503433441179345e-02 -6.739902679275042554e-04 0.000000000000000000e+00 1.963495408493620871e-03
2.146549463061870142e+02 -8.994850026165038259e-02 -1.032976763339335654e-03 0.000000000000000000e+00 1.963495408493620871e-03
2.148775366615890050e+02 -8.712703561862739088e-02 -5.282500072742364085e-04 0.000000000000000000e+00 1.963495408493620871e-03
2.150809661790364657e+02 -8.394255106585334081e-02 -8.913783730524766757e-04 0.000000000000000000e+00 1.963495408493620871e-03
2.153083714522754235e+02 -8.046518777367461794e-02 -3.007256425341069258e-04 0.000000000000000000e+00 1.963495408493620871e-03
2.154894039544904274e+02 -7.765835358809822231e-02 -7.457324053660710408e-04 0.000000000000000000e+00 1.963495408493620871e-03
2.157213755447289714e+02 -7.368339952105007473e-02 -5.960537808492806684e-05 0.000000000000000000e+00 1.963495408493620871e-03
2.159020979159089677e+02 -7.052991078229785271e-02 -5.992768876791401949e-04 0.000000000000000000e+00 1.963495408493620871e-03
2.161230786864310858e+02 -6.707003615947540465e-02 1.495206449971938300e-04 0.000000000000000000e+00 1.963495408493620871e-03
2.163061819570102671e+02 -6.477374087461598706e-02 -4.128552860240898873e-04 0.000000000000000000e+00 1.963495408493620871e-03
2.165231942801833327e+02 -6.272331086330584782e-02 2.997267413614344237e-04 0.000000000000000000e+00 1.963495408493620871e-03
2.167080783721079911e+02 -6.175969556305983821e-02 -2.178967408549000806e-04 0.000000000000000000e+00 1.963495408493620871e-03
2.169278677935652127e+02 -6.126123245389039629e-02 4.395218256852437646e-04 0.000000000000000000e+00 1.963495408493620871e-03
2.171154421543455157e+02 -6.098458723807614890e-02 -4.320677199557131651e-05 0.000000000000000000e+00 1.963495408493620871e-03
2.173400991054859901e+02 -6.077228654608390207e-02 5.542150891660396154e-04 0.000000000000000000e+00 1.963495408493620871e-03
2.175304161066561051e+02 -6.059819979278061042e-02 4.563553562229505822e-05 0.000000000000000000e+00 1.963495408493620871e-03
2.177583527819126914e+02 -6.024288402235375428e-02 6.046738133146918690e-04 0.000000000000000000e+00 1.963495408493620871e-03
2.179510299759597842e+02 -5.978723777103591569e-02 1.026641614554019366e-04 0.000000000000000000e+00 1.963495408493620871e-03
2.181788584328497791e+02 -5.900556162135372346e-02 6.117466378750117430e-04 0.000000000000000000e+00 1.963495408493620871e-03
2.183726208643542748e+02 -5.806624394718352955e-02 1.024912162145851272e-05 0.000000000000000000e+00 1.963495408493620871e-03
2.185981748958769231e+02 -5.680788513521678462e-02 5.973714541021488654e-04 0.000000000000000000e+00 1.963495408493620871e-03
2.187909716530266735e+02 -5.547948160357200897e-02 -1.275814254831069826e-04 0.000000000000000000e+00 1.963495408493620871e-03
2.190155584472887824e+02 -5.387767238350725518e-02 5.347452170157910700e-04 0.000000000000000000e+00 1.963495408493620871e-03
2.192069235263174960e+02 -5.241503392585430965e-02 -2.802041152970154137e-04 0.000000000000000000e+00 1.963495408493620871e-03
2.194322220306131328e+02 -5.073541054889805363e-02 4.373529510365491103e-04 0.000000000000000000e+00 1.963495408493620871e-03
2.196251911255818641e+02 -4.932129805213460172e-02 -3.610932321977729925e-04 0.000000000000000000e+00 1.963495408493620871e-03
2.198527425656789660e+02 -4.782683836676321354e-02 3.162546204382012203e-04 0.000000000000000000e+00 1.963495408493620871e-03
2.200497769480483328e+02 -4.659456602762893085e-02 -4.161347891456308647e-04 0.000000000000000000e+00 1.963495408493620871e-03
2.202823680457318005e+02 -4.533311652546258286e-02 2.683797428358801690e-04 0.000000000000000000e+00 1.963495408493620871e-03
2.204834098751900626e+02 -4.427870034042385300e-02 -4.403967242849564086e-04 0.000000000000000000e+00 1.963495408493620871e-03
2.207210084163008617e+02 -4.305927752567936806e-02 2.090732906704825789e-04 0.000000000000000000e+00 1.963495408493620871e-03
2.209252256889509454e+02 -4.185785747905807624e-02 -4.619522460279967607e-04 0.000000000000000000e+00 1.963495408493620871e-03
2.211646457911808454e+02 -4.019976590508342329e-02 2.156740724518758337e-04 0.000000000000000000e+00 1.963495408493620871e-03
2.213679484689446895e+02 -3.840162774554311403e-02 -4.708510925983806729e-04 0.000000000000000000e+00 1.963495408493620871e-03
2.216037881336501414e+02 -3.587427633392147042e-02 2.268428414079591430e-04 0.000000000000000000e+00 1.963495408493620871e-03
2.218006847996320232e+02 -3.334390587478468226e-02 -5.312048503874899907e-04 0.000000000000000000e+00 1.963495408493620871e-03
2.220277157688227589e+02 -3.007439848893374984e-02 2.738017489806435136e-04 0.000000000000000000e+00 1.963495408493620871e-03
2.222174352872561656e+02 -2.705030597506245110e-02 -5.803359606414050390e-04 0.000000000000000000e+00 1.963495408493620871e-03
2.224373008668522118e+02 -2.340167948216533012e-02 3.012875015567938360e-04 0.000000000000000000e+00 1.963495408493620871e-03
2.226231003715456040e+02 -2.020485835622248816e-02 -5.932569633020461086e-04 0.000000000000000000e+00 1.963495408493620871e-03
2.228408463331383587e+02 -1.651188522972174555e-02 3.004392768876077867e-04 0.000000000000000000e+00 1.963495408493620871e-03
2.230267460933534096e+02 -1.338427417223458059e-02 -5.972517886226734896e-04 0.000000000000000000e+00 1.963495408493620871e-03
2.232476120343823141e+02 -9.849537653328022113e-03 2.782265505650346592e-04 0.000000000000000000e+00 1.963495408493620871e-03
2.234381818240779864e+02 -6.893678851229635696e-03 -5.953437850315592035e-04 0.000000000000000000e+00 1.963495408493620871e-03
2.236668641615382001e+02 -3.539571853514611455e-03 2.771115277201813797e-04 0.000000000000000000e+00 1.963495408493620871e-03
2.238635639925871601e+02 -7.552484101088280041e-04 -5.849779412975205945e-04 0.000000000000000000e+00 1.963495408493620871e-03
2.240978410884140146e+02 2.535832023770013752e-03 2.751849367381855411e-04 0.000000000000000000e+00 1.963495408493620871e-03
2.242981445684568484e+02 5.533034163632984809e-03 -5.993832675619554379e-04 0.000000000000000000e+00 1.963495408493620871e-03
2.245318007878189519e+02 9.376705133243706802e-03 3.160898518750519196e-04 0.000000000000000000e+00 1.963495408493620871e-03
2.247269480587794135e+02 1.305260452334227467e-02 -5.682723273574484231e-04 0.000000000000000000e+00 1.963495408493620871e-03
2.249499262668587107e+02 1.791693105303549666e-02 3.710568908665311857e-04 0.000000000000000000e+00 1.963495408493620871e-03
2.251299434973064706e+02 2.224483046317442259e-02 -5.437994977621995974e-04 0.000000000000000000e+00 1.963495408493620871e-03
2.253321873853391537e+02 2.740022803441484467e-02 4.561309412513325843e-04 0.000000000000000000e+00 1.963495408493620871e-03
2.254962150740669244e+02 3.165453108271822080e-02 -5.225179718064728706e-04 0.000000000000000000e+00 1.963495408493620871e-03
2.256849616013150523e+02 3.612811959702821873e-02 5.718197585059504266e-04 0.000000000000000000e+00 1.963495408493620871e-03
2.258441637159646120e+02 3.958958792478711741e-02 -5.024612423277634863e-04 0.000000000000000000e+00 1.963495408493620871e-03
2.260300000190015908e+02 4.297877594315353822e-02 6.601799122156588005e-04 0.000000000000000000e+00 1.963495408493620871e-03
2.261895771169379543e+02 4.552830552350620175e-02 -4.189864593774448188e-04 0.000000000000000000e+00 1.963495408493620871e-03
2.263814017425033285e+02 4.811850211179743986e-02 6.949055275069245365e-04 0.000000000000000000e+00 1.963495408493620871e-03
2.265505512576371245e+02 5.021215024027059215e-02 -3.604635334656301716e-04 0.000000000000000000e+00 1.963495408493620871e-03
2.267579937334993190e+02 5.242311579486191864e-02 7.499614641744547843e-04 0.000000000000000000e+00 1.963495408493620871e-03
2.269413971719171741e+02 5.411677385158571163e-02 -3.503738598262486808e-04 0.000000000000000000e+00 1.963495408493620871e-03
2.271617538639169425e+02 5.586288609716533182e-02 7.814053844065067247e-04 0.000000000000000000e+00 1.963495408493620871e-03
2.273551930620837709e+02 5.740542932151375399e-02 -3.833712595976451103e-04 0.000000000000000000e+00 1.963495408493620871e-03
2.275799686508643163e+02 5.946553625734636583e-02 7.679609006747690732e-04 0.000000000000000000e+00 1.963495408493620871e-03
2.277725342401648447e+02 6.179138945349973988e-02 -4.167131969444510696e-04 0.000000000000000000e+00 1.963495408493620871e-03
2.279845711110583864e+02 6.499151421598489686e-02 7.162806922025360869e-04 0.000000000000000000e+00 1.963495408493620871e-03
2.281552470055161734e+02 6.796144640830556471e-02 -4.812670307569789528e-04 0.000000000000000000e+00 1.963495408493620871e-03
2.283354382311467532e+02 7.099201816491571004e-02 6.835786965073484397e-04 0.000000000000000000e+00 1.963495408493620871e-03
2.284808992779821324e+02 7.324661944583124584e-02 -5.967922080770281159e-04 0.000000000000000000e+00 1.963495408493620871e-03
2.286463959087587341e+02 7.557440625768419018e-02 6.637741174251943557e-04 0.000000000000000000e+00 1.963495408493620871e-03
2.287938323472867239e+02 7.771145300132051292e-02 -6.815043932688112736e-04 0.000000000000000000e+00 1.963495408493620871e-03
2.289599373751330518e+02 7.965749330326263311e-02 6.422939551447164096e-04 0.000000000000000000e+00 1.963495408493620871e-03
2.291062590376652963e+02 8.121326985766691431e-02 -7.412232312399534562e-04 0.000000000000000000e+00 1.963495408493620871e-03
2.292769726925366456e+02 8.273582234865364815e-02 5.846359826472510195e-04 0.000000000000000000e+00 1.963495408493620871e-03
2.294383116704911458e+02 8.441870847845250880e-02 -7.571875334992106150e-04 0.000000000000000000e+00 1.963495408493620871e-03
2.296356564311958266e+02 8.643455897646218355e-02 5.591855200599927037e-04 0.000000000000000000e+00 1.963495408493620871e-03
2.298228875958111530e+02 8.819649755983741124e-02 -8.004824338479612838e-04 0.000000000000000000e+00 1.963495408493620871e-03
2.300425167638965718e+02 8.985491625100425206e-02 5.708064943416128745e-04 0.000000000000000000e+00 1.963495408493620871e-03
2.302500304246314897e+02 9.137941960959689025e-02 -8.225726934896115863e-04 0.000000000000000000e+00 1.963495408493620871e-03
2.304808370990849085e+02 9.338513325781042096e-02 6.310312960133703875e-04 0.000000000000000000e+00 1.963495408493620871e-03
2.306928916540274201e+02 9.621561088016625241e-02 -7.967805526664104368e-04 0.000000000000000000e+00 1.963495408493620871e-03
2.309029980350547078e+02 1.000738915412833219e-01 6.800616013527983200e-04 0.000000000000000000e+00 1.963495408493620871e-03
2.310796695660012574e+02 1.039033775420032391e-01 -7.328400430944638803e-04 0.000000000000000000e+00 1.963495408493620871e-03
2.312339990730952195e+02 1.061332635000025448e-01 7.200377628469819581e-04 0.000000000000000000e+00 1.963495408493620871e-03
2.313539598810025666e+02 1.064905475706683369e-01 -7.397325821386595409e-04 0.000000000000000000e+00 1.963495408493620871e-03
2.314932018187071208e+02 1.066145278041523148e-01 7.734879836472138143e-04 0.000000000000000000e+00 1.963495408493620871e-03
2.316418624970849862e+02 1.076559646062754672e-01 -7.699209955568408516e-04 0.000000000000000000e+00 1.963495408493620871e-03
2.317971113747869651e+02 1.082450591649820326e-01 8.102494715483280277e-04 0.000000000000000000e+00 1.963495408493620871e-03
2.319373448786032554e+02 1.079863293131348156e-01 -7.275696411172219869e-04 0.000000000000000000e+00 1.963495408493620871e-03
2.320736810228185902e+02 1.067049565570754449e-01 7.936249662574279551e-04 0.000000000000000000e+00 1.963495408493620871e-03
2.322214046031033376e+02 1.070652958784953229e-01 -7.077288044169393342e-04 0.000000000000000000e+00 1.963495408493620871e-03
2.324025229694330505e+02 1.089230618059307126e-01 8.617821331091974485e-04 0.000000000000000000e+00 1.963495408493620871e-03
2.325968452121409484e+02 1.114204923974435879e-01 -7.241203835878192493e-04 0.000000000000000000e+00 1.963495408493620871e-03
2.328072971333340888e+02 1.135116301286135942e-01 9.321664596683345433e-04 0.000000000000000000e+00 1.963495408493620871e-03
2.330376320346668706e+02 1.155233730263960923e-01 -7.234575709989053260e-04 0.000000000000000000e+00 1.963495408493620871e-03
2.332864250092880241e+02 1.179555168300466528e-01 9.827742640221581467e-04 0.000000000000000000e+00 1.963495408493620871e-03
2.335442301784922847e+02 1.228973271005704415e-01 -7.047894571196027403e-04 0.000000000000000000e+00 1.963495408493620871e-03
2.337400581058494424e+02 1.285495391248034913e-01 1.004744030969016320e-03 0.000000000000000000e+00 1.963495408493620871e-03
2.339314400663125753e+02 1.354184312667232881e-01 -6.550873384741217210e-04 0.000000000000000000e+00 1.963495408493620871e-03
2.340462949469035152e+02 1.366895266095308203e-01 9.638375335326901903e-04 0.000000000000000000e+00 1.963495408493620871e-03
2.340934349036375295e+02 1.307069996600856987e-01 -6.427452083669952208e-04 0.000000000000000000e+00 1.963495408493620871e-03
2.342153531341861026e+02 1.263573944124754544e-01 9.749198639377317736e-04 0.000000000000000000e+00 1.963495408493620871e-03
2.344199648786345449e+02 1.269158738972160916e-01 -6.973176667908283135e-04 0.000000000000000000e+00 1.963495408493620871e-03
2.345727444693477253e+02 1.272135651284097002e-01 9.722687212588374678e-04 0.000000000000000000e+00 1.963495408493620871e-03
2.347706642106241475e+02 1.255448099759632896e-01 -7.194573085922756003e-04 0.000000000000000000e+00 1.963495408493620871e-03
2.348685622003023923e+02 1.179609883521947622e-01 9.603710477148425049e-04 0.000000000000000000e+00 1.963495408493620871e-03
2.349539123561690701e+02 1.118282792733800157e-01 -8.337422503837017829e-04 0.000000000000000000e+00 1.963495408493620871e-03
2.351167459650407068e+02 1.134454507245483135e-01 1.044891683356288055e-03 0.000000000000000000e+00 1.963495408493620871e-03
2.353318061673726618e+02 1.190293054961029384e-01 -9.258062507558309680e-04 0.000000000000000000e+00 1.963495408493620871e-03
2.354865590633962995e+02 1.219055336254447897e-01 1.032033461627184521e-03 0.000000000000000000e+00 1.963495408493620871e-03
2.357223701922097234e+02 1.260137157364291105e-01 -9.429695450468597410e-04 0.000000000000000000e+00 1.963495408493620871e-03
2.360243513210851063e+02 1.307039643791587380e-01 1.014940031489152197e-03 0.000000000000000000e+00 1.963495408493620871e-03
2.364452285425516038e+02 1.481717287020465346e-01 -9.247275002484537428e-04 0.000000000000000000e+00 1.963495408493620871e-03
2.365952294615894402e+02 1.571996196351314046e-01 1.031122927626215843e-03 0.000000000000000000e+00 1.963495408493620871e-03
2.365887276397109247e+02 1.543284499507501517e-01 -8.240879171887375426e-04 0.000000000000000000e+00 1.963495408493620871e-03
2.366369588865525202e+02 1.535264885826968517e-01 9.291044908331350279e-04 0.000000000000000000e+00 1.963495408493620871e-03
2.366012478428615111e+02 1.335935277659471843e-01 -7.133302459433369606e-04 0.000000000000000000e+00 1.963495408493620871e-03
2.375289727611402384e+02 1.268429432301796944e-01 9.398787912414088754e-04 0.000000000000000000e+00 1.963495408493620871e-03
2.375657987094557484e+02 1.269782178925645266e-01 -7.020578227086272070e-04 0.000000000000000000e+00 1.963495408493620871e-03
2.369145051036470306e+02 1.393780970561154797e-01 9.493890572699890170e-04 0.000000000000000000e+00 1.963495408493620871e-03
2.369948704405866806e+02 1.387901736567833111e-01 -7.917830334020496859e-04 0.000000000000000000e+00 1.963495408493620871e-03
2.377547697467488206e+02 1.298363954926262664e-01 1.117345723664191345e-03 0.000000000000000000e+00 1.963495408493620871e-03
2.378224116125080911e+02 1.038282325582827320e-01 -9.765563752395876179e-04 0.000000000000000000e+00 1.963495408493620871e-03
2.380167809658402120e+02 1.062096355717811191e-01 1.352059270829835194e-03 0.000000000000000000e+00 1.963495408493620871e-03
2.384856391498748565e+02 1.301773326275680320e-01 -1.135927365933632905e-03 0.000000000000000000e+00 1.963495408493620871e-03
2.383104942168127138e+02 1.184865991012895026e-01 1.369379346811228169e-03 0.000000000000000000e+00 1.963495408493620871e-03
2.379611923718399566e+02 9.412007548377503141e-02 -1.070869033943280813e-03 0.000000000000000000e+00 1.963495408493620871e-03
2.384565724417771548e+02 1.206546797277972816e-01 1.205710224987030336e-03 0.000000000000000000e+00 1.963495408493620871e-03
2.390703002638973942e+02 1.458420621278688212e-01 -9.224958166728473592e-04 0.000000000000000000e+00 1.963495408493620871e-03
2.392962657443430885e+02 1.566867662242785175e-01 1.205157777546215451e-03 0.000000000000000000e+00 1.963495408493620871e-03
2.392344543122790412e+02 1.484167653507385554e-01 -8.120305177245898051e-04 0.000000000000000000e+00 1.963495408493620871e-03
2.400029036224569552e+02 1.658885204951385250e-01 1.035158601463356115e-03 0.000000000000000000e+00 1.963495408493620871e-03
2.412443137575016863e+02 1.388022575522850910e-01 -5.097916486568293114e-04 0.000000000000000000e+00 1.963495408493620871e-03
2.424176984994325323e+02 1.444833516547636143e-01 9.723698684178853999e-04 0.000000000000000000e+00 1.963495408493620871e-03
2.406692106907376569e+02 1.221473605197251205e-01 -5.421418655098787179e-04 0.000000000000000000e+00 1.963495408493620871e-03
2.402663331684516379e+02 1.717757776520082991e-01 9.969327040811343937e-04 0.000000000000000000e+00 1.963495408493620871e-03
2.391273638884995592e+02 1.376427909863320309e-01 -6.817446494031852763e-04 0.000000000000000000e+00 1.963495408493620871e-03
2.399719743963220822e+02 1.617781985086457763e-01 1.292149995778543205e-03 0.000000000000000000e+00 1.963495408493620871e-03
2.401868762330248330e+02 1.376841826834480642e-01 -1.134277936171549945e-03 0.000000000000000000e+00 1.963495408493620871e-03
2.403978418151924927e+02 1.202648755472438824e-01 1.647459959761026068e-03 0.000000000000000000e+00 1.963495408493620871e-03
2.410670169121607387e+02 1.297854907685079828e-01 -1.266203951408050032e-03 0.000000000000000000e+00 1.963495408493620871e-03
2.418782206967702848e+02 1.286332067322485118e-01 1.763170934300954196e-03 0.000000000000000000e+00 1.963495408493620871e-03
2.430358171831435357e+02 1.448354013444475286e-01 -1.328221328477603280e-03 0.000000000000000000e+00 1.963495408493620871e-03
2.446121237182528603e+02 1.588230582903435162e-01 1.546731155915272420e-03 0.000000000000000000e+00 1.963495408493620871e-03
2.437707855095848402e+02 1.662534891619959765e-01 -9.263322672102599752e-04 0.000000000000000000e+00 1.963495408493620871e-03
2.427705012784205394e+02 1.425009903185431581e-01 1.269174674374949413e-03 0.000000000000000000e+00 1.963495408493620871e-03
2.417216320725686955e+02 1.248513927513182770e-01 -8.940234404954338319e-04 0.000000000000000000e+00 1.963495408493620871e-03
2.428519011510955181e+02 1.462597691750095186e-01 1.195344987753391326e-03 0.000000000000000000e+00 1.963495408493620871e-03
2.453078221682792446e+02 1.188736795758067039e-01 -4.341142260002810822e-04 0.000000000000000000e+00 1.963495408493620871e-03
2.482735185508653899e+02 1.426376030453879173e-01 1.222648800280662926e-03 0.000000000000000000e+00 1.963495408493620871e-03
2.457314815025165160e+02 1.093542045130016238e-01 -4.054941359330543676e-04 0.000000000000000000e+00 1.963495408493620871e-03
2.428028036835139574e+02 1.201888587415368692e-01 9.397668656913895323e-04 0.000000000000000000e+00 1.963495408493620871e-03
2.406940664886826085e+02 6.867547198624573968e-02 -4.494894363317123711e-04 0.000000000000000000e+00 1.963495408493620871e-03
2.435338228805277083e+02 1.512273455953331291e-01 1.175418066638458763e-03 0.000000000000000000e+00 1.963495408493620871e-03
2.459641347348143086e+02 1.035370340180079285e-01 -1.001310259047930072e-03 0.000000000000000000e+00 1.963495408493620871e-03
2.442159837396708610e+02 1.246133278837709135e-01 1.425673778504291112e-03 0.000000000000000000e+00 1.963495408493620871e-03
2.463595921372702264e+02 9.432241091126433719e-02 -1.176758050077123842e-03 0.000000000000000000e+00 1.963495408493620871e-03
2.463758099911768795e+02 8.968353068979527387e-02 1.849131702172283377e-03 0.000000000000000000e+00 1.963495408493620871e-03
2.470108496032219989e+02 8.701001745179520741e-02 -8.828584224216354682e-04 0.000000000000000000e+00 1.963495408493620871e-03
2.512193456172070114e+02 1.042989949912992154e-01 2.246489293951420014e-03 0.000000000000000000e+00 1.963495408493620871e-03
2.475187061074965129e+02 8.094234066558056440e-02 -1.151661392899466872e-03 0.000000000000000000e+00 1.963495408493620871e-03
2.453215117611227072e+02 7.693213864230789845e-02 1.251526615257778736e-03 0.000000000000000000e+00 1.963495408493620871e-03
2.446051494538124302e+02 1.288291915604032334e-01 -1.025254512669557814e-03 0.000000000000000000e+00 1.963495408493620871e-03
2.392629613097711569e+02 7.696914464168276571e-02 1.183853917134788372e-03 0.000000000000000000e+00 1.963495408493620871e-03
2.438388196821395582e+02 1.563366012139450478e-01 -5.651783961050655791e-04 0.000000000000000000e+00 1.963495408493620871e-03
2.459072016312968572e+02 5.933734632260505987e-02 1.156627984785117734e-03 0.000000000000000000e+00 1.963495408493620871e-03
2.499180570981488074e+02 1.931814511609103099e-02 1.052669406985915239e-04 0.000000000000000000e+00 1.963495408493620871e-03
2.454139836631461264e+02 7.679782204356564237e-03 1.020548481599517238e-03 0.000000000000000000e+00 1.963495408493620871e-03
2.522945495854363571e+02 1.321886130589280117e-01 -1.080969776323992596e-04 0.000000000000000000e+00 1.963495408493620871e-03
2.505076354210026750e+02 3.740486758412445850e-02 1.312305823826012772e-03 0.000000000000000000e+00 1.963495408493620871e-03
2.481237405286985904e+02 7.188585646823406061e-02 -5.629878253165983022e-04 0.000000000000000000e+00 1.963495408493620871e-03
2.515114647513938166e+02 1.246448165208570158e-01 1.951229785815761057e-03 0.000000000000000000e+00 1.963495408493620871e-03
2.482738217769054643e+02 8.539686410449937037e-02 -5.215397631261513636e-04 0.000000000000000000e+00 1.963495408493620871e-03
2.464471249123751591e+02 7.895155828385885810e-02 1.224416570750390182e-03 0.000000000000000000e+00 1.963495408493620871e-03
2.488071384377772972e+02 1.117559347063733777e-01 -4.542823970221832215e-04 0.000000000000000000e+00 1.963495408493620871e-03
2.490773472393845793e+02 5.803160925006631971e-02 1.230658985456287678e-03 0.000000000000000000e+00 1.963495408493620871e-03
2.570303900072921124e+02 7.591948967209917465e-02 -8.106909326608066364e-04 0.000000000000000000e+00 1.963495408493620871e-03
2.499160848717762917e+02 -4.871549555915198615e-03 1.689599238900406147e-03 0.000000000000000000e+00 1.963495408493620871e-03
2.492900557574094478e+02 1.253511302051779977e-02 -5.755890589348919544e-04 0.000000000000000000e+00 1.963495408493620871e-03
2.468688587443778601e+02 5.915785064771175716e-02 1.072371057541437241e-03 0.000000000000000000e+00 1.963495408493620871e-03
2.508943442034501174e+02 6.411688220072468691e-02 -5.807629382772498076e-04 0.000000000000000000e+00 1.963495408493620871e-03
2.543832270463962004e+02 2.654531057544013556e-02 1.638887531475868419e-03 0.000000000000000000e+00 1.963495408493620871e-03
2.507339484673981644e+02 4.814846833155405487e-02 2.045211314957405004e-04 0.000000000000000000e+00 1.963495408493620871e-03
2.575623106095197272e+02 2.876608496907186174e-02 8.887808561743917304e-04 0.000000000000000000e+00 1.963495408493620871e-03
2.628810138989946381e+02 2.631954377386329369e-02 2.908864622495582579e-04 0.000000000000000000e+00 1.963495408493620871e-03
2.555139606868158921e+02 -1.960061426509216581e-02 1.085779287041677577e-03 0.000000000000000000e+00 1.963495408493620871e-03
2.533903786885131240e+02 2.885704521894905117e-02 -4.613219019748733682e-04 0.000000000000000000e+00 1.963495408493620871e-03
2.547471486367686566e+02 2.401131648027820392e-02 1.424642545503995760e-03 0.000000000000000000e+00 1.963495408493620871e-03
2.533559948042650092e+02 8.349646607962525613e-02 -2.349681881999422881e-04 0.000000000000000000e+00 1.963495408493620871e-03
2.442421910159392553e+02 9.391786533222791500e-02 9.872677634547672929e-04 0.000000000000000000e+00 1.963495408493620871e-03
2.405817935240886527e+02 4.957633976012346816e-02 -7.291672970659158863e-04 0.000000000000000000e+00 1.963495408493620871e-03
2.426767149153847924e+02 5.577436761209078608e-02 2.219099218986893924e-04 0.000000000000000000e+00 1.963495408493620871e-03
2.536777800539560417e+02 6.756044014059656155e-02 3.687915987841702912e-04 0.000000000000000000e+00 1.963495408493620871e-03
2.527271210489228110e+02 1.058045631469883563e-01 1.480601365723995368e-03 0.000000000000000000e+00 1.963495408493620871e-03
2.555929085022525840e+02 1.604861842372344236e-02 -2.636485028355181853e-04 0.000000000000000000e+00 1.963495408493620871e-03
2.551042695089778363e+02 7.075268462223807849e-03 1.506629747769976362e-03 0.000000000000000000e+00 1.963495408493620871e-03
2.570018251192196317e+02 1.763124738536668915e-02 -1.206439087698461896e-03 0.000000000000000000e+00 1.963495408493620871e-03
2.590531032538212344e+02 1.148015575640074989e-02 2.278514645737180454e-03 0.000000000000000000e+00 1.963495408493620871e-03
2.595524109996944162e+02 5.594093871982367891e-03 -4.952165843813347013e-04 0.000000000000000000e+00 1.963495408493620871e-03
2.622066688571181317e+02 -2.323866388000851019e-02 1.011204317107167920e-03 0.000000000000000000e+00 1.963495408493620871e-03
2.684488117855731844e+02 3.254271182292545195e-02 5.418472606104544724e-04 0.000000000000000000e+00 1.963495408493620871e-03
2.598822883490670961e+02 -1.274981841950427117e-02 1.251675820377648679e-03 0.000000000000000000e+00 1.963495408493620871e-03
2.580485495990786831e+02 3.257710623339318823e-02 3.750248328124626074e-05 0.000000000000000000e+00 1.963495408493620871e-03
2.558213639726755844e+02 -1.884229257358131099e-02 1.219543980676259616e-03 0.000000000000000000e+00 1.963495408493620871e-03
2.554344679189492808e+02 -2.810859321229752794e-02 5.593303806382469686e-04 0.000000000000000000e+00 1.963495408493620871e-03
2.484956844086944727e+02 4.561239711207501490e-02 1.117968238766554705e-03 0.000000000000000000e+00 1.963495408493620871e-03
2.484125037433231569e+02 8.320405762919338977e-02 -1.493816459893970803e-03 0.000000000000000000e+00 1.963495408493620871e-03
2.407259785584521694e+02 3.414193076830044499e-02 -1.221221000738606098e-04 0.000000000000000000e+00 1.963495408493620871e-03
2.426900106633797805e+02 2.942524141107529662e-02 1.605020234699657737e-04 0.000000000000000000e+00 1.963495408493620871e-03
2.506150172449190450e+02 3.793157621140731683e-02 -1.366370163793139423e-03 0.000000000000000000e+00 1.963495408493620871e-03
2.537041921055463547e+02 -2.600704989321655364e-02 4.052263764947504278e-04 0.000000000000000000e+00 1.963495408493620871e-03
2.560942577863473275e+02 -7.532638742133900694e-03 1.407482359033084994e-03 0.000000000000000000e+00 1.963495408493620871e-03
2.579162289614146175e+02 -3.213426618249355660e-02 -1.160801609372323368e-03 0.000000000000000000e+00 1.963495408493620871e-03
2.636507847802707829e+02 3.058070338038795105e-02 1.616235499039068687e-03 0.000000000000000000e+00 1.963495408493620871e-03
2.647272030864268686e+02 3.048527186363735736e-02 -4.935884024110038159e-04 0.000000000000000000e+00 1.963495408493620871e-03
2.675238045111253200e+02 -9.927458576583565730e-03 1.125665820580731488e-03 0.000000000000000000e+00 1.963495408493620871e-03
2.710081733634422108e+02 -4.089639002874569107e-02 2.444019431810060547e-04 0.000000000000000000e+00 1.963495408493620871e-03
2.585461985762804602e+02 -8.166305808540830213e-02 7.585870362314502601e-04 0.000000000000000000e+00 1.963495408493620871e-03
2.596895670569774097e+02 -4.531179355800615816e-02 -5.332805003714578807e-05 0.000000000000000000e+00 1.963495408493620871e-03
2.599101945298789360e+02 -2.216956632581896375e-02 1.061169831064514560e-03 0.000000000000000000e+00 1.963495408493620871e-03
2.577228930729470449e+02 2.138924159689224030e-02 4.226738702986366884e-04 0.000000000000000000e+00 1.963495408493620871e-03
2.534517539093291134e+02 1.543674169924533907e-02 1.190447713461625576e-03 0.000000000000000000e+00 1.963495408493620871e-03
2.462755685500530376e+02 8.882534373593107060e-03 -7.171072593418676734e-04 0.000000000000000000e+00 1.963495408493620871e-03
2.435972524874615601e+02 -2.998363070900468552e-02 -2.511881349642692933e-03 0.000000000000000000e+00 1.963495408493620871e-03
2.416722787552388922e+02 -3.009548237514116098e-02 4.287757512229175422e-03 0.000000000000000000e+00 1.963495408493620871e-03
2.491733993578598074e+02 -4.078217945473094908e-02 -3.808081885227369325e-03 0.000000000000000000e+00 1.963495408493620871e-03
2.579331436666274158e+02 -3.527947611880119516e-02 2.223856319862944474e-03 0.000000000000000000e+00 1.963495408493620871e-03
2.583513562499111345e+02 -3.809616689918998711e-02 -2.235796255515944738e-04 0.000000000000000000e+00 1.963495408493620871e-03
2.616087163969153266e+02 -5.804331146280386489e-02 -4.887545220701310393e-04 0.000000000000000000e+00 1.963495408493620871e-03
2.648090945627383803e+02 -1.271847764784218154e-02 7.238964238713635957e-04 0.000000000000000000e+00 1.963495408493620871e-03
2.714680517679918808e+02 -5.583548468287272137e-02 -6.373173936566269189e-05 0.000000000000000000e+00 1.963495408493620871e-03
2.676354275321014029e+02 -1.867629945416937609e-02 9.022154099321383043e-04 0.000000000000000000e+00 1.963495408493620871e-03
2.688484898765201478e+02 -8.432652616767244425e-02 -9.498185594874575081e-04 0.000000000000000000e+00 1.963495408493620871e-03
2.666126670859944738e+02 -2.718485336055216639e-02 8.432066656669419142e-04 0.000000000000000000e+00 1.963495408493620871e-03
2.653075700524727267e+02 -4.948254706259760938e-02 -1.019372896261204302e-03 0.000000000000000000e+00 1.963495408493620871e-03
2.603728337580651555e+02 -3.447574617922463669e-02 1.591387020888335646e-03 0.000000000000000000e+00 1.963495408493620871e-03
2.550663254314285666e+02 -7.857221651050230737e-02 -1.230189780972458600e-03 0.000000000000000000e+00 1.963495408493620871e-03
2.523568793644267885e+02 -5.818476197350998247e-02 2.557510485952995544e-03 0.000000000000000000e+00 1.963495408493620871e-03
2.508300985041112199e+02 5.081135055305436438e-02 4.852169630961189256e-04 0.000000000000000000e+00 1.963495408493620871e-03
2.470804397268498178e+02 -7.121679038495468128e-02 -2.997595084672757121e-03 0.000000000000000000e+00 1.963495408493620871e-03
2.446885517657496223e+02 -6.378975525749236430e-02 7.065974717580966041e-03 0.000000000000000000e+00 1.963495408493620871e-03
2.513553077459391432e+02 5.068259908813173287e-02 -4.911243162424427239e-03 0.000000000000000000e+00 1.963495408493620871e-03
2.603773147543880668e+02 -3.583348818629053523e-02 3.848193634025497654e-03 0.000000000000000000e+00 1.963495408493620871e-03
2.630499660057648725e+02 -2.095264823964064493e-02 -1.459366213422752696e-03 0.000000000000000000e+00 1.963495408493620871e-03
2.625909775983443524e+02 -6.667142710692509910e-02 -3.249050604046225003e-04 0.000000000000000000e+00 1.963495408493620871e-03
2.676743025778292235e+02 -9.490246613451008839e-02 1.236117604311711467e-03 0.000000000000000000e+00 1.963495408493620871e-03
2.752399916120720604e+02 -6.929138592271355535e-02 2.129474500507618818e-05 0.000000000000000000e+00 1.963495408493620871e-03
2.719410364535228837e+02 -7.620589643505558397e-02 4.684247266868003063e-04 0.000000000000000000e+00 1.963495408493620871e-03
2.724552392296999415e+02 -1.002115505202067491e-01 -1.558088845174248303e-03 0.000000000000000000e+00 1.963495408493620871e-03
2.681031531562940131e+02 -9.194317587332474784e-02 7.958875758872785162e-04 0.000000000000000000e+00 1.963495408493620871e-03
2.652673505273843944e+02 -6.305972861074031488e-02 -2.764645905797060224e-03 0.000000000000000000e+00 1.963495408493620871e-03
2.616508776219961305e+02 -6.756402577633163764e-02 1.259488051455451892e-03 0.000000000000000000e+00 1.963495408493620871e-03
2.545128063929504094e+02 -1.196079928505223433e-01 -2.711496141993981115e-03 0.000000000000000000e+00 1.963495408493620871e-03
2.524731677527848888e+02 -1.260584646381532892e-01 2.565256160070815243e-03 0.000000000000000000e+00 1.963495408493620871e-03
2.517723815817693378e+02 -9.583493651693816839e-02 -3.009480666433061655e-03 0.000000000000000000e+00 1.963495408493620871e-03
2.482201323923378595e+02 -8.072771412150051007e-02 2.087772332354913447e-03 0.000000000000000000e+00 1.963495408493620871e-03
2.515230933772569983e+02 2.171657092136337550e-02 1.984048808242408739e-03 0.000000000000000000e+00 1.963495408493620871e-03
2.582687641382242987e+02 -1.001701992894376836e-01 -2.558593162776488100e-03 0.000000000000000000e+00 1.963495408493620871e-03
2.635295655650749609e+02 -6.827188632592329220e-02 4.613475068511172124e-03 0.000000000000000000e+00 1.963495408493620871e-03
2.660172409543648655e+02 -7.446270421328168854e-02 -4.251891781715475167e-03 0.000000000000000000e+00 1.963495408493620871e-03
2.688141429924928616e+02 -1.162385503608272252e-01 1.029309794179052986e-03 0.000000000000000000e+00 1.963495408493620871e-03
2.768668590155088509e+02 -5.103957427794265922e-02 1.513537380121446601e-03 0.000000000000000000e+00 1.963495408493620871e-03
2.818148484552127115e+02 1.087424046158144419e-01 5.498696090285925620e-04 0.000000000000000000e+00 1.963495408493620871e-03
2.678489159730712572e+02 -1.198606954119343926e-01 -2.657833603674848895e-04 0.000000000000000000e+00 1.963495408493620871e-03
2.723547185529780563e+02 -1.130759388731399501e-01 -1.683986100052776991e-03 0.000000000000000000e+00 1.963495408493620871e-03
2.694027439954287502e+02 -7.779255261731989057e-02 1.153555940011351429e-03 0.000000000000000000e+00 1.963495408493620871e-03
2.639967495102994235e+02 -1.112991574337513223e-01 -3.354679250161250390e-03 0.000000000000000000e+00 1.963495408493620871e-03
2.622440075053920623e+02 -8.537919620940134791e-02 -2.998698320386876479e-05 0.000000000000000000e+00 1.963495408493620871e-03
2.603960710347149075e+02 -7.296299822628476983e-02 -2.805159346533182135e-03 0.000000000000000000e+00 1.963495408493620871e-03
2.633203662679687795e+02 -9.597851790767022301e-03 1.022685037114690618e-03 0.000000000000000000e+00 1.963495408493620871e-03
2.532402392083120901e+02 -1.415311473143939236e-01 -4.782074985666674889e-03 0.000000000000000000e+00 1.963495408493620871e-03
2.497098262982337928e+02 -7.069894859571462797e-02 4.756238388872026900e-03 0.000000000000000000e+00 1.963495408493620871e-03
2.560238450586223848e+02 -9.269150871401446445e-02 -2.603573822235337194e-03 0.000000000000000000e+00 1.963495408493620871e-03
2.652070944980725358e+02 -9.338494597053495494e-02 -3.557296060184084313e-06 0.000000000000000000e+00 1.963495408493620871e-03
2.686082556394526932e+02 -1.271595798982781411e-01 4.578031313479117431e-03 0.000000000000000000e+00 1.963495408493620871e-03
2.755840947863511019e+02 -1.257589934759574257e-01 -6.613124780849377951e-03 0.000000000000000000e+00 1.963495408493620871e-03
2.832546181889106265e+02 1.425279439853324726e-01 5.517989755068354032e-04 0.000000000000000000e+00 1.963495408493620871e-03
2.716203605594856185e+02 -1.787519796705399622e-01 2.052148258676168380e-04 0.000000000000000000e+00 1.963495408493620871e-03
2.723879473433090084e+02 -1.588933048896018774e-01 9.670520194513608069e-04 0.000000000000000000e+00 1.963495408493620871e-03
2.751134218588677527e+02 -1.213986523068558976e-01 1.867286304145236893e-04 0.000000000000000000e+00 1.963495408493620871e-03
2.739620620856166511e+02 -1.152451433015264093e-01 -1.627404231887565403e-03 0.000000000000000000e+00 1.963495408493620871e-03
2.733214907292962152e+02 -6.389677921930216054e-02 1.920950446016178679e-03 0.000000000000000000e+00 1.963495408493620871e-03
2.648231020307104018e+02 -1.148823934550166070e-01 -1.452235627478184066e-03 0.000000000000000000e+00 1.963495408493620871e-03
2.630194760424223546e+02 -1.275083435369104845e-01 4.024613597133039648e-04 0.000000000000000000e+00 1.963495408493620871e-03
2.611627226861621125e+02 -1.353066795957646451e-01 1.141786414881661464e-03 0.000000000000000000e+00 1.963495408493620871e-03
2.547769391227503206e+02 -1.543913611634850636e-01 -2.767002204363467732e-03 0.000000000000000000e+00 1.963495408493620871e-03
2.560034376893296439e+02 -9.996730212791021808e-02 -1.957557611914988258e-03 0.000000000000000000e+00 1.963495408493620871e-03
2.582397458583355956e+02 -1.326335393236082738e-01 -4.508024649280703219e-03 0.000000000000000000e+00 1.963495408493620871e-03
2.598785939243948633e+02 -1.384212478991911355e-01 -1.947268046244589584e-03 0.000000000000000000e+00 1.963495408493620871e-03
2.756037278506849475e+02 -1.276220569853496190e-01 8.083532861077203507e-04 0.000000000000000000e+00 1.963495408493620871e-03
2.730336616854394265e+02 -1.489349148356108321e-01 2.078001594717408460e-03 0.000000000000000000e+00 1.963495408493620871e-03
2.766558347517401444e+02 -1.150799645555617146e-01 -6.190460138899801443e-03 0.000000000000000000e+00 1.963495408493620871e-03
2.764725326806429848e+02 -1.137163981081234509e-01 2.002696710429137709e-04 0.000000000000000000e+00 1.963495408493620871e-03
2.768826738877605180e+02 -7.606575435613172065e-02 -2.332509083112638271e-04 0.000000000000000000e+00 1.963495408493620871e-03
2.741237035148878363e+02 -1.860741968740219632e-01 1.947884009363478296e-03 0.000000000000000000e+00 1.963495408493620871e-03
2.737619858535243225e+02 -1.627265689332851872e-01 -2.242790933740205096e-04 0.000000000000000000e+00 1.963495408493620871e-03
2.698968947298588432e+02 -1.212382044418219285e-01 -2.078691409542839010e-03 0.000000000000000000e+00 1.963495408493620871e-03
2.728658883845733953e+02 -8.643963079830652152e-02 1.886654832313975749e-03 0.000000000000000000e+00 1.963495408493620871e-03
2.641935725524430154e+02 -1.436032184914352861e-01 -1.190433994113744738e-03 0.000000000000000000e+00 1.963495408493620871e-03
2.585859540974340121e+02 -1.781856297233760655e-01 -1.024621799009408632e-03 0.000000000000000000e+00 1.963495408493620871e-03
2.614121420472053501e+02 -1.594274280567715696e-01 2.612261920701948546e-03 0.000000000000000000e+00 1.963495408493620871e-03
2.661199443421552928e+02 -9.045651679942470769e-02 -2.454035265561299323e-03 0.000000000000000000e+00 1.963495408493620871e-03
2.687664154000584062e+02 -1.221024786864916833e-01 1.079702101766367344e-03 0.000000000000000000e+00 1.963495408493620871e-03
2.696637258996186119e+02 -1.056039739339444949e-01 -4.284893256571284739e-03 0.000000000000000000e+00 1.963495408493620871e-03
2.709510355238522834e+02 -1.230122323671234003e-01 -4.835239030231571443e-03 0.000000000000000000e+00 1.963495408493620871e-03
2.657356445862960186e+02 -1.521781539986547804e-01 1.606115475405816249e-03 0.000000000000000000e+00 1.963495408493620871e-03
2.633648363566014154e+02 -1.856492742474232793e-01 1.120175774331699618e-03 0.000000000000000000e+00 1.963495408493620871e-03
2.805277042340017033e+02 -3.562757956308856139e-02 -4.731109401473090718e-03 0.000000000000000000e+00 1.963495408493620871e-03
2.771584163937092171e+02 -8.435714637130278803e-02 -8.376098438387488861e-04 0.000000000000000000e+00 1.963495408493620871e-03
2.862387928825442032e+02 2.214923769453995828e-01 -1.100530490250253976e-03 0.000000000000000000e+00 1.963495408493620871e-03
2.836520658848112362e+02 1.491931707250199746e-01 1.996624884515096378e-03 0.000000000000000000e+00 1.963495408493620871e-03
2.704905636024951150e+02 -1.543773960688536728e-01 -1.088743468116415728e-03 0.000000000000000000e+00 1.963495408493620871e-03
2.711335001013524675e+02 -2.148620560572562788e-01 -1.452081702314239782e-03 0.000000000000000000e+00 1.963495408493620871e-03
2.695016273707024084e+02 -1.364666098604603306e-01 2.635323187084416281e-03 0.000000000000000000e+00 1.963495408493620871e-03
2.721541396501220333e+02 -1.926163113299859952e-01 -1.876427742224710468e-03 0.000000000000000000e+00 1.963495408493620871e-03
2.725300115839748401e+02 -1.997098481814784110e-01 -2.451866935810309046e-03 0.000000000000000000e+00 1.963495408493620871e-03
2.748059162135302245e+02 -1.929058455015232043e-01 1.695883717006550512e-03 0.000000000000000000e+00 1.963495408493620871e-03
2.733049553596904957e+02 -2.173051549600903409e-01 -2.497603460152488636e-04 0.000000000000000000e+00 1.963495408493620871e-03
2.735005239111438300e+02 -2.104459584194849353e-01 -3.188298987264543338e-04 0.000000000000000000e+00 1.963495408493620871e-03
2.746009791800553330e+02 -2.049711819798332724e-01 -9.605654243319993639e-05 0.000000000000000000e+00 1.963495408493620871e-03
2.757147345746177507e+02 -1.462430484646717321e-01 -5.034009428247933739e-04 0.000000000000000000e+00 1.963495408493620871e-03
2.776370034766088679e+02 -7.684002780392594489e-02 5.220461372826355750e-03 0.000000000000000000e+00 1.963495408493620871e-03
2.749103073200271297e+02 -1.977888797815995636e-01 4.551840581031576724e-03 0.000000000000000000e+00 1.963495408493620871e-03
2.779399191919540613e+02 -7.514910002852548399e-02 -4.054755117436127827e-03 0.000000000000000000e+00 1.963495408493620871e-03
2.768627297923027868e+02 -1.030319563895206042e-01 -6.213362743688603156e-04 0.000000000000000000e+00 1.963495408493620871e-03
2.788286348697567973e+02 -4.703391610791242405e-02 -1.718387145618609658e-03 0.000000000000000000e+00 1.963495408493620871e-03
2.797091779713327924e+02 -8.984787180356154646e-03 2.914710634154148074e-03 0.000000000000000000e+00 1.963495408493620871e-03
2.812797993172633255e+02 2.726780884307580810e-02 -2.575833381842846867e-03 0.000000000000000000e+00 1.963495408493620871e-03
2.781661706861049765e+02 -9.155357217692029759e-02 7.361773865069237656e-04 0.000000000000000000e+00 1.963495408493620871e-03
2.786898209523293417e+02 -6.346308243691567430e-02 1.805372911335738611e-03 0.000000000000000000e+00 1.963495408493620871e-03
2.801302541012678375e+02 -4.814589040195108027e-02 -2.228038126802064835e-03 0.000000000000000000e+00 1.963495408493620871e-03
2.778449342504820834e+02 -1.206357297836376241e-01 1.939481139303581535e-03 0.000000000000000000e+00 1.963495408493620871e-03
2.791103572927739833e+02 -5.511866011046728797e-02 -3.419364856795389235e-03 0.000000000000000000e+00 1.963495408493620871e-03
2.793111995143669333e+02 -3.318709581308007528e-02 2.127613991540807346e-03 0.000000000000000000e+00 1.963495408493620871e-03
2.809838686156052745e+02 -2.007235433066133917e-02 -3.343803680124764893e-03 0.000000000000000000e+00 1.963495408493620871e-03
2.816690316413248638e+02 1.376314564190724704e-02 2.426852952974492463e-03 0.000000000000000000e+00 1.963495408493620871e-03
2.826115204864782982e+02 3.811993406826352793e-02 1.203496487314274083e-03 0.000000000000000000e+00 1.963495408493620871e-03
2.839746211406278462e+02 1.133338271823357835e-01 2.228873356529242466e-03 0.000000000000000000e+00 1.963495408493620871e-03
2.829367512001847444e+02 5.235231590780640987e-02 1.524202067601523446e-03 0.000000000000000000e+00 1.963495408493620871e-03
2.833331104423243119e+02 7.705982172722711243e-02 -1.355116906730970214e-03 0.000000000000000000e+00 1.963495408493620871e-03
2.821184386418552208e+02 1.947473385679211744e-02 9.290669240590077906e-04 0.000000000000000000e+00 1.963495408493620871e-03
2.806954614039663056e+02 -6.326813253190868847e-02 -5.583363720274474654e-04 0.000000000000000000e+00 1.963495408493620871e-03
2.779393207694198509e+02 -2.563066968413026392e-01 2.246184772019723785e-04 0.000000000000000000e+00 1.963495408493620871e-03
2.816669889926199062e+02 -2.045143601033271585e-01 2.664954849813259020e-03 0.000000000000000000e+00 1.963495408493620871e-03
2.882154072366429887e+02 1.599805647818208082e-02 -3.465032075074359758e-03 0.000000000000000000e+00 1.963495408493620871e-03
2.810849098938846851e+02 -3.302302954740762159e-02 1.019054796834442103e-03 0.000000000000000000e+00 1.963495408493620871e-03
2.777735792782563635e+02 -1.384623584996523549e-01 2.340774378670338034e-03 0.000000000000000000e+00 1.963495408493620871e-03
2.765662908917471441e+02 -1.288428353549818106e-01 1.981174996345396854e-03 0.000000000000000000e+00 1.963495408493620871e-03
2.667285276530210467e+02 -2.122147760168839881e-01 -1.413582232760467183e-03 0.000000000000000000e+00 1.963495408493620871e-03
2.613341920914321577e+02 -2.997892298451330095e-01 1.028396933584712790e-03 0.000000000000000000e+00 1.963495408493620871e-03
2.781475852421794457e+02 -2.773546635881544153e-01 5.443719695754630850e-05 0.000000000000000000e+00 1.963495408493620871e-03
