# q:-1.000000e+00, m:1.000000e+00, N:480 - x,px,py,pz,w
1.796523177422488402e+02 -5.258325443345412964e-02 -4.501822768104230335e-03 0.000000000000000000e+00 1.963495408493620871e-03
1.757647950551830434e+02 -1.759939975030936632e-01 -6.637385306687710587e-04 0.000000000000000000e+00 1.963495408493620871e-03
1.828249722061298144e+02 5.554831352191126614e-02 1.960119556350644991e-03 0.000000000000000000e+00 1.963495408493620871e-03
1.883820978335330381e+02 2.015713256624638294e-01 1.711746491255959624e-03 0.000000000000000000e+00 1.963495408493620871e-03
1.914250238053442956e+02 7.439856881639023145e-02 1.042934652268140243e-03 0.000000000000000000e+00 1.963495408493620871e-03
1.912985031339280226e+02 -1.146319132234898709e-02 6.007846520558967306e-03 0.000000000000000000e+00 1.963495408493620871e-03
1.903498545621433493e+02 -1.147465510329004762e-01 1.751464881866012652e-02 0.000000000000000000e+00 1.963495408493620871e-03
1.898747263574716158e+02 -1.640978443437873802e-01 1.863598307196879383e-02 0.000000000000000000e+00 1.963495408493620871e-03
1.897242386087048089e+02 -1.853696753867484781e-01 1.698792967734706616e-02 0.000000000000000000e+00 1.963495408493620871e-03
1.898670352910487225e+02 -1.817262424548916067e-01 1.862389671939368788e-02 0.000000000000000000e+00 1.963495408493620871e-03
1.901412592719793793e+02 -1.674827966386503997e-01 1.812123447203078247e-02 0.000000000000000000e+00 1.963495408493620871e-03
1.903628651196578687e+02 -1.565144683527011082e-01 1.848427692530198868e-02 0.000000000000000000e+00 1.963495408493620871e-03
1.907032159063271308e+02 -1.445610508293203311e-01 1.478350313173043551e-02 0.000000000000000000e+00 1.963495408493620871e-03
1.909034007485166740e+02 -1.402672360810304220e-01 1.314124743292276361e-02 0.000000000000000000e+00 1.963495408493620871e-03
1.911926457747491384e+02 -1.349341618891563288e-01 7.432735979968233507e-03 0.000000000000000000e+00 1.963495408493620871e-03
1.913709394386023632e+02 -1.331175320142093388e-01 4.926945138831339936e-03 0.000000000000000000e+00 1.963495408493620871e-03
1.916418195893353982e+02 -1.313464103425081575e-01 -1.656978621654285264e-03 0.000000000000000000e+00 1.963495408493620871e-03
1.918169295677990647e+02 -1.313440856160060788e-01 -4.542226548103017736e-03 0.000000000000000000e+00 1.963495408493620871e-03
1.920864080883820009e+02 -1.313507093384473912e-01 -1.117716196275970325e-02 0.000000000000000000e+00 1.963495408493620871e-03
1.922614529708937425e+02 -1.318025350199656942e-01 -1.376236496450758753e-02 0.000000000000000000e+00 1.963495408493620871e-03
1.925299944778362544e+02 -1.317880121590781495e-01 -1.930989211909543701e-02 0.000000000000000000e+00 1.963495408493620871e-03
1.927055991257859091e+02 -1.321479793185725560e-01 -2.087897469823926308e-02 0.000000000000000000e+00 1.963495408493620871e-03
1.929741601971895761e+02 -1.320221946576604077e-01 -2.432748804527607583e-02 0.000000000000000000e+00 1.963495408493620871e-03
1.931501786475694473e+02 -1.323329014969844841e-01 -2.427828440971572035e-02 0.000000000000000000e+00 1.963495408493620871e-03
1.934182809771018015e+02 -1.321460557834518990e-01 -2.492833814006981813e-02 0.000000000000000000e+00 1.963495408493620871e-03
1.935946459312696390e+02 -1.324131111992798981e-01 -2.295223706526245203e-02 0.000000000000000000e+00 1.963495408493620871e-03
1.938623625503686014e+02 -1.321640688616980697e-01 -2.061502650366614509e-02 0.000000000000000000e+00 1.963495408493620871e-03
1.940390806003015314e+02 -1.323693449374840903e-01 -1.677432665531398276e-02 0.000000000000000000e+00 1.963495408493620871e-03
1.943063921380937700e+02 -1.320191800134859206e-01 -1.185226265756892522e-02 0.000000000000000000e+00 1.963495408493620871e-03
1.944834308475323041e+02 -1.321212685644501672e-01 -6.597549514744465229e-03 0.000000000000000000e+00 1.963495408493620871e-03
1.947502930895661279e+02 -1.316104294574574063e-01 -4.058471065321832272e-05 0.000000000000000000e+00 1.963495408493620871e-03
1.949276069763212433e+02 -1.315716616599903466e-01 5.852388876303123849e-03 0.000000000000000000e+00 1.963495408493620871e-03
1.951939597132913491e+02 -1.308683140040866610e-01 1.268088280429768150e-02 0.000000000000000000e+00 1.963495408493620871e-03
1.953714925455288665e+02 -1.306854074516373143e-01 1.823593303015327849e-02 0.000000000000000000e+00 1.963495408493620871e-03
1.956372688803628250e+02 -1.298165008267525566e-01 2.382192956480128077e-02 0.000000000000000000e+00 1.963495408493620871e-03
1.958149697835997358e+02 -1.295283387084620319e-01 2.803841504713961569e-02 0.000000000000000000e+00 1.963495408493620871e-03
1.960801155336662021e+02 -1.285675717840796817e-01 3.100950135824054321e-02 0.000000000000000000e+00 1.963495408493620871e-03
1.962579486164606237e+02 -1.282321732212868826e-01 3.307878198471513043e-02 0.000000000000000000e+00 1.963495408493620871e-03
1.965224318272687469e+02 -1.272494000945182113e-01 3.250181019975696695e-02 0.000000000000000000e+00 1.963495408493620871e-03
1.967003759098672333e+02 -1.269032849727396162e-01 3.197260754594195842e-02 0.000000000000000000e+00 1.963495408493620871e-03
1.969641774263451168e+02 -1.259075759961371110e-01 2.755640404167005245e-02 0.000000000000000000e+00 1.963495408493620871e-03
1.971422187425447987e+02 -1.255355600963997675e-01 2.447627974393378966e-02 0.000000000000000000e+00 1.963495408493620871e-03
1.974053132592562463e+02 -1.244572714111820966e-01 1.667525529127835554e-02 0.000000000000000000e+00 1.963495408493620871e-03
1.975834276814791224e+02 -1.239986682711408383e-01 1.159842476965436756e-02 0.000000000000000000e+00 1.963495408493620871e-03
1.978457629754079221e+02 -1.227309223820583911e-01 1.584868862101150577e-03 0.000000000000000000e+00 1.963495408493620871e-03
1.980239157845218472e+02 -1.221215705029143755e-01 -4.501418474423785065e-03 0.000000000000000000e+00 1.963495408493620871e-03
1.982854220235706180e+02 -1.205978817279327320e-01 -1.503364484508251664e-02 0.000000000000000000e+00 1.963495408493620871e-03
1.984635748919479568e+02 -1.198225835078087637e-01 -2.087586315687903898e-02 0.000000000000000000e+00 1.963495408493620871e-03
1.987241795442803607e+02 -1.180764316805301695e-01 -3.000113075428018083e-02 0.000000000000000000e+00 1.963495408493620871e-03
1.989023052447536770e+02 -1.171892698551362383e-01 -3.430464129986711408e-02 0.000000000000000000e+00 1.963495408493620871e-03
1.991619564759601246e+02 -1.153444681365424496e-01 -4.025445622132602097e-02 0.000000000000000000e+00 1.963495408493620871e-03
1.993400492915828295e+02 -1.144365979768250663e-01 -4.193352481185880221e-02 0.000000000000000000e+00 1.963495408493620871e-03
1.995987182611970070e+02 -1.126272331687796779e-01 -4.345392363842445760e-02 0.000000000000000000e+00 1.963495408493620871e-03
1.997767866228659557e+02 -1.117609324808644666e-01 -4.187088644341338539e-02 0.000000000000000000e+00 1.963495408493620871e-03
2.000344445278788044e+02 -1.100343860450827271e-01 -3.849607400760125808e-02 0.000000000000000000e+00 1.963495408493620871e-03
2.002124894910424757e+02 -1.091900058036119892e-01 -3.360135842575827370e-02 0.000000000000000000e+00 1.963495408493620871e-03
2.004690826195377156e+02 -1.074630556667373338e-01 -2.577073347885984814e-02 0.000000000000000000e+00 1.963495408493620871e-03
2.006470824551857959e+02 -1.065400783958919823e-01 -1.817213648325630843e-02 0.000000000000000000e+00 1.963495408493620871e-03
2.009025203334540208e+02 -1.046483160992077444e-01 -7.205836133600962076e-03 0.000000000000000000e+00 1.963495408493620871e-03
2.010804304807359131e+02 -1.035291018809072899e-01 1.923601908933779414e-03 0.000000000000000000e+00 1.963495408493620871e-03
2.013346059460616289e+02 -1.013448751414407212e-01 1.402714760138374511e-02 0.000000000000000000e+00 1.963495408493620871e-03
2.015123844622981721e+02 -9.998079481387811551e-02 2.314414473078405671e-02 0.000000000000000000e+00 1.963495408493620871e-03
2.017652152784241082e+02 -9.751685212841415540e-02 3.406681302621795970e-02 0.000000000000000000e+00 1.963495408493620871e-03
2.019428529238534225e+02 -9.597530054785349818e-02 4.153855861333245053e-02 0.000000000000000000e+00 1.963495408493620871e-03
2.021943142242074316e+02 -9.339574350972532080e-02 4.905570281872106281e-02 0.000000000000000000e+00 1.963495408493620871e-03
2.023718438680001555e+02 -9.182792678516148166e-02 5.345570874450152055e-02 0.000000000000000000e+00 1.963495408493620871e-03
2.026219648722951092e+02 -8.934750587304671199e-02 5.588423174279025241e-02 0.000000000000000000e+00 1.963495408493620871e-03
2.027994411380269923e+02 -8.788995067186913812e-02 5.626738242238626952e-02 0.000000000000000000e+00 1.963495408493620871e-03
2.030482529317742433e+02 -8.562406272767059123e-02 5.278251750332993431e-02 0.000000000000000000e+00 1.963495408493620871e-03
2.032257098436050171e+02 -8.429952129799000993e-02 4.888289025358814877e-02 0.000000000000000000e+00 1.963495408493620871e-03
2.034731850453064510e+02 -8.216840200536487671e-02 3.972623601994450943e-02 0.000000000000000000e+00 1.963495408493620871e-03
2.036505975043532430e+02 -8.085694644658499020e-02 3.204569580730352862e-02 0.000000000000000000e+00 1.963495408493620871e-03
2.038966206246008426e+02 -7.862100447132179537e-02 1.851823869852656929e-02 0.000000000000000000e+00 1.963495408493620871e-03
2.040738997492967997e+02 -7.713204109468765890e-02 8.283852922133891350e-03 0.000000000000000000e+00 1.963495408493620871e-03
2.043183006698235431e+02 -7.454758231772604105e-02 -7.453168811776739178e-03 0.000000000000000000e+00 1.963495408493620871e-03
2.044953361412451329e+02 -7.275053755185947879e-02 -1.847554451406542564e-02 0.000000000000000000e+00 1.963495408493620871e-03
2.047379773373571652e+02 -6.974647111905231400e-02 -3.376725211357861633e-02 0.000000000000000000e+00 1.963495408493620871e-03
2.049147021389797771e+02 -6.767355626529000800e-02 -4.357583963255570736e-02 0.000000000000000000e+00 1.963495408493620871e-03
2.051555582901619630e+02 -6.442398041224259297e-02 -5.573761392896495193e-02 0.000000000000000000e+00 1.963495408493620871e-03
2.053319939621761705e+02 -6.226760169168061437e-02 -6.245442401692066769e-02 0.000000000000000000e+00 1.963495408493620871e-03
2.055711734212770523e+02 -5.909860874808520181e-02 -6.925024395906942409e-02 0.000000000000000000e+00 1.963495408493620871e-03
2.057474176219006381e+02 -5.709558280247845063e-02 -7.146381903300264016e-02 0.000000000000000000e+00 1.963495408493620871e-03
2.059850980091272845e+02 -5.427942806948555382e-02 -7.149561459105641115e-02 0.000000000000000000e+00 1.963495408493620871e-03
2.061612546856095207e+02 -5.255272039766606396e-02 -6.851476467737867282e-02 0.000000000000000000e+00 1.963495408493620871e-03
2.063975667116679631e+02 -5.011973648097910183e-02 -6.148243644289281412e-02 0.000000000000000000e+00 1.963495408493620871e-03
2.065736596084575467e+02 -4.858128818332584781e-02 -5.348414074274163849e-02 0.000000000000000000e+00 1.963495408493620871e-03
2.068085869379317216e+02 -4.627714587290886195e-02 -4.027208198423370966e-02 0.000000000000000000e+00 1.963495408493620871e-03
2.069845099217147890e+02 -4.466296304372976284e-02 -2.830636950143668173e-02 0.000000000000000000e+00 1.963495408493620871e-03
2.072178723152390489e+02 -4.209301400027075368e-02 -1.089889862721561860e-02 0.000000000000000000e+00 1.963495408493620871e-03
2.073934211432461723e+02 -4.012347562476706320e-02 3.237710075157829159e-03 0.000000000000000000e+00 1.963495408493620871e-03
2.076249661844755110e+02 -3.700812076775475412e-02 2.206113890078349737e-02 0.000000000000000000e+00 1.963495408493620871e-03
2.077999343936754997e+02 -3.457926884728243500e-02 3.611235294981733623e-02 0.000000000000000000e+00 1.963495408493620871e-03
2.080294895190341720e+02 -3.095657734848056286e-02 5.323738582135868758e-02 0.000000000000000000e+00 1.963495408493620871e-03
2.082037856090169043e+02 -2.823202610781527788e-02 6.487223847695430812e-02 0.000000000000000000e+00 1.963495408493620871e-03
2.084313812970320612e+02 -2.446317526556941388e-02 7.740066701559518425e-02 0.000000000000000000e+00 1.963495408493620871e-03
2.086050837424319866e+02 -2.179507033198275004e-02 8.461219314148851756e-02 0.000000000000000000e+00 1.963495408493620871e-03
2.088309549963980771e+02 -1.835883006634190379e-02 9.032650883533867303e-02 0.000000000000000000e+00 1.963495408493620871e-03
2.090042672490018560e+02 -1.608116665814731880e-02 9.174874197767363126e-02 0.000000000000000000e+00 1.963495408493620871e-03
2.092287366632342014e+02 -1.328185042018092260e-02 8.945667023412444407e-02 0.000000000000000000e+00 1.963495408493620871e-03
2.094018664678163475e+02 -1.150076607506371473e-02 8.457578314097499717e-02 0.000000000000000000e+00 1.963495408493620871e-03
2.096251639367087876e+02 -9.264537450879127209e-03 7.428738006075123745e-02 0.000000000000000000e+00 1.963495408493620871e-03
2.097981893845268928e+02 -7.770141539950152672e-03 6.354352311945721254e-02 0.000000000000000000e+00 1.963495408493620871e-03
2.100203090312105871e+02 -5.654801977999968435e-03 4.652048733836799954e-02 0.000000000000000000e+00 1.963495408493620871e-03
2.101931065859250793e+02 -4.018487738144260399e-03 3.130200279722668288e-02 0.000000000000000000e+00 1.963495408493620871e-03
2.104137913949529661e+02 -1.453555605122706321e-03 9.935540986871566754e-03 0.000000000000000000e+00 1.963495408493620871e-03
2.105860754145610088e+02 7.246574923685166966e-04 -7.585892534710106383e-03 0.000000000000000000e+00 1.963495408493620871e-03
2.108049501039024278e+02 4.088546943488723107e-03 -3.012077142872182645e-02 0.000000000000000000e+00 1.963495408493620871e-03
2.109764167952876619e+02 6.921648865531333100e-03 -4.731506016722342167e-02 0.000000000000000000e+00 1.963495408493620871e-03
2.111932077223579824e+02 1.096960774834723068e-02 -6.756282771495618344e-02 0.000000000000000000e+00 1.963495408493620871e-03
2.113637048894067334e+02 1.418433016360894777e-02 -8.178721668473169781e-02 0.000000000000000000e+00 1.963495408493620871e-03
2.115784138896169679e+02 1.837022940032061180e-02 -9.660967348484693351e-02 0.000000000000000000e+00 1.963495408493620871e-03
2.117480272456330965e+02 2.144264902567228487e-02 -1.056365850236688220e-01 0.000000000000000000e+00 1.963495408493620871e-03
2.119609568855991597e+02 2.508587268933409886e-02 -1.126637035724426805e-01 0.000000000000000000e+00 1.963495408493620871e-03
2.121299667855069799e+02 2.753037234716349674e-02 -1.149894455453293052e-01 0.000000000000000000e+00 1.963495408493620871e-03
2.123415768103903076e+02 3.019784933173247365e-02 -1.129269833119645183e-01 0.000000000000000000e+00 1.963495408493620871e-03
2.125103161855581106e+02 3.184553944271126258e-02 -1.079563949924001037e-01 0.000000000000000000e+00 1.963495408493620871e-03
2.127210043536377100e+02 3.361211490087685771e-02 -9.673309404965899083e-02 0.000000000000000000e+00 1.963495408493620871e-03
2.128896810715418724e+02 3.473002560056243082e-02 -8.486146669018498900e-02 0.000000000000000000e+00 1.963495408493620871e-03
2.130995776526956433e+02 3.618145396278182879e-02 -6.567211494901961655e-02 0.000000000000000000e+00 1.963495408493620871e-03
2.132681495184753260e+02 3.736474606408216048e-02 -4.829650677351503968e-02 0.000000000000000000e+00 1.963495408493620871e-03
2.134770398655831514e+02 3.931868703122370912e-02 -2.354285889697299572e-02 0.000000000000000000e+00 1.963495408493620871e-03
2.136452125093592542e+02 4.118120134652203390e-02 -2.946168787514483189e-03 0.000000000000000000e+00 1.963495408493620871e-03
2.138526390554686998e+02 4.423852322678538396e-02 2.405917489515418950e-02 0.000000000000000000e+00 1.963495408493620871e-03
2.140200063402446631e+02 4.705209291366224678e-02 4.500650046774215540e-02 0.000000000000000000e+00 1.963495408493620871e-03
2.142255144069058588e+02 5.122393298996785749e-02 7.050964692575256709e-02 0.000000000000000000e+00 1.963495408493620871e-03
2.143917676288876066e+02 5.472452214031994777e-02 8.879272264557486194e-02 0.000000000000000000e+00 1.963495408493620871e-03
2.145951580556245517e+02 5.938053144055521759e-02 1.092487683213502758e-01 0.000000000000000000e+00 1.963495408493620871e-03
2.147602481874220928e+02 6.288095237247359748e-02 1.222003866699033492e-01 0.000000000000000000e+00 1.963495408493620871e-03
2.149616949326671431e+02 6.706426178615246259e-02 1.347785992804392818e-01 0.000000000000000000e+00 1.963495408493620871e-03
2.151258589638058538e+02 6.980898980061681081e-02 1.404182834544396297e-01 0.000000000000000000e+00 1.963495408493620871e-03
2.153258457886614963e+02 7.272921403023965836e-02 1.433594054619016789e-01 0.000000000000000000e+00 1.963495408493620871e-03
2.154895006181671988e+02 7.428657385764850241e-02 1.406374390324210133e-01 0.000000000000000000e+00 1.963495408493620871e-03
2.156886198168688225e+02 7.572508206428255062e-02 1.333619309309512502e-01 0.000000000000000000e+00 1.963495408493620871e-03
2.158521827668829189e+02 7.622419923250497997e-02 1.222211695867856246e-01 0.000000000000000000e+00 1.963495408493620871e-03
2.160508938292439893e+02 7.667305719059966385e-02 1.053649090796899002e-01 0.000000000000000000e+00 1.963495408493620871e-03
2.162145939234722221e+02 7.678725226182880892e-02 8.680603414171172982e-02 0.000000000000000000e+00 1.963495408493620871e-03
2.164130274157059262e+02 7.726072508354198121e-02 6.220588331248685932e-02 0.000000000000000000e+00 1.963495408493620871e-03
2.165767771410368709e+02 7.792799310117948242e-02 3.822676285516897476e-02 0.000000000000000000e+00 1.963495408493620871e-03
2.167746669984242374e+02 7.949343219632096225e-02 8.830896776658603287e-03 0.000000000000000000e+00 1.963495408493620871e-03
2.169380630947115947e+02 8.145698614474292110e-02 -1.768965468183009149e-02 0.000000000000000000e+00 1.963495408493620871e-03
2.171348648153834802e+02 8.466380131427453382e-02 -4.808416346587940371e-02 0.000000000000000000e+00 1.963495408493620871e-03
2.172973488553001005e+02 8.804313999754326270e-02 -7.378766868842642768e-02 0.000000000000000000e+00 1.963495408493620871e-03
2.174925069874647647e+02 9.256633664845423382e-02 -1.010895756793507849e-01 0.000000000000000000e+00 1.963495408493620871e-03
2.176536161142736034e+02 9.673161688772499711e-02 -1.226639448880635364e-01 0.000000000000000000e+00 1.963495408493620871e-03
2.178468399917953491e+02 1.014876244772886793e-01 -1.431361226173910595e-01 0.000000000000000000e+00 1.963495408493620871e-03
2.180064203427971279e+02 1.053525545927135043e-01 -1.578654688419142138e-01 0.000000000000000000e+00 1.963495408493620871e-03
2.181978412401871310e+02 1.090406043954292026e-01 -1.687253529723778400e-01 0.000000000000000000e+00 1.963495408493620871e-03
2.183561276671498774e+02 1.116031989485319620e-01 -1.748302934393592412e-01 0.000000000000000000e+00 1.963495408493620871e-03
2.185462889543162532e+02 1.133356237494614893e-01 -1.745395168078199832e-01 0.000000000000000000e+00 1.963495408493620871e-03
2.187038419381163692e+02 1.141415291937298293e-01 -1.712222456013939298e-01 0.000000000000000000e+00 1.963495408493620871e-03
2.188935461089436956e+02 1.138463984274241947e-01 -1.594304922818837178e-01 0.000000000000000000e+00 1.963495408493620871e-03
2.190510752936478980e+02 1.131947537429105477e-01 -1.468071377420420986e-01 0.000000000000000000e+00 1.963495408493620871e-03
2.192411281454884886e+02 1.116905760596769159e-01 -1.243677266622562616e-01 0.000000000000000000e+00 1.963495408493620871e-03
2.193992224967388438e+02 1.105455814926521174e-01 -1.035432832383802182e-01 0.000000000000000000e+00 1.963495408493620871e-03
2.195900912585256037e+02 1.092831102686874500e-01 -7.246629594294634602e-02 0.000000000000000000e+00 1.963495408493620871e-03
2.197489198757571955e+02 1.089118685856693136e-01 -4.561316438476775703e-02 0.000000000000000000e+00 1.963495408493620871e-03
2.199404342991635986e+02 1.093855664918993720e-01 -9.051845693828233785e-03 0.000000000000000000e+00 1.963495408493620871e-03
2.200995624036551419e+02 1.107889750405588736e-01 2.071385453321891723e-02 0.000000000000000000e+00 1.963495408493620871e-03
2.202908550925290285e+02 1.137882268530948648e-01 5.855267554188917090e-02 0.000000000000000000e+00 1.963495408493620871e-03
2.204493531604123291e+02 1.171215907659052813e-01 8.734683014284685965e-02 0.000000000000000000e+00 1.963495408493620871e-03
2.206391948942374199e+02 1.221908742598334929e-01 1.216892399636252398e-01 0.000000000000000000e+00 1.963495408493620871e-03
2.207960636473118257e+02 1.265629920605928771e-01 1.456693140839374623e-01 0.000000000000000000e+00 1.963495408493620871e-03
2.209834604865970960e+02 1.321504584459543830e-01 1.722091330125933850e-01 0.000000000000000000e+00 1.963495408493620871e-03
2.211381437502145957e+02 1.360583691673978579e-01 1.883417014086183894e-01 0.000000000000000000e+00 1.963495408493620871e-03
2.213228556370398223e+02 1.403110127552880948e-01 2.040356744028067881e-01 0.000000000000000000e+00 1.963495408493620871e-03
2.214755749133624647e+02 1.423951096180880171e-01 2.104198949281167463e-01 0.000000000000000000e+00 1.963495408493620871e-03
2.216583275412501450e+02 1.440151732807903040e-01 2.136419078010039219e-01 0.000000000000000000e+00 1.963495408493620871e-03
2.218101058399806789e+02 1.436518239421246956e-01 2.094041241907692030e-01 0.000000000000000000e+00 1.963495408493620871e-03
2.219924485491467863e+02 1.423714264082399372e-01 1.998379630977392407e-01 0.000000000000000000e+00 1.963495408493620871e-03
2.221448178398624975e+02 1.398799270753284529e-01 1.849152971977670035e-01 0.000000000000000000e+00 1.963495408493620871e-03
2.223286205531028372e+02 1.365512857149556725e-01 1.631452471810990734e-01 0.000000000000000000e+00 1.963495408493620871e-03
2.224830319940573702e+02 1.331169564545792716e-01 1.383024989874225841e-01 0.000000000000000000e+00 1.963495408493620871e-03
2.226696439262398428e+02 1.295212466854497591e-01 1.058176538651141863e-01 0.000000000000000000e+00 1.963495408493620871e-03
2.228266757331555823e+02 1.269156464238808679e-01 7.290962239787626697e-02 0.000000000000000000e+00 1.963495408493620871e-03
2.230160138799895719e+02 1.252221389731095202e-01 3.265453936922903949e-02 0.000000000000000000e+00 1.963495408493620871e-03
2.231747737827997753e+02 1.251416028669284641e-01 -4.921184515542575966e-03 0.000000000000000000e+00 1.963495408493620871e-03
2.233649961200346752e+02 1.268554998390262201e-01 -4.811527170084059501e-02 0.000000000000000000e+00 1.963495408493620871e-03
2.235233154739404142e+02 1.299214592056008588e-01 -8.570547625360180888e-02 0.000000000000000000e+00 1.963495408493620871e-03
2.237116305118906894e+02 1.348132555510982156e-01 -1.259296145360418451e-01 0.000000000000000000e+00 1.963495408493620871e-03
2.238671806395429655e+02 1.400010482085423946e-01 -1.586629056107950464e-01 0.000000000000000000e+00 1.963495408493620871e-03
2.240514059702307179e+02 1.460751460073206331e-01 -1.904966593990247148e-01 0.000000000000000000e+00 1.963495408493620871e-03
2.242030015877907090e+02 1.512755012998661108e-01 -2.145958257097034805e-01 0.000000000000000000e+00 1.963495408493620871e-03
2.243827878839715879e+02 1.559403143140809522e-01 -2.344310468571562667e-01 0.000000000000000000e+00 1.963495408493620871e-03
2.245310321692074353e+02 1.591621964803042188e-01 -2.477223433879794934e-01 0.000000000000000000e+00 1.963495408493620871e-03
2.247081376524823213e+02 1.604934177057467659e-01 -2.539215986670084191e-01 0.000000000000000000e+00 1.963495408493620871e-03
2.248552393617443101e+02 1.606265182689339266e-01 -2.554238012746836706e-01 0.000000000000000000e+00 1.963495408493620871e-03
2.250329441539946060e+02 1.579323108449666724e-01 -2.472536029069585528e-01 0.000000000000000000e+00 1.963495408493620871e-03
2.251819300295538540e+02 1.549093000448385216e-01 -2.365136800918982707e-01 0.000000000000000000e+00 1.963495408493620871e-03
2.253637782395848888e+02 1.488544730274707073e-01 -2.135196004217722043e-01 0.000000000000000000e+00 1.963495408493620871e-03
2.255172467681466628e+02 1.436943602692239974e-01 -1.906182249809127427e-01 0.000000000000000000e+00 1.963495408493620871e-03
2.257052956311849812e+02 1.363701171226873454e-01 -1.531903363200545487e-01 0.000000000000000000e+00 1.963495408493620871e-03
2.258639296021582084e+02 1.312362974320995801e-01 -1.192675228589680780e-01 0.000000000000000000e+00 1.963495408493620871e-03
2.260571403369732479e+02 1.258733652376653189e-01 -7.009388051696700817e-02 0.000000000000000000e+00 1.963495408493620871e-03
2.262187543957835771e+02 1.234675939051441129e-01 -2.860538593839590665e-02 0.000000000000000000e+00 1.963495408493620871e-03
2.264128535974242311e+02 1.229674805806779125e-01 2.632790839149451445e-02 0.000000000000000000e+00 1.963495408493620871e-03
2.265732015604114054e+02 1.248231990064822272e-01 6.943539044447086250e-02 0.000000000000000000e+00 1.963495408493620871e-03
2.267629577963849385e+02 1.295771681504528927e-01 1.221858492917981542e-01 0.000000000000000000e+00 1.963495408493620871e-03
2.269183124895641868e+02 1.347193699186855498e-01 1.604603845834927101e-01 0.000000000000000000e+00 1.963495408493620871e-03
2.271007586279337715e+02 1.422146331367687422e-01 2.042470878842862492e-01 0.000000000000000000e+00 1.963495408493620871e-03
2.272501881537347401e+02 1.479517969296633706e-01 2.330573709086817269e-01 0.000000000000000000e+00 1.963495408493620871e-03
2.274261858744022220e+02 1.546810076798605382e-01 2.640693124893166432e-01 0.000000000000000000e+00 1.963495408493620871e-03
2.275719317453435053e+02 1.583772847133880224e-01 2.810495334224635267e-01 0.000000000000000000e+00 1.963495408493620871e-03
2.277455465629569460e+02 1.616050699218299080e-01 2.974339769479501516e-01 0.000000000000000000e+00 1.963495408493620871e-03
2.278919073702052174e+02 1.615404570391507089e-01 3.012449655623501421e-01 0.000000000000000000e+00 1.963495408493620871e-03
2.280685704055036638e+02 1.597964564961375233e-01 3.012960483401512235e-01 0.000000000000000000e+00 1.963495408493620871e-03
2.282201348883207288e+02 1.552774570972212664e-01 2.906395026747762289e-01 0.000000000000000000e+00 1.963495408493620871e-03
2.284043298195808802e+02 1.484496167695026625e-01 2.724999267881174636e-01 0.000000000000000000e+00 1.963495408493620871e-03
2.285639225594141237e+02 1.402322806159389534e-01 2.460319431327545603e-01 0.000000000000000000e+00 1.963495408493620871e-03
2.287568321881980751e+02 1.302362163387055793e-01 2.089905882626344469e-01 0.000000000000000000e+00 1.963495408493620871e-03
2.289236208701699127e+02 1.211418373784275138e-01 1.671637206713509904e-01 0.000000000000000000e+00 1.963495408493620871e-03
2.291216802801476149e+02 1.122733253864831859e-01 1.141216613851405159e-01 0.000000000000000000e+00 1.963495408493620871e-03
2.292907213696720987e+02 1.065638900574347459e-01 6.140998362273276251e-02 0.000000000000000000e+00 1.963495408493620871e-03
2.294868743147666237e+02 1.033565987870014302e-01 2.542622546897466140e-04 0.000000000000000000e+00 1.963495408493620871e-03
2.296516742406172682e+02 1.038112841717577228e-01 -5.522689976986480676e-02 0.000000000000000000e+00 1.963495408493620871e-03
2.298398088583824688e+02 1.073691864775190574e-01 -1.145285858033692206e-01 0.000000000000000000e+00 1.963495408493620871e-03
2.299966738744493853e+02 1.130739364823111492e-01 -1.648650456871880721e-01 0.000000000000000000e+00 1.963495408493620871e-03
2.301756599073285372e+02 1.205559423975693378e-01 -2.147300594047008016e-01 0.000000000000000000e+00 1.963495408493620871e-03
2.303258207160684492e+02 1.282575686999821163e-01 -2.550254274101204088e-01 0.000000000000000000e+00 1.963495408493620871e-03
2.304997341833004327e+02 1.355880991878679609e-01 -2.913827792458089649e-01 0.000000000000000000e+00 1.963495408493620871e-03
2.306480542280534110e+02 1.419510225607560905e-01 -3.191134436950522346e-01 0.000000000000000000e+00 1.963495408493620871e-03
2.308235885364901492e+02 1.456936384997109812e-01 -3.391465055957108010e-01 0.000000000000000000e+00 1.963495408493620871e-03
2.309759310112040964e+02 1.479656634399726667e-01 -3.519510981068795230e-01 0.000000000000000000e+00 1.963495408493620871e-03
2.311591639498672066e+02 1.455363646480104522e-01 -3.521540768987316272e-01 0.000000000000000000e+00 1.963495408493620871e-03
2.313198270945730712e+02 1.417957149042307907e-01 -3.467637886844772144e-01 0.000000000000000000e+00 1.963495408493620871e-03
2.315134160555759024e+02 1.321367719175418620e-01 -3.236813239373448892e-01 0.000000000000000000e+00 1.963495408493620871e-03
2.316830779175446082e+02 1.225079030074747721e-01 -2.974212250690554948e-01 0.000000000000000000e+00 1.963495408493620871e-03
2.318846134956217782e+02 1.080142187437074519e-01 -2.502793830463502234e-01 0.000000000000000000e+00 1.963495408493620871e-03
2.320593912460013257e+02 9.618435138555206376e-02 -2.043357039786698748e-01 0.000000000000000000e+00 1.963495408493620871e-03
2.322620006060210471e+02 8.313544726339819335e-02 -1.382767501535768218e-01 0.000000000000000000e+00 1.963495408493620871e-03
2.324348876806952546e+02 7.505130430774392680e-02 -7.967208628471569853e-02 0.000000000000000000e+00 1.963495408493620871e-03
2.326309564465857989e+02 6.963846966622000423e-02 -5.141296592027000401e-03 0.000000000000000000e+00 1.963495408493620871e-03
2.327962770056158490e+02 6.890512851669899907e-02 5.595942875795353877e-02 0.000000000000000000e+00 1.963495408493620871e-03
2.329826088049177031e+02 7.254080862870851409e-02 1.281834803798925781e-01 0.000000000000000000e+00 1.963495408493620871e-03
2.331401392480225923e+02 7.815674961339763582e-02 1.834065939438110360e-01 0.000000000000000000e+00 1.963495408493620871e-03
2.333198518399512409e+02 8.780296450792773877e-02 2.461454833978696799e-01 0.000000000000000000e+00 1.963495408493620871e-03
2.334744341492259707e+02 9.621920819474333308e-02 2.904786696006274038e-01 0.000000000000000000e+00 1.963495408493620871e-03
2.336543226512580418e+02 1.072369699759240236e-01 3.389028228899161332e-01 0.000000000000000000e+00 1.963495408493620871e-03
2.338123999492719065e+02 1.142659446079603569e-01 3.682783819317910212e-01 0.000000000000000000e+00 1.963495408493620871e-03
2.339987661397368299e+02 1.215041859521051593e-01 3.968030293407880382e-01 0.000000000000000000e+00 1.963495408493620871e-03
2.341650629235192582e+02 1.227450515940577414e-01 4.061293696387384689e-01 0.000000000000000000e+00 1.963495408493620871e-03
2.343604794337831834e+02 1.212796134759835387e-01 4.082075510643057292e-01 0.000000000000000000e+00 1.963495408493620871e-03
2.345359840740721324e+02 1.136283467121370905e-01 3.924753398963253814e-01 0.000000000000000000e+00 1.963495408493620871e-03
2.347382485653479307e+02 1.017604684645589674e-01 3.642545644046040199e-01 0.000000000000000000e+00 1.963495408493620871e-03
2.349196994999120136e+02 8.650720166518950649e-02 3.222294285177679241e-01 0.000000000000000000e+00 1.963495408493620871e-03
2.351232465576679260e+02 6.882432948300223896e-02 2.663221264295317359e-01 0.000000000000000000e+00 1.963495408493620871e-03
2.353044694844374192e+02 5.258644342692772589e-02 2.031581963316492767e-01 0.000000000000000000e+00 1.963495408493620871e-03
2.355033548503739382e+02 3.791590716152099666e-02 1.287042954363418479e-01 0.000000000000000000e+00 1.963495408493620871e-03
2.356788012147243876e+02 2.840695619493120716e-02 5.428187175129856046e-02 0.000000000000000000e+00 1.963495408493620871e-03
2.358702095890829185e+02 2.351664810573095982e-02 -2.697364870886331811e-02 0.000000000000000000e+00 1.963495408493620871e-03
2.360389620907945414e+02 2.433586939213674971e-02 -1.026701370184872619e-01 0.000000000000000000e+00 1.963495408493620871e-03
2.362253378972110340e+02 3.026854651182971090e-02 -1.805462951085219925e-01 0.000000000000000000e+00 1.963495408493620871e-03
2.363914438744065194e+02 4.003439869948102747e-02 -2.497023604418601161e-01 0.000000000000000000e+00 1.963495408493620871e-03
2.365788743963042862e+02 5.306055211490071088e-02 -3.159444175630021778e-01 0.000000000000000000e+00 1.963495408493620871e-03
2.367478163877504187e+02 6.681420626713575894e-02 -3.711023335051707450e-01 0.000000000000000000e+00 1.963495408493620871e-03
2.369417086253702394e+02 7.990752229100236970e-02 -4.168235161688361168e-01 0.000000000000000000e+00 1.963495408493620871e-03
2.371169305422438924e+02 9.015048494855620875e-02 -4.493320779425677980e-01 0.000000000000000000e+00 1.963495408493620871e-03
2.373184687823932109e+02 9.459478351177205702e-02 -4.649330052538925839e-01 0.000000000000000000e+00 1.963495408493620871e-03
2.374999588832360757e+02 9.410618546137916596e-02 -4.671514229168838850e-01 0.000000000000000000e+00 1.963495408493620871e-03
2.377059713422875120e+02 8.429826854505677314e-02 -4.467631524829389633e-01 0.000000000000000000e+00 1.963495408493620871e-03
2.378907652650101738e+02 7.119461608834554145e-02 -4.162073878908362778e-01 0.000000000000000000e+00 1.963495408493620871e-03
2.380965970902104516e+02 4.987318311350168176e-02 -3.617630032906564708e-01 0.000000000000000000e+00 1.963495408493620871e-03
2.382805359956760185e+02 3.006885011402604321e-02 -3.030835206730526088e-01 0.000000000000000000e+00 1.963495408493620871e-03
2.384830772610901306e+02 7.213282453247133949e-03 -2.228810879868733108e-01 0.000000000000000000e+00 1.963495408493620871e-03
2.386631263443177318e+02 -9.227358003202623671e-03 -1.453395100479353275e-01 0.000000000000000000e+00 1.963495408493620871e-03
2.388621673574078272e+02 -2.281857028685489730e-02 -4.983514306723568765e-02 0.000000000000000000e+00 1.963495408493620871e-03
2.390384431675295502e+02 -2.773957583342984146e-02 3.608194655505270187e-02 0.000000000000000000e+00 1.963495408493620871e-03
2.392367372911992902e+02 -2.585553732960611459e-02 1.361544593560745642e-01 0.000000000000000000e+00 1.963495408493620871e-03
2.394123657436811357e+02 -1.696420595151530708e-02 2.196230778661086847e-01 0.000000000000000000e+00 1.963495408493620871e-03
2.396141647402499473e+02 -7.007179663800072733e-04 3.119116397823923359e-01 0.000000000000000000e+00 1.963495408493620871e-03
2.397927990330778130e+02 1.691593248837916508e-02 3.807351367968485611e-01 0.000000000000000000e+00 1.963495408493620871e-03
2.400002999276066760e+02 3.817728401174053099e-02 4.499718832373358346e-01 0.000000000000000000e+00 1.963495408493620871e-03
2.401835177759864450e+02 5.346776642150331826e-02 4.913540309460082689e-01 0.000000000000000000e+00 1.963495408493620871e-03
2.403946568309054896e+02 6.555763853053461765e-02 5.231870119241198713e-01 0.000000000000000000e+00 1.963495408493620871e-03
2.405812264087039978e+02 6.752510700225590468e-02 5.278411966973135527e-01 0.000000000000000000e+00 1.963495408493620871e-03
2.407914702177560287e+02 6.099041945659133823e-02 5.161156860592954754e-01 0.000000000000000000e+00 1.963495408493620871e-03
2.409788623194235697e+02 4.635050654582450330e-02 4.823950197416564389e-01 0.000000000000000000e+00 1.963495408493620871e-03
2.411852384322125715e+02 2.341256260283636897e-02 4.310183402505218808e-01 0.000000000000000000e+00 1.963495408493620871e-03
2.413716216979652813e+02 -1.152876794940436989e-03 3.645163378212599725e-01 0.000000000000000000e+00 1.963495408493620871e-03
2.415753774724900609e+02 -2.922800268205130725e-02 2.819941502060874794e-01 0.000000000000000000e+00 1.963495408493620871e-03
2.417604585160986801e+02 -5.144901905602158876e-02 1.916937261100254974e-01 0.000000000000000000e+00 1.963495408493620871e-03
2.419659200342553049e+02 -7.080195741341141491e-02 8.646703154405652181e-02 0.000000000000000000e+00 1.963495408493620871e-03
2.421508976756778964e+02 -7.869066952235813373e-02 -1.759950629412004863e-02 0.000000000000000000e+00 1.963495408493620871e-03
2.423616471370890224e+02 -7.817014423025125947e-02 -1.342218921240642127e-01 0.000000000000000000e+00 1.963495408493620871e-03
2.425480944877867842e+02 -6.605822592059085174e-02 -2.384014787250869905e-01 0.000000000000000000e+00 1.963495408493620871e-03
2.427652626693223681e+02 -4.505295030806105022e-02 -3.470357965459680560e-01 0.000000000000000000e+00 1.963495408493620871e-03
2.429536751942649744e+02 -1.962540329787743065e-02 -4.328255830974937490e-01 0.000000000000000000e+00 1.963495408493620871e-03
2.431753863572401997e+02 7.058024943339111235e-03 -5.095285163763485503e-01 0.000000000000000000e+00 1.963495408493620871e-03
2.433642349740632937e+02 2.907837195363017352e-02 -5.593776051283343431e-01 0.000000000000000000e+00 1.963495408493620871e-03
2.435857595553113697e+02 4.088586485965416129e-02 -5.869089422311839499e-01 0.000000000000000000e+00 1.963495408493620871e-03
2.437724103659448076e+02 4.515974049134604401e-02 -5.922027173720477711e-01 0.000000000000000000e+00 1.963495408493620871e-03
2.439891078911381612e+02 3.211905750572570384e-02 -5.677442043469677069e-01 0.000000000000000000e+00 1.963495408493620871e-03
2.441727129909937162e+02 1.654961477032700426e-02 -5.309303908596038069e-01 0.000000000000000000e+00 1.963495408493620871e-03
2.443840768259034064e+02 -1.545017369719342559e-02 -4.625593458240346290e-01 0.000000000000000000e+00 1.963495408493620871e-03
2.445668801995896615e+02 -4.205001080348227949e-02 -3.906733460810936642e-01 0.000000000000000000e+00 1.963495408493620871e-03
2.447780651126809630e+02 -7.795561143070831034e-02 -2.878596909719577379e-01 0.000000000000000000e+00 1.963495408493620871e-03
2.449636817365794457e+02 -1.013220206300179116e-01 -1.880436097546435703e-01 0.000000000000000000e+00 1.963495408493620871e-03
2.451818493485743318e+02 -1.231169595584325899e-01 -5.808986989536668588e-02 0.000000000000000000e+00 1.963495408493620871e-03
2.453721910807229847e+02 -1.277710851570301731e-01 5.962820520219630493e-02 0.000000000000000000e+00 1.963495408493620871e-03
2.455999384534614194e+02 -1.204655101495548386e-01 2.023292773526941257e-01 0.000000000000000000e+00 1.963495408493620871e-03
2.457935281781471986e+02 -9.988704361691211342e-02 3.172462735026018166e-01 0.000000000000000000e+00 1.963495408493620871e-03
2.460280667220253576e+02 -6.681457806671785293e-02 4.432298089124045992e-01 0.000000000000000000e+00 1.963495408493620871e-03
2.462212194892197488e+02 -3.500782866546282845e-02 5.276225140201104002e-01 0.000000000000000000e+00 1.963495408493620871e-03
2.464570892223622423e+02 -1.898533006610764878e-03 6.054637009787672275e-01 0.000000000000000000e+00 1.963495408493620871e-03
2.466458891789639836e+02 1.759717813463487074e-02 6.410202871159391691e-01 0.000000000000000000e+00 1.963495408493620871e-03
2.468764823523017355e+02 2.562412470888799851e-02 6.556525626384012151e-01 0.000000000000000000e+00 1.963495408493620871e-03
2.470590589938410062e+02 2.037941755818371142e-02 6.405846178040738303e-01 0.000000000000000000e+00 1.963495408493620871e-03
2.472803547879977657e+02 -1.228391555818900138e-03 5.975169947171553586e-01 0.000000000000000000e+00 1.963495408493620871e-03
2.474595192225737037e+02 -2.706503454658351626e-02 5.396039281352762451e-01 0.000000000000000000e+00 1.963495408493620871e-03
2.476742231414864932e+02 -6.586258681771919865e-02 4.520885613364180600e-01 0.000000000000000000e+00 1.963495408493620871e-03
2.478563311212720066e+02 -9.869440617652597281e-02 3.589571853662222312e-01 0.000000000000000000e+00 1.963495408493620871e-03
2.480742671513130517e+02 -1.361806484881540880e-01 2.345553656652695773e-01 0.000000000000000000e+00 1.963495408493620871e-03
2.482645829650272447e+02 -1.577853069913834339e-01 1.117967502838310562e-01 0.000000000000000000e+00 1.963495408493620871e-03
2.484945527625929174e+02 -1.715373044739489650e-01 -4.290445358308420110e-02 0.000000000000000000e+00 1.963495408493620871e-03
2.486924333459235754e+02 -1.637737876594708153e-01 -1.811509524106945657e-01 0.000000000000000000e+00 1.963495408493620871e-03
2.489340760984523229e+02 -1.391835296352242901e-01 -3.404507396850076084e-01 0.000000000000000000e+00 1.963495408493620871e-03
2.491345185286904780e+02 -1.032860629791190893e-01 -4.623300402369441287e-01 0.000000000000000000e+00 1.963495408493620871e-03
2.493809895655724631e+02 -5.869424339853114569e-02 -5.828530082111170740e-01 0.000000000000000000e+00 1.963495408493620871e-03
2.495777303306652186e+02 -2.291718186423167061e-02 -6.553717837016445058e-01 0.000000000000000000e+00 1.963495408493620871e-03
2.498211610488743588e+02 4.470349437046576210e-03 -7.065255366216327548e-01 0.000000000000000000e+00 1.963495408493620871e-03
2.500088470168552703e+02 1.433713154918558191e-02 -7.175714585292582992e-01 0.000000000000000000e+00 1.963495408493620871e-03
2.502428985330791704e+02 5.191638304584342278e-03 -6.969449908328393395e-01 0.000000000000000000e+00 1.963495408493620871e-03
2.504208926861791724e+02 -1.322498159157570186e-02 -6.552721806784980174e-01 0.000000000000000000e+00 1.963495408493620871e-03
2.506445345009569223e+02 -5.175919152823318936e-02 -5.770175938578189223e-01 0.000000000000000000e+00 1.963495408493620871e-03
2.508191600132987844e+02 -8.518160181846592960e-02 -4.962653070666757094e-01 0.000000000000000000e+00 1.963495408493620871e-03
2.510391440668223595e+02 -1.327894999670862775e-01 -3.742405571493154781e-01 0.000000000000000000e+00 1.963495408493620871e-03
2.512204005970520200e+02 -1.642300416234639404e-01 -2.602847215406631776e-01 0.000000000000000000e+00 1.963495408493620871e-03
2.514482288944165873e+02 -1.960368537248271814e-01 -1.004819614935789085e-01 0.000000000000000000e+00 1.963495408493620871e-03
2.516422774864868757e+02 -2.046717318891903559e-01 4.179255873323800552e-02 0.000000000000000000e+00 1.963495408493620871e-03
2.518837674190035898e+02 -1.948376108564214282e-01 2.256441096134255142e-01 0.000000000000000000e+00 1.963495408493620871e-03
2.520870233872496442e+02 -1.667816580303765617e-01 3.702098692809043801e-01 0.000000000000000000e+00 1.963495408493620871e-03
2.523396149372534865e+02 -1.164765026856575125e-01 5.347081014513141994e-01 0.000000000000000000e+00 1.963495408493620871e-03
2.525437285322958871e+02 -7.217592090345520406e-02 6.377814262945395996e-01 0.000000000000000000e+00 1.963495408493620871e-03
2.527991151868414477e+02 -2.493190239634815106e-02 7.315063272388018234e-01 0.000000000000000000e+00 1.963495408493620871e-03
2.529955739252495448e+02 -3.194939451283459325e-04 7.681261917062884859e-01 0.000000000000000000e+00 1.963495408493620871e-03
2.532451554819704427e+02 5.557234208168629341e-03 7.717742153960061025e-01 0.000000000000000000e+00 1.963495408493620871e-03
2.534270432604611756e+02 -2.878895743869194779e-03 7.471233255610626456e-01 0.000000000000000000e+00 1.963495408493620871e-03
2.536666012455144426e+02 -3.915356993321120194e-02 6.736765713532564259e-01 0.000000000000000000e+00 1.963495408493620871e-03
2.538353211527601161e+02 -6.959665480912949342e-02 6.056903647562761339e-01 0.000000000000000000e+00 1.963495408493620871e-03
2.540658610270485269e+02 -1.234142701097530881e-01 4.795576201657082982e-01 0.000000000000000000e+00 1.963495408493620871e-03
2.542332407563187076e+02 -1.589530256267711883e-01 3.769326535746260753e-01 0.000000000000000000e+00 1.963495408493620871e-03
2.544601820892668229e+02 -2.024459791244809514e-01 2.156134372721338344e-01 0.000000000000000000e+00 1.963495408493620871e-03
2.546403984572288550e+02 -2.228414188656488160e-01 7.738743124001248863e-02 0.000000000000000000e+00 1.963495408493620871e-03
2.548728134914052532e+02 -2.305656081996108608e-01 -1.092350623168765189e-01 0.000000000000000000e+00 1.963495408493620871e-03
2.550719064425156830e+02 -2.123573204427479100e-01 -2.723123973125141095e-01 0.000000000000000000e+00 1.963495408493620871e-03
2.553149139592339907e+02 -1.722949904225778150e-01 -4.542402516152881375e-01 0.000000000000000000e+00 1.963495408493620871e-03
2.555282471320100228e+02 -1.198375033880502288e-01 -5.981038832277898454e-01 0.000000000000000000e+00 1.963495408493620871e-03
2.557825600949487352e+02 -6.212771247751936593e-02 -7.244986686475014537e-01 0.000000000000000000e+00 1.963495408493620871e-03
2.559953464940722085e+02 -1.995207948314922305e-02 -7.978927158946278464e-01 0.000000000000000000e+00 1.963495408493620871e-03
2.562540005888307633e+02 4.034093886171107729e-03 -8.309309614095183871e-01 0.000000000000000000e+00 1.963495408493620871e-03
2.564519845967940910e+02 4.798856080893053322e-03 -8.216111917286592625e-01 0.000000000000000000e+00 1.963495408493620871e-03
2.567053865126333676e+02 -2.246193187986866846e-02 -7.622705658294617326e-01 0.000000000000000000e+00 1.963495408493620871e-03
2.568831807739975375e+02 -5.480109213366196608e-02 -6.927981391980745363e-01 0.000000000000000000e+00 1.963495408493620871e-03
2.571250068236913080e+02 -1.088907909941227992e-01 -5.711155369498663870e-01 0.000000000000000000e+00 1.963495408493620871e-03
2.572892846940176241e+02 -1.497072322320427973e-01 -4.645802705309696190e-01 0.000000000000000000e+00 1.963495408493620871e-03
2.575188962816544063e+02 -1.990269669007458664e-01 -3.066432248997500998e-01 0.000000000000000000e+00 1.963495408493620871e-03
2.576817198347530393e+02 -2.259134749026734390e-01 -1.737412482167404182e-01 0.000000000000000000e+00 1.963495408493620871e-03
2.579081839217399761e+02 -2.466812931330330527e-01 1.208810668658039100e-02 0.000000000000000000e+00 1.963495408493620871e-03
2.580814003398190266e+02 -2.406562750949325646e-01 1.654898498644052918e-01 0.000000000000000000e+00 1.963495408493620871e-03
2.583187469922634705e+02 -2.130922835148557071e-01 3.659133901962174917e-01 0.000000000000000000e+00 1.963495408493620871e-03
2.585118479351772862e+02 -1.680454195408866425e-01 5.168232580128078180e-01 0.000000000000000000e+00 1.963495408493620871e-03
2.587648908885304309e+02 -1.050202888358075792e-01 6.848766710223437304e-01 0.000000000000000000e+00 1.963495408493620871e-03
2.589815184921513946e+02 -4.999427439013801044e-02 7.876811352004997602e-01 0.000000000000000000e+00 1.963495408493620871e-03
2.592431987126826129e+02 -5.022661788445294609e-03 8.657176252816689566e-01 0.000000000000000000e+00 1.963495408493620871e-03
2.594650646570624417e+02 8.853578216105550958e-03 8.772011429085816436e-01 0.000000000000000000e+00 1.963495408493620871e-03
2.597261569141222139e+02 -2.200822006189276370e-03 8.462240370145817092e-01 0.000000000000000000e+00 1.963495408493620871e-03
2.599305154771604407e+02 -3.557329408565193529e-02 7.748373114927950001e-01 0.000000000000000000e+00 1.963495408493620871e-03
2.601855547801777675e+02 -8.998548079170587410e-02 6.562156298376127239e-01 0.000000000000000000e+00 1.963495408493620871e-03
2.603598105792578963e+02 -1.342408902008537797e-01 5.467057140175610730e-01 0.000000000000000000e+00 1.963495408493620871e-03
2.606069739022989893e+02 -1.935232626801888234e-01 3.701461383982651565e-01 0.000000000000000000e+00 1.963495408493620871e-03
2.607533773373216945e+02 -2.204653323062807369e-01 2.550434535371323141e-01 0.000000000000000000e+00 1.963495408493620871e-03
2.609902047784880779e+02 -2.499144361393836333e-01 4.498116383257544371e-02 0.000000000000000000e+00 1.963495408493620871e-03
2.611275218722647651e+02 -2.518243872272168948e-01 -7.384971073218704607e-02 0.000000000000000000e+00 1.963495408493620871e-03
2.613579843282930142e+02 -2.320951216076738710e-01 -2.903466944274156747e-01 0.000000000000000000e+00 1.963495408493620871e-03
2.615140376892840095e+02 -2.035361799345083988e-01 -4.220726035874536874e-01 0.000000000000000000e+00 1.963495408493620871e-03
2.617555711874645681e+02 -1.414655440630407934e-01 -6.154476784586436766e-01 0.000000000000000000e+00 1.963495408493620871e-03
2.619458664259228158e+02 -8.761709699724025413e-02 -7.376880431471152244e-01 0.000000000000000000e+00 1.963495408493620871e-03
2.622098864599473700e+02 -2.655033465890983824e-02 -8.576809381663499376e-01 0.000000000000000000e+00 1.963495408493620871e-03
2.624316794232977372e+02 1.281397945423996820e-02 -9.148831415478013707e-01 0.000000000000000000e+00 1.963495408493620871e-03
2.627059605549047205e+02 1.480855120021098981e-02 -9.133037716031826569e-01 0.000000000000000000e+00 1.963495408493620871e-03
2.629362773869259513e+02 -5.436338626677861274e-04 -8.705095142649079687e-01 0.000000000000000000e+00 1.963495408493620871e-03
2.632049856800218208e+02 -5.901045376723074165e-02 -7.556929282808267923e-01 0.000000000000000000e+00 1.963495408493620871e-03
2.634118005222239276e+02 -1.067396310983934060e-01 -6.420503407371129789e-01 0.000000000000000000e+00 1.963495408493620871e-03
2.636740968828769383e+02 -1.778501002422777644e-01 -4.529120568356757581e-01 0.000000000000000000e+00 1.963495408493620871e-03
2.638364328788458124e+02 -2.110723341201742043e-01 -3.251311008230690636e-01 0.000000000000000000e+00 1.963495408493620871e-03
2.640829151973396733e+02 -2.470163008273204008e-01 -1.051779726523321690e-01 0.000000000000000000e+00 1.963495408493620871e-03
2.642092654675627159e+02 -2.523982627062935080e-01 1.420061986950360566e-02 0.000000000000000000e+00 1.963495408493620871e-03
2.644311883954938480e+02 -2.386332061552009220e-01 2.220231895753497220e-01 0.000000000000000000e+00 1.963495408493620871e-03
2.645532587249107905e+02 -2.182925744797364065e-01 3.423841247153700529e-01 0.000000000000000000e+00 1.963495408493620871e-03
2.647716981032964441e+02 -1.685066295186199437e-01 5.280705947282477997e-01 0.000000000000000000e+00 1.963495408493620871e-03
2.649205328967908599e+02 -1.223416031540793536e-01 6.507540821084287774e-01 0.000000000000000000e+00 1.963495408493620871e-03
2.651622192949335499e+02 -5.664549094184367223e-02 8.002076013392140919e-01 0.000000000000000000e+00 1.963495408493620871e-03
2.653570603325541128e+02 -7.311911851282642399e-03 8.892714880821506185e-01 0.000000000000000000e+00 1.963495408493620871e-03
2.656331934753553696e+02 3.000704909670276477e-02 9.522608062043670385e-01 0.000000000000000000e+00 1.963495408493620871e-03
2.658667917757229588e+02 2.910198831376627215e-02 9.430802321837273849e-01 0.000000000000000000e+00 1.963495408493620871e-03
2.661559173231943305e+02 -7.138629858320783006e-03 8.738749825105851521e-01 0.000000000000000000e+00 1.963495408493620871e-03
2.664019684190424186e+02 -6.336975947673328946e-02 7.560203868238525304e-01 0.000000000000000000e+00 1.963495408493620871e-03
2.666735024124944289e+02 -1.381482903202240209e-01 5.853170717309061910e-01 0.000000000000000000e+00 1.963495408493620871e-03
2.668909956217265176e+02 -1.920780610886370643e-01 4.157475743179229188e-01 0.000000000000000000e+00 1.963495408493620871e-03
2.671397585515702531e+02 -2.374479897652851390e-01 2.004673347230072344e-01 0.000000000000000000e+00 1.963495408493620871e-03
2.672922178388694192e+02 -2.495050795675944344e-01 5.404965590745308690e-02 0.000000000000000000e+00 1.963495408493620871e-03
2.675196052610853599e+02 -2.386469585640798308e-01 -1.682723368851141155e-01 0.000000000000000000e+00 1.963495408493620871e-03
2.676217602375073170e+02 -2.248170882208330446e-01 -2.680952975933893478e-01 0.000000000000000000e+00 1.963495408493620871e-03
2.678368705882394920e+02 -1.721837915812984843e-01 -4.742635034190505472e-01 0.000000000000000000e+00 1.963495408493620871e-03
2.679330106745322269e+02 -1.469323047931547221e-01 -5.539812394916119320e-01 0.000000000000000000e+00 1.963495408493620871e-03
2.681562085093954693e+02 -7.505555876348075917e-02 -7.305739716512188453e-01 0.000000000000000000e+00 1.963495408493620871e-03
2.682862593558778599e+02 -3.935802992282758095e-02 -8.063735574785046989e-01 0.000000000000000000e+00 1.963495408493620871e-03
2.685411334952981974e+02 2.265402785805017971e-02 -9.258284164903338720e-01 0.000000000000000000e+00 1.963495408493620871e-03
2.687313614710367915e+02 4.961781129494442777e-02 -9.680732365451711896e-01 0.000000000000000000e+00 1.963495408493620871e-03
2.690273543891312897e+02 4.656615555027519837e-02 -9.672122794810824598e-01 0.000000000000000000e+00 1.963495408493620871e-03
2.692677731805567305e+02 1.862733344193753804e-02 -9.111108153787305097e-01 0.000000000000000000e+00 1.963495408493620871e-03
2.695804917035560493e+02 -6.270838097047637394e-02 -7.610082657116155058e-01 0.000000000000000000e+00 1.963495408493620871e-03
2.698344323970731011e+02 -1.332490151183614024e-01 -5.932666881694750316e-01 0.000000000000000000e+00 1.963495408493620871e-03
2.701117868117818830e+02 -2.058293504581875100e-01 -3.700552299018071700e-01 0.000000000000000000e+00 1.963495408493620871e-03
2.703285242531150629e+02 -2.385098687740033752e-01 -1.723787760792664936e-01 0.000000000000000000e+00 1.963495408493620871e-03
2.705547691291911860e+02 -2.453709936404125380e-01 5.121888037961919160e-02 0.000000000000000000e+00 1.963495408493620871e-03
2.706916340511362478e+02 -2.301861877827524883e-01 1.886262589412988078e-01 0.000000000000000000e+00 1.963495408493620871e-03
2.709018974821816528e+02 -1.829411521260357609e-01 3.984058548655442511e-01 0.000000000000000000e+00 1.963495408493620871e-03
2.709884766973837031e+02 -1.580950938803359906e-01 4.803109118057640181e-01 0.000000000000000000e+00 1.963495408493620871e-03
2.711936819243750847e+02 -8.815185617157417219e-02 6.540165660515437906e-01 0.000000000000000000e+00 1.963495408493620871e-03
2.712775611487389256e+02 -6.176717078693021168e-02 7.187015632970142898e-01 0.000000000000000000e+00 1.963495408493620871e-03
2.714986482414735747e+02 7.492096515109111787e-03 8.533939207609049227e-01 0.000000000000000000e+00 1.963495408493620871e-03
2.716186689728032206e+02 3.756011145333804091e-02 9.116792438461474024e-01 0.000000000000000000e+00 1.963495408493620871e-03
2.718807316998592682e+02 7.514738955480187999e-02 9.805505802873322185e-01 0.000000000000000000e+00 1.963495408493620871e-03
2.720671440300762356e+02 8.331746679442711412e-02 9.939147895376648778e-01 0.000000000000000000e+00 1.963495408493620871e-03
2.723801655675494544e+02 4.330118595636001100e-02 9.355617811780210236e-01 0.000000000000000000e+00 1.963495408493620871e-03
2.726204162420140733e+02 -1.422903321339619165e-02 8.325104692219137403e-01 0.000000000000000000e+00 1.963495408493620871e-03
2.729589455413927226e+02 -1.175246168300033700e-01 6.233471801188132932e-01 0.000000000000000000e+00 1.963495408493620871e-03
2.732059815669966838e+02 -1.835443247514789711e-01 4.267286370154473318e-01 0.000000000000000000e+00 1.963495408493620871e-03
2.734951014303715624e+02 -2.375634968099453181e-01 1.642073416640744132e-01 0.000000000000000000e+00 1.963495408493620871e-03
2.736987865762831120e+02 -2.382031395341752122e-01 -4.007409684901741542e-02 0.000000000000000000e+00 1.963495408493620871e-03
2.739004483666688543e+02 -2.146943646415883089e-01 -2.447203785729066272e-01 0.000000000000000000e+00 1.963495408493620871e-03
2.740356313592836273e+02 -1.787053729955951908e-01 -3.808516530767995789e-01 0.000000000000000000e+00 1.963495408493620871e-03
2.742240053476324420e+02 -1.136269030511349309e-01 -5.561970125702860868e-01 0.000000000000000000e+00 1.963495408493620871e-03
2.743064486194170968e+02 -8.606285989636387745e-02 -6.250935704183434583e-01 0.000000000000000000e+00 1.963495408493620871e-03
2.745089794913791934e+02 -6.850281302399952033e-03 -7.768644245686121552e-01 0.000000000000000000e+00 1.963495408493620871e-03
2.745853998203144215e+02 1.476288267476388860e-02 -8.233438971696758202e-01 0.000000000000000000e+00 1.963495408493620871e-03
2.748103918539353572e+02 7.879955335931049243e-02 -9.310514244933676409e-01 0.000000000000000000e+00 1.963495408493620871e-03
2.749175012766539794e+02 9.547996543841381911e-02 -9.646726380287269365e-01 0.000000000000000000e+00 1.963495408493620871e-03
2.751870557905014039e+02 1.135528042551634670e-01 -9.985513762910217528e-01 0.000000000000000000e+00 1.963495408493620871e-03
2.753605601040846977e+02 9.965202066850026297e-02 -9.807326263928273224e-01 0.000000000000000000e+00 1.963495408493620871e-03
2.756828691393956774e+02 3.148470364127702037e-02 -8.809492041240213345e-01 0.000000000000000000e+00 1.963495408493620871e-03
2.759151985573681145e+02 -3.556538727752761586e-02 -7.571049012386557031e-01 0.000000000000000000e+00 1.963495408493620871e-03
2.762694026481835863e+02 -1.500998354637156362e-01 -5.043044212017859795e-01 0.000000000000000000e+00 1.963495408493620871e-03
2.764942791243798865e+02 -2.019434320645241143e-01 -3.120406196232193841e-01 0.000000000000000000e+00 1.963495408493620871e-03
2.767980962830210387e+02 -2.348222898919635759e-01 -1.924882443372755159e-02 0.000000000000000000e+00 1.963495408493620871e-03
2.769754946748296902e+02 -2.176106052712198924e-01 1.606291783143092289e-01 0.000000000000000000e+00 1.963495408493620871e-03
2.771825038078175680e+02 -1.743038293346983458e-01 3.686524966716941965e-01 0.000000000000000000e+00 1.963495408493620871e-03
2.773129172386371124e+02 -1.269452788507685059e-01 4.929746490633812872e-01 0.000000000000000000e+00 1.963495408493620871e-03
2.774902981219199773e+02 -6.012297519529486572e-02 6.448906188434899711e-01 0.000000000000000000e+00 1.963495408493620871e-03
2.775824160246147585e+02 -2.442282118269252511e-02 7.157986391030235485e-01 0.000000000000000000e+00 1.963495408493620871e-03
2.777770746428626012e+02 5.211885681724298669e-02 8.396939747975796786e-01 0.000000000000000000e+00 1.963495408493620871e-03
2.778617233503923103e+02 7.398995929313420539e-02 8.820558730803387260e-01 0.000000000000000000e+00 1.963495408493620871e-03
2.780855753004217945e+02 1.301777159381685423e-01 9.626274711699751574e-01 0.000000000000000000e+00 1.963495408493620871e-03
2.781921093049688238e+02 1.376734351907158982e-01 9.815741971120798270e-01 0.000000000000000000e+00 1.963495408493620871e-03
2.784619516199456939e+02 1.371374247269386837e-01 9.836409844347722142e-01 0.000000000000000000e+00 1.963495408493620871e-03
2.786218025480548022e+02 1.123994369969891632e-01 9.514396537630338546e-01 0.000000000000000000e+00 1.963495408493620871e-03
2.789409670428361210e+02 2.652265306178008819e-02 8.246772258366994457e-01 0.000000000000000000e+00 1.963495408493620871e-03
2.791554040372953409e+02 -4.058186528889334843e-02 6.989668795830290549e-01 0.000000000000000000e+00 1.963495408493620871e-03
2.795016391910666016e+02 -1.527315728788585236e-01 4.399329854618024283e-01 0.000000000000000000e+00 1.963495408493620871e-03
2.797087733810783448e+02 -1.978606217057100880e-01 2.585132334782295205e-01 0.000000000000000000e+00 1.963495408493620871e-03
2.800080692883559550e+02 -2.206304598196868194e-01 -3.034156989313313568e-02 0.000000000000000000e+00 1.963495408493620871e-03
2.801721045822013139e+02 -2.012692779179282854e-01 -1.951916576110822588e-01 0.000000000000000000e+00 1.963495408493620871e-03
2.803894127543757691e+02 -1.491426453123411988e-01 -4.084380009538263190e-01 0.000000000000000000e+00 1.963495408493620871e-03
2.805166850151213680e+02 -1.011086648632684992e-01 -5.245036916266454519e-01 0.000000000000000000e+00 1.963495408493620871e-03
2.807018994945092345e+02 -2.965969555213122943e-02 -6.753378707292759797e-01 0.000000000000000000e+00 1.963495408493620871e-03
2.808043842771069194e+02 1.228697319346297445e-02 -7.474814884126532721e-01 0.000000000000000000e+00 1.963495408493620871e-03
2.809999123785033817e+02 8.606886544352784774e-02 -8.583599658357836670e-01 0.000000000000000000e+00 1.963495408493620871e-03
2.811012477156866680e+02 1.138409197525613037e-01 -9.022037557403703723e-01 0.000000000000000000e+00 1.963495408493620871e-03
2.813245277999229188e+02 1.618532702276921920e-01 -9.615991853209349127e-01 0.000000000000000000e+00 1.963495408493620871e-03
2.814441922775178568e+02 1.676522185841688994e-01 -9.737860768881523299e-01 0.000000000000000000e+00 1.963495408493620871e-03
2.817111356243345881e+02 1.527872140297464598e-01 -9.506837940548391597e-01 0.000000000000000000e+00 1.963495408493620871e-03
2.818635891524601220e+02 1.227360980558576120e-01 -9.100258115442712015e-01 0.000000000000000000e+00 1.963495408493620871e-03
2.821703388443419840e+02 3.026507384599928796e-02 -7.718217919760285151e-01 0.000000000000000000e+00 1.963495408493620871e-03
2.823597240557624559e+02 -3.186889766375647359e-02 -6.559990784403684216e-01 0.000000000000000000e+00 1.963495408493620871e-03
2.827215414764337424e+02 -1.419650723919854141e-01 -3.805874696771950338e-01 0.000000000000000000e+00 1.963495408493620871e-03
2.829679951021013835e+02 -1.819907956550332884e-01 -1.604277613842196026e-01 0.000000000000000000e+00 1.963495408493620871e-03
2.834845999460986832e+02 -1.159229415996522600e-01 3.419273356928884677e-01 0.000000000000000000e+00 1.963495408493620871e-03
2.838241370925990168e+02 3.084917639214240781e-02 6.353438954537803385e-01 0.000000000000000000e+00 1.963495408493620871e-03
2.846454618540611250e+02 3.135090851333661721e-01 9.442566140959161025e-01 0.000000000000000000e+00 1.963495408493620871e-03
2.852424577796131757e+02 2.350039476444232556e-01 7.778354695813659569e-01 0.000000000000000000e+00 1.963495408493620871e-03
