0.000000e+00 0.000000e+00
3.848451e-01 2.310605e-10
7.696902e-01 2.978061e-10
1.154535e+00 5.331107e-10
1.539380e+00 5.644925e-10
1.924226e+00 6.156929e-10
2.309071e+00 6.002163e-10
2.693916e+00 5.975118e-10
3.078761e+00 7.372134e-10
3.463606e+00 9.850644e-10
3.848451e+00 1.351847e-09
4.233296e+00 1.744938e-09
4.618141e+00 2.010173e-09
5.002986e+00 2.142592e-09
5.387831e+00 2.150964e-09
5.772677e+00 2.192768e-09
6.157522e+00 2.479966e-09
6.542367e+00 3.090827e-09
6.927212e+00 3.998987e-09
7.312057e+00 4.990261e-09
7.696902e+00 5.747565e-09
8.081747e+00 6.132861e-09
8.466592e+00 6.185750e-09
8.851437e+00 6.262963e-09
9.236282e+00 6.853860e-09
9.621128e+00 8.264208e-09
1.000597e+01 1.045647e-08
1.039082e+01 1.294655e-08
1.077566e+01 1.498749e-08
1.116051e+01 1.610348e-08
1.154535e+01 1.632639e-08
1.193020e+01 1.643944e-08
1.231504e+01 1.761543e-08
1.269989e+01 2.075037e-08
1.308473e+01 2.589382e-08
1.346958e+01 3.199734e-08
1.385442e+01 3.729577e-08
1.423927e+01 4.042263e-08
1.462411e+01 4.123376e-08
1.500896e+01 4.137626e-08
1.539380e+01 4.361199e-08
1.577865e+01 5.034180e-08
1.616349e+01 6.206013e-08
1.654834e+01 7.661233e-08
1.693318e+01 8.992122e-08
1.731803e+01 9.836510e-08
1.770287e+01 1.010402e-07
1.808772e+01 1.012346e-07
1.847256e+01 1.052593e-07
1.885741e+01 1.192079e-07
1.924226e+01 1.451214e-07
1.962710e+01 1.788448e-07
2.001195e+01 2.112453e-07
2.039679e+01 2.332326e-07
2.078164e+01 2.414092e-07
2.116648e+01 2.419255e-07
2.155133e+01 2.487172e-07
2.193617e+01 2.765948e-07
2.232102e+01 3.321913e-07
2.270586e+01 4.081321e-07
2.309071e+01 4.846494e-07
2.347555e+01 5.399241e-07
2.386040e+01 5.633961e-07
2.424524e+01 5.655937e-07
2.463009e+01 5.761942e-07
2.501493e+01 6.298155e-07
2.539978e+01 7.454811e-07
2.578462e+01 9.116285e-07
2.616947e+01 1.087020e-06
2.655431e+01 1.221339e-06
2.693916e+01 1.285174e-06
2.732400e+01 1.294185e-06
2.770885e+01 1.309198e-06
2.809369e+01 1.408205e-06
2.847854e+01 1.641398e-06
2.886338e+01 1.994518e-06
2.924823e+01 2.384873e-06
2.963307e+01 2.700714e-06
3.001792e+01 2.866191e-06
3.040276e+01 2.898506e-06
3.078761e+01 2.917335e-06
3.117245e+01 3.092222e-06
3.155730e+01 3.547460e-06
3.194214e+01 4.276375e-06
3.232699e+01 5.120146e-06
3.271183e+01 5.839457e-06
3.309668e+01 6.250119e-06
3.348152e+01 6.353248e-06
3.386637e+01 6.373996e-06
3.425121e+01 6.668190e-06
3.463606e+01 7.527879e-06
3.502090e+01 8.988877e-06
3.540575e+01 1.076053e-05
3.579059e+01 1.234835e-05
3.617544e+01 1.332723e-05
3.656028e+01 1.362717e-05
3.694513e+01 1.365081e-05
3.732997e+01 1.411918e-05
3.771482e+01 1.568769e-05
3.809966e+01 1.853019e-05
3.848451e+01 2.214398e-05
3.886936e+01 2.554328e-05
3.925420e+01 2.779006e-05
3.963905e+01 2.859914e-05
4.002389e+01 2.864844e-05
4.040874e+01 2.934800e-05
4.079358e+01 3.210857e-05
4.117843e+01 3.747460e-05
4.156327e+01 4.463593e-05
4.194812e+01 5.169740e-05
4.233296e+01 5.667262e-05
4.271781e+01 5.872186e-05
4.310265e+01 5.890084e-05
4.348750e+01 5.986892e-05
4.387234e+01 6.454658e-05
4.425719e+01 7.437048e-05
4.464203e+01 8.815709e-05
4.502688e+01 1.023964e-04
4.541172e+01 1.130416e-04
4.579657e+01 1.179565e-04
4.618141e+01 1.186084e-04
4.656626e+01 1.198275e-04
4.695110e+01 1.274391e-04
4.733595e+01 1.448700e-04
4.772079e+01 1.706519e-04
4.810564e+01 1.985325e-04
4.849048e+01 2.205676e-04
4.887533e+01 2.317983e-04
4.926017e+01 2.338803e-04
4.964502e+01 2.352445e-04
5.002986e+01 2.470997e-04
5.041471e+01 2.770514e-04
5.079955e+01 3.238783e-04
5.118440e+01 3.768982e-04
5.156924e+01 4.210676e-04
5.195409e+01 4.456263e-04
5.233893e+01 4.515263e-04
5.272378e+01 4.528654e-04
5.310862e+01 4.704620e-04
5.349347e+01 5.202547e-04
5.387831e+01 6.028398e-04
5.426316e+01 7.007814e-04
5.464800e+01 7.865869e-04
5.503285e+01 8.381531e-04
5.541769e+01 8.533516e-04
5.580254e+01 8.546565e-04
5.618738e+01 8.793979e-04
5.657223e+01 9.593872e-04
5.695707e+01 1.100772e-03
5.734192e+01 1.276535e-03
5.772677e+01 1.438185e-03
5.811161e+01 1.542416e-03
5.849646e+01 1.578665e-03
5.888130e+01 1.580821e-03
5.926615e+01 1.613501e-03
5.965099e+01 1.737485e-03
6.003584e+01 1.972354e-03
6.042068e+01 2.278789e-03
6.080553e+01 2.574268e-03
6.119037e+01 2.777484e-03
6.157522e+01 2.858557e-03
6.196006e+01 2.865178e-03
6.234491e+01 2.905249e-03
6.272975e+01 3.090319e-03
6.311460e+01 3.468724e-03
6.349944e+01 3.987749e-03
6.388429e+01 4.512004e-03
6.426913e+01 4.894778e-03
6.465398e+01 5.066328e-03
6.503882e+01 5.087703e-03
6.542367e+01 5.132538e-03
6.580851e+01 5.397928e-03
6.619336e+01 5.988851e-03
6.657820e+01 6.842813e-03
6.696305e+01 7.745972e-03
6.734789e+01 8.443379e-03
6.773274e+01 8.788996e-03
6.811758e+01 8.849778e-03
6.850243e+01 8.894516e-03
6.888727e+01 9.258957e-03
6.927212e+01 1.015271e-02
6.965696e+01 1.151737e-02
7.004181e+01 1.302848e-02
7.042665e+01 1.425883e-02
7.081150e+01 1.492486e-02
7.119634e+01 1.507785e-02
7.158119e+01 1.511700e-02
7.196603e+01 1.559424e-02
7.235088e+01 1.690223e-02
7.273572e+01 1.901986e-02
7.312057e+01 2.147577e-02
7.350541e+01 2.357917e-02
7.389026e+01 2.481114e-02
7.427510e+01 2.516027e-02
7.465995e+01 2.519320e-02
7.504479e+01 2.578572e-02
7.542964e+01 2.763579e-02
7.581448e+01 3.082577e-02
7.619933e+01 3.470335e-02
7.658417e+01 3.819031e-02
7.696902e+01 4.038339e-02
7.735387e+01 4.111972e-02
7.773871e+01 4.116304e-02
7.812356e+01 4.185501e-02
7.850840e+01 4.438041e-02
7.889325e+01 4.904349e-02
7.927809e+01 5.499128e-02
7.966294e+01 6.059969e-02
8.004778e+01 6.436453e-02
8.043263e+01 6.581892e-02
8.081747e+01 6.593016e-02
8.120232e+01 6.668170e-02
8.158716e+01 7.000239e-02
8.197201e+01 7.661386e-02
8.235685e+01 8.547708e-02
8.274170e+01 9.423253e-02
8.312654e+01 1.004754e-01
8.351139e+01 1.031907e-01
8.389623e+01 1.035082e-01
8.428108e+01 1.042551e-01
8.466592e+01 1.084512e-01
8.505077e+01 1.175379e-01
8.543561e+01 1.303681e-01
8.582046e+01 1.436392e-01
8.620530e+01 1.536511e-01
8.659015e+01 1.584747e-01
8.697499e+01 1.592786e-01
8.735984e+01 1.599428e-01
8.774468e+01 1.650230e-01
8.812953e+01 1.771196e-01
8.851437e+01 1.951591e-01
8.889922e+01 2.146951e-01
8.928406e+01 2.302404e-01
8.966891e+01 2.384325e-01
9.005375e+01 2.402302e-01
9.043860e+01 2.407488e-01
9.082344e+01 2.466173e-01
9.120829e+01 2.622016e-01
9.159313e+01 2.868317e-01
9.197798e+01 3.147663e-01
9.236282e+01 3.381544e-01
9.274767e+01 3.515037e-01
9.313251e+01 3.551391e-01
9.351736e+01 3.555184e-01
9.390220e+01 3.619516e-01
9.428705e+01 3.813593e-01
9.467189e+01 4.140061e-01
9.505674e+01 4.528098e-01
9.544158e+01 4.869285e-01
9.582643e+01 5.078575e-01
9.621128e+01 5.146387e-01
9.659612e+01 5.150387e-01
9.698097e+01 5.216799e-01
9.736581e+01 5.450097e-01
9.775066e+01 5.870036e-01
9.813550e+01 6.393698e-01
9.852035e+01 6.876566e-01
9.890519e+01 7.192925e-01
9.929004e+01 7.311228e-01
9.967488e+01 7.319725e-01
1.000597e+02 7.383597e-01
1.004446e+02 7.653817e-01
1.008294e+02 8.177778e-01
1.012143e+02 8.864331e-01
1.015991e+02 9.527603e-01
1.019840e+02 9.989425e-01
1.023688e+02 1.018432e+00
1.027536e+02 1.020569e+00
1.031385e+02 1.026204e+00
1.035233e+02 1.056293e+00
1.039082e+02 1.119669e+00
1.042930e+02 1.207109e+00
1.046779e+02 1.295566e+00
1.050627e+02 1.360759e+00
1.054476e+02 1.391289e+00
1.058324e+02 1.396106e+00
1.062172e+02 1.400570e+00
1.066021e+02 1.432682e+00
1.069869e+02 1.506943e+00
1.073718e+02 1.615112e+00
1.077566e+02 1.729677e+00
1.081415e+02 1.818769e+00
1.085263e+02 1.864467e+00
1.089112e+02 1.874039e+00
1.092960e+02 1.877150e+00
1.096809e+02 1.909871e+00
1.100657e+02 1.994090e+00
1.104505e+02 2.124034e+00
1.108354e+02 2.268163e+00
1.112202e+02 2.386123e+00
1.116051e+02 2.451729e+00
1.119899e+02 2.468888e+00
1.123748e+02 2.470879e+00
1.127596e+02 2.502545e+00
1.131445e+02 2.594885e+00
1.135293e+02 2.746438e+00
1.139141e+02 2.922581e+00
1.142990e+02 3.074010e+00
1.146838e+02 3.164599e+00
1.150687e+02 3.192913e+00
1.154535e+02 3.194612e+00
1.158384e+02 3.223503e+00
1.162232e+02 3.321251e+00
1.166081e+02 3.492791e+00
1.169929e+02 3.701927e+00
1.173778e+02 3.890505e+00
1.177626e+02 4.011080e+00
1.181474e+02 4.054714e+00
1.185323e+02 4.057667e+00
1.189171e+02 4.082266e+00
1.193020e+02 4.181991e+00
1.196868e+02 4.370341e+00
1.200717e+02 4.611573e+00
1.204565e+02 4.839492e+00
1.208414e+02 4.994452e+00
1.212262e+02 5.057890e+00
1.216111e+02 5.064407e+00
1.219959e+02 5.083665e+00
1.223807e+02 5.181507e+00
1.227656e+02 5.382006e+00
1.231504e+02 5.652315e+00
1.235353e+02 5.919757e+00
1.239201e+02 6.112313e+00
1.243050e+02 6.199944e+00
1.246898e+02 6.213019e+00
1.250747e+02 6.226602e+00
1.254595e+02 6.318650e+00
1.258443e+02 6.525429e+00
1.262292e+02 6.819636e+00
1.266140e+02 7.124392e+00
1.269989e+02 7.355993e+00
1.273837e+02 7.471604e+00
1.277686e+02 7.494702e+00
1.281534e+02 7.503147e+00
1.285383e+02 7.585874e+00
1.289231e+02 7.792303e+00
1.293080e+02 8.103276e+00
1.296928e+02 8.440592e+00
1.300776e+02 8.710460e+00
1.304625e+02 8.856691e+00
1.308473e+02 8.893400e+00
1.312322e+02 8.898158e+00
1.316170e+02 8.968823e+00
1.320019e+02 9.168091e+00
1.323867e+02 9.487216e+00
1.327716e+02 9.849907e+00
1.331564e+02 1.015477e+01
1.335412e+02 1.033261e+01
1.339261e+02 1.038620e+01
1.343109e+02 1.038952e+01
1.346958e+02 1.044650e+01
1.350806e+02 1.063225e+01
1.354655e+02 1.095009e+01
1.358503e+02 1.132895e+01
1.362352e+02 1.166302e+01
1.366200e+02 1.187146e+01
1.370049e+02 1.194443e+01
1.373897e+02 1.194910e+01
1.377745e+02 1.199204e+01
1.381594e+02 1.215895e+01
1.385442e+02 1.246606e+01
1.389291e+02 1.285054e+01
1.393139e+02 1.320580e+01
1.396988e+02 1.344164e+01
1.400836e+02 1.353528e+01
1.404685e+02 1.354428e+01
1.408533e+02 1.357410e+01
1.412382e+02 1.371839e+01
1.416230e+02 1.400610e+01
1.420078e+02 1.438514e+01
1.423927e+02 1.475192e+01
1.427775e+02 1.500989e+01
1.431624e+02 1.512396e+01
1.435472e+02 1.514004e+01
1.439321e+02 1.515875e+01
1.443169e+02 1.527840e+01
1.447018e+02 1.553956e+01
1.450866e+02 1.590254e+01
1.454714e+02 1.627027e+01
1.458563e+02 1.654336e+01
1.462411e+02 1.667601e+01
1.466260e+02 1.670127e+01
1.470108e+02 1.671165e+01
1.473957e+02 1.680648e+01
1.477805e+02 1.703598e+01
1.481654e+02 1.737355e+01
1.485502e+02 1.773165e+01
1.489351e+02 1.801170e+01
1.493199e+02 1.815953e+01
1.497047e+02 1.819512e+01
1.500896e+02 1.820029e+01
1.504744e+02 1.827178e+01
1.508593e+02 1.846682e+01
1.512441e+02 1.877163e+01
1.516290e+02 1.911039e+01
1.520138e+02 1.938878e+01
1.523987e+02 1.954714e+01
1.527835e+02 1.959313e+01
1.531683e+02 1.959611e+01
1.535532e+02 1.964704e+01
1.539380e+02 1.980713e+01
1.543229e+02 2.007427e+01
1.547077e+02 2.038559e+01
1.550926e+02 2.065403e+01
1.554774e+02 2.081747e+01
1.558623e+02 2.087280e+01
1.562471e+02 2.087618e+01
1.566320e+02 2.091013e+01
1.570168e+02 2.103684e+01
1.574016e+02 2.126397e+01
1.577865e+02 2.154194e+01
1.581713e+02 2.179313e+01
1.585562e+02 2.195593e+01
1.589410e+02 2.201860e+01
1.593259e+02 2.202424e+01
1.597107e+02 2.204516e+01
1.600956e+02 2.214165e+01
1.604804e+02 2.232892e+01
1.608653e+02 2.257002e+01
1.612501e+02 2.279819e+01
1.616349e+02 2.295495e+01
1.620198e+02 2.302229e+01
1.624046e+02 2.303125e+01
1.627895e+02 2.304292e+01
1.631743e+02 2.311345e+01
1.635592e+02 2.326306e+01
1.639440e+02 2.346619e+01
1.643289e+02 2.366747e+01
1.647137e+02 2.381353e+01
1.650985e+02 2.388255e+01
1.654834e+02 2.389507e+01
1.658682e+02 2.390084e+01
1.662531e+02 2.395014e+01
1.666379e+02 2.406586e+01
1.670228e+02 2.423208e+01
1.674076e+02 2.440453e+01
1.677925e+02 2.453635e+01
1.681773e+02 2.460413e+01
1.685622e+02 2.461977e+01
1.689470e+02 2.462232e+01
1.693318e+02 2.465512e+01
1.697167e+02 2.474170e+01
1.701015e+02 2.487376e+01
1.704864e+02 2.501728e+01
1.708712e+02 2.513260e+01
1.712561e+02 2.519655e+01
1.716409e+02 2.521444e+01
1.720258e+02 2.521567e+01
1.724106e+02 2.523631e+01
1.727954e+02 2.529889e+01
1.731803e+02 2.540073e+01
1.735651e+02 2.551678e+01
1.739500e+02 2.561462e+01
1.743348e+02 2.567274e+01
1.747197e+02 2.569177e+01
1.751045e+02 2.569288e+01
1.754894e+02 2.570505e+01
1.758742e+02 2.574868e+01
1.762591e+02 2.582487e+01
1.766439e+02 2.591603e+01
1.770287e+02 2.599659e+01
1.774136e+02 2.604757e+01
1.777984e+02 2.606659e+01
1.781833e+02 2.606819e+01
1.785681e+02 2.607483e+01
1.789530e+02 2.610410e+01
1.793378e+02 2.615939e+01
1.797227e+02 2.622895e+01
1.801075e+02 2.629334e+01
1.804924e+02 2.633655e+01
1.808772e+02 2.635457e+01
1.812620e+02 2.635683e+01
1.816469e+02 2.636013e+01
1.820317e+02 2.637899e+01
1.824166e+02 2.641786e+01
1.828014e+02 2.646943e+01
1.831863e+02 2.651940e+01
1.835711e+02 2.655483e+01
1.839560e+02 2.657112e+01
1.843408e+02 2.657393e+01
1.847256e+02 2.657539e+01
1.851105e+02 2.658701e+01
1.854953e+02 2.661347e+01
1.858802e+02 2.665060e+01
1.862650e+02 2.668827e+01
1.866499e+02 2.671641e+01
1.870347e+02 2.673051e+01
1.874196e+02 2.673362e+01
1.878044e+02 2.673419e+01
1.881893e+02 2.674102e+01
1.885741e+02 2.675845e+01
1.889589e+02 2.678440e+01
1.893438e+02 2.681198e+01
1.897286e+02 2.683365e+01
1.901135e+02 2.684537e+01
1.904983e+02 2.684852e+01
1.908832e+02 2.684875e+01
1.912680e+02 2.685254e+01
1.916529e+02 2.686364e+01
1.920377e+02 2.688125e+01
1.924226e+02 2.690087e+01
1.928074e+02 2.691705e+01
1.931922e+02 2.692642e+01
1.935771e+02 2.692939e+01
1.939619e+02 2.692956e+01
1.943468e+02 2.693153e+01
1.947316e+02 2.693835e+01
1.951165e+02 2.694994e+01
1.955013e+02 2.696350e+01
1.958862e+02 2.697522e+01
1.962710e+02 2.698246e+01
1.966558e+02 2.698508e+01
1.970407e+02 2.698528e+01
1.974255e+02 2.698624e+01
1.978104e+02 2.699027e+01
1.981952e+02 2.699767e+01
1.985801e+02 2.700678e+01
1.989649e+02 2.701502e+01
1.993498e+02 2.702042e+01
1.997346e+02 2.702261e+01
2.001195e+02 2.702287e+01
2.005043e+02 2.702329e+01
2.008891e+02 2.702557e+01
2.012740e+02 2.703015e+01
2.016588e+02 2.703609e+01
2.020437e+02 2.704172e+01
2.024285e+02 2.704562e+01
2.028134e+02 2.704736e+01
2.031982e+02 2.704765e+01
2.035831e+02 2.704781e+01
2.039679e+02 2.704906e+01
2.043527e+02 2.705180e+01
2.047376e+02 2.705556e+01
2.051224e+02 2.705930e+01
2.055073e+02 2.706202e+01
2.058921e+02 2.706335e+01
2.062770e+02 2.706363e+01
2.066618e+02 2.706369e+01
2.070467e+02 2.706433e+01
2.074315e+02 2.706593e+01
2.078164e+02 2.706824e+01
2.082012e+02 2.707064e+01
2.085860e+02 2.707249e+01
2.089709e+02 2.707346e+01
2.093557e+02 2.707372e+01
2.097406e+02 2.707374e+01
2.101254e+02 2.707405e+01
2.105103e+02 2.707494e+01
2.108951e+02 2.707632e+01
2.112800e+02 2.707783e+01
2.116648e+02 2.707904e+01
2.120497e+02 2.707973e+01
2.124345e+02 2.707994e+01
2.128193e+02 2.707995e+01
2.132042e+02 2.708010e+01
2.135890e+02 2.708058e+01
2.139739e+02 2.708138e+01
2.143587e+02 2.708229e+01
2.147436e+02 2.708307e+01
2.151284e+02 2.708353e+01
2.155133e+02 2.708370e+01
2.158981e+02 2.708371e+01
2.162829e+02 2.708377e+01
2.166678e+02 2.708402e+01
2.170526e+02 2.708447e+01
2.174375e+02 2.708501e+01
2.178223e+02 2.708549e+01
2.182072e+02 2.708580e+01
2.185920e+02 2.708592e+01
2.189769e+02 2.708593e+01
2.193617e+02 2.708596e+01
2.197466e+02 2.708608e+01
2.201314e+02 2.708633e+01
2.205162e+02 2.708664e+01
2.209011e+02 2.708692e+01
2.212859e+02 2.708712e+01
2.216708e+02 2.708720e+01
2.220556e+02 2.708722e+01
2.224405e+02 2.708722e+01
2.228253e+02 2.708728e+01
2.232102e+02 2.708741e+01
2.235950e+02 2.708759e+01
2.239798e+02 2.708775e+01
2.243647e+02 2.708787e+01
2.247495e+02 2.708793e+01
2.251344e+02 2.708794e+01
2.255192e+02 2.708795e+01
2.259041e+02 2.708797e+01
2.262889e+02 2.708804e+01
2.266738e+02 2.708813e+01
2.270586e+02 2.708823e+01
2.274435e+02 2.708830e+01
2.278283e+02 2.708834e+01
2.282131e+02 2.708834e+01
2.285980e+02 2.708835e+01
2.289828e+02 2.708836e+01
2.293677e+02 2.708839e+01
2.297525e+02 2.708844e+01
2.301374e+02 2.708849e+01
2.305222e+02 2.708853e+01
2.309071e+02 2.708856e+01
2.312919e+02 2.708856e+01
2.316768e+02 2.708856e+01
2.320616e+02 2.708857e+01
2.324464e+02 2.708858e+01
2.328313e+02 2.708861e+01
2.332161e+02 2.708864e+01
2.336010e+02 2.708866e+01
2.339858e+02 2.708867e+01
2.343707e+02 2.708868e+01
2.347555e+02 2.708868e+01
2.351404e+02 2.708868e+01
2.355252e+02 2.708869e+01
2.359100e+02 2.708870e+01
2.362949e+02 2.708871e+01
2.366797e+02 2.708873e+01
2.370646e+02 2.708873e+01
2.374494e+02 2.708874e+01
2.378343e+02 2.708874e+01
2.382191e+02 2.708874e+01
2.386040e+02 2.708874e+01
2.389888e+02 2.708875e+01
2.393737e+02 2.708875e+01
2.397585e+02 2.708876e+01
2.401433e+02 2.708876e+01
2.405282e+02 2.708877e+01
2.409130e+02 2.708877e+01
2.412979e+02 2.708877e+01
2.416827e+02 2.708877e+01
2.420676e+02 2.708877e+01
2.424524e+02 2.708877e+01
2.428373e+02 2.708878e+01
2.432221e+02 2.708878e+01
2.436069e+02 2.708878e+01
2.439918e+02 2.708878e+01
2.443766e+02 2.708878e+01
2.447615e+02 2.708878e+01
2.451463e+02 2.708878e+01
2.455312e+02 2.708878e+01
2.459160e+02 2.708878e+01
2.463009e+02 2.708878e+01
2.466857e+02 2.708878e+01
2.470706e+02 2.708878e+01
2.474554e+02 2.708878e+01
2.478402e+02 2.708878e+01
2.482251e+02 2.708878e+01
2.486099e+02 2.708878e+01
2.489948e+02 2.708878e+01
2.493796e+02 2.708878e+01
2.497645e+02 2.708878e+01
2.501493e+02 2.708878e+01
2.505342e+02 2.708878e+01
2.509190e+02 2.708878e+01
2.513039e+02 2.708878e+01
2.516887e+02 2.708878e+01
2.520735e+02 2.708878e+01
2.524584e+02 2.708878e+01
2.528432e+02 2.708878e+01
2.532281e+02 2.708878e+01
2.536129e+02 2.708877e+01
2.539978e+02 2.708877e+01
2.543826e+02 2.708877e+01
2.547675e+02 2.708877e+01
2.551523e+02 2.708877e+01
2.555371e+02 2.708877e+01
2.559220e+02 2.708877e+01
2.563068e+02 2.708876e+01
2.566917e+02 2.708876e+01
2.570765e+02 2.708875e+01
2.574614e+02 2.708875e+01
2.578462e+02 2.708874e+01
2.582311e+02 2.708874e+01
2.586159e+02 2.708875e+01
2.590008e+02 2.708875e+01
2.593856e+02 2.708874e+01
2.597704e+02 2.708873e+01
2.601553e+02 2.708872e+01
2.605401e+02 2.708871e+01
2.609250e+02 2.708871e+01
2.613098e+02 2.708871e+01
2.616947e+02 2.708871e+01
2.620795e+02 2.708871e+01
2.624644e+02 2.708871e+01
2.628492e+02 2.708870e+01
2.632340e+02 2.708868e+01
2.636189e+02 2.708866e+01
2.640037e+02 2.708865e+01
2.643886e+02 2.708865e+01
2.647734e+02 2.708866e+01
2.651583e+02 2.708866e+01
2.655431e+02 2.708865e+01
2.659280e+02 2.708864e+01
2.663128e+02 2.708861e+01
2.666977e+02 2.708858e+01
2.670825e+02 2.708856e+01
2.674673e+02 2.708856e+01
2.678522e+02 2.708857e+01
2.682370e+02 2.708857e+01
2.686219e+02 2.708857e+01
2.690067e+02 2.708854e+01
2.693916e+02 2.708850e+01
2.697764e+02 2.708846e+01
2.701613e+02 2.708843e+01
2.705461e+02 2.708842e+01
2.709310e+02 2.708843e+01
2.713158e+02 2.708844e+01
2.717006e+02 2.708843e+01
2.720855e+02 2.708840e+01
2.724703e+02 2.708835e+01
2.728552e+02 2.708828e+01
2.732400e+02 2.708823e+01
2.736249e+02 2.708821e+01
2.740097e+02 2.708822e+01
2.743946e+02 2.708823e+01
2.747794e+02 2.708823e+01
2.751642e+02 2.708819e+01
2.755491e+02 2.708812e+01
2.759339e+02 2.708802e+01
2.763188e+02 2.708795e+01
2.767036e+02 2.708791e+01
2.770885e+02 2.708791e+01
2.774733e+02 2.708793e+01
2.778582e+02 2.708794e+01
2.782430e+02 2.708789e+01
2.786279e+02 2.708779e+01
2.790127e+02 2.708766e+01
2.793975e+02 2.708754e+01
2.797824e+02 2.708747e+01
2.801672e+02 2.708746e+01
2.805521e+02 2.708749e+01
2.809369e+02 2.708750e+01
2.813218e+02 2.708746e+01
2.817066e+02 2.708733e+01
2.820915e+02 2.708716e+01
2.824763e+02 2.708698e+01
2.828611e+02 2.708687e+01
2.832460e+02 2.708684e+01
2.836308e+02 2.708686e+01
2.840157e+02 2.708689e+01
2.844005e+02 2.708685e+01
2.847854e+02 2.708670e+01
2.851702e+02 2.708647e+01
2.855551e+02 2.708623e+01
2.859399e+02 2.708605e+01
2.863248e+02 2.708598e+01
2.867096e+02 2.708599e+01
2.870944e+02 2.708603e+01
2.874793e+02 2.708600e+01
2.878641e+02 2.708584e+01
2.882490e+02 2.708556e+01
2.886338e+02 2.708524e+01
2.890187e+02 2.708497e+01
2.894035e+02 2.708483e+01
2.897884e+02 2.708482e+01
2.901732e+02 2.708487e+01
2.905581e+02 2.708486e+01
2.909429e+02 2.708470e+01
2.913277e+02 2.708437e+01
2.917126e+02 2.708396e+01
2.920974e+02 2.708359e+01
2.924823e+02 2.708336e+01
2.928671e+02 2.708329e+01
2.932520e+02 2.708332e+01
2.936368e+02 2.708333e+01
2.940217e+02 2.708318e+01
2.944065e+02 2.708283e+01
2.947913e+02 2.708234e+01
2.951762e+02 2.708185e+01
2.955610e+02 2.708149e+01
2.959459e+02 2.708133e+01
2.963307e+02 2.708132e+01
2.967156e+02 2.708133e+01
2.971004e+02 2.708122e+01
2.974853e+02 2.708087e+01
2.978701e+02 2.708031e+01
2.982550e+02 2.707970e+01
2.986398e+02 2.707920e+01
2.990246e+02 2.707891e+01
2.994095e+02 2.707881e+01
2.997943e+02 2.707880e+01
3.001792e+02 2.707872e+01
3.005640e+02 2.707841e+01
3.009489e+02 2.707782e+01
3.013337e+02 2.707710e+01
3.017186e+02 2.707645e+01
3.021034e+02 2.707600e+01
3.024882e+02 2.707578e+01
3.028731e+02 2.707569e+01
3.032579e+02 2.707562e+01
3.036428e+02 2.707536e+01
3.040276e+02 2.707479e+01
3.044125e+02 2.707399e+01
3.047973e+02 2.707318e+01
3.051822e+02 2.707256e+01
3.055670e+02 2.707218e+01
3.059519e+02 2.707199e+01
3.063367e+02 2.707187e+01
3.067215e+02 2.707167e+01
3.071064e+02 2.707116e+01
3.074912e+02 2.707032e+01
3.078761e+02 2.706938e+01
3.082609e+02 2.706857e+01
3.086458e+02 2.706802e+01
3.090306e+02 2.706769e+01
3.094155e+02 2.706749e+01
3.098003e+02 2.706731e+01
3.101852e+02 2.706688e+01
3.105700e+02 2.706606e+01
3.109548e+02 2.706501e+01
3.113397e+02 2.706402e+01
3.117245e+02 2.706328e+01
3.121094e+02 2.706280e+01
3.124942e+02 2.706251e+01
3.128791e+02 2.706230e+01
3.132639e+02 2.706196e+01
3.136488e+02 2.706120e+01
3.140336e+02 2.706007e+01
3.144184e+02 2.705890e+01
3.148033e+02 2.705796e+01
3.151881e+02 2.705733e+01
3.155730e+02 2.705695e+01
3.159578e+02 2.705672e+01
3.163427e+02 2.705645e+01
3.167275e+02 2.705577e+01
3.171124e+02 2.705459e+01
3.174972e+02 2.705324e+01
3.178821e+02 2.705210e+01
3.182669e+02 2.705132e+01
3.186517e+02 2.705086e+01
3.190366e+02 2.705063e+01
3.194214e+02 2.705043e+01
3.198063e+02 2.704984e+01
3.201911e+02 2.704861e+01
3.205760e+02 2.704709e+01
3.209608e+02 2.704574e+01
3.213457e+02 2.704480e+01
3.217305e+02 2.704430e+01
3.221153e+02 2.704411e+01
3.225002e+02 2.704400e+01
3.228850e+02 2.704350e+01
3.232699e+02 2.704222e+01
3.236547e+02 2.704052e+01
3.240396e+02 2.703896e+01
3.244244e+02 2.703788e+01
3.248093e+02 2.703736e+01
3.251941e+02 2.703726e+01
3.255790e+02 2.703729e+01
3.259638e+02 2.703687e+01
3.263486e+02 2.703551e+01
3.267335e+02 2.703363e+01
3.271183e+02 2.703187e+01
3.275032e+02 2.703068e+01
3.278880e+02 2.703018e+01
3.282729e+02 2.703023e+01
3.286577e+02 2.703044e+01
3.290426e+02 2.703004e+01
3.294274e+02 2.702856e+01
3.298123e+02 2.702651e+01
3.301971e+02 2.702460e+01
3.305819e+02 2.702336e+01
3.309668e+02 2.702295e+01
3.313516e+02 2.702320e+01
3.317365e+02 2.702355e+01
3.321213e+02 2.702309e+01
3.325062e+02 2.702145e+01
3.328910e+02 2.701927e+01
3.332759e+02 2.701730e+01
3.336607e+02 2.701610e+01
3.340455e+02 2.701586e+01
3.344304e+02 2.701633e+01
3.348152e+02 2.701674e+01
3.352001e+02 2.701608e+01
3.355849e+02 2.701429e+01
3.359698e+02 2.701206e+01
3.363546e+02 2.701016e+01
3.367395e+02 2.700913e+01
3.371243e+02 2.700914e+01
3.375092e+02 2.700978e+01
3.378940e+02 2.701005e+01
3.382788e+02 2.700912e+01
3.386637e+02 2.700724e+01
3.390485e+02 2.700509e+01
3.394334e+02 2.700340e+01
3.398182e+02 2.700267e+01
3.402031e+02 2.700294e+01
3.405879e+02 2.700356e+01
3.409728e+02 2.700348e+01
3.413576e+02 2.700231e+01
3.417424e+02 2.700045e+01
3.421273e+02 2.699854e+01
3.425121e+02 2.699723e+01
3.428970e+02 2.699688e+01
3.432818e+02 2.699731e+01
3.436667e+02 2.699767e+01
3.440515e+02 2.699719e+01
3.444364e+02 2.699590e+01
3.448212e+02 2.699420e+01
3.452061e+02 2.699268e+01
3.455909e+02 2.699183e+01
3.459757e+02 2.699180e+01
3.463606e+02 2.699213e+01
3.467454e+02 2.699206e+01
3.471303e+02 2.699131e+01
3.475151e+02 2.699006e+01
3.479000e+02 2.698870e+01
3.482848e+02 2.698766e+01
3.486697e+02 2.698725e+01
3.490545e+02 2.698733e+01
3.494394e+02 2.698734e+01
3.498242e+02 2.698690e+01
3.502090e+02 2.698608e+01
3.505939e+02 2.698504e+01
3.509787e+02 2.698411e+01
3.513636e+02 2.698354e+01
3.517484e+02 2.698336e+01
3.521333e+02 2.698326e+01
3.525181e+02 2.698292e+01
3.529030e+02 2.698236e+01
3.532878e+02 2.698166e+01
3.536726e+02 2.698098e+01
3.540575e+02 2.698047e+01
3.544423e+02 2.698019e+01
3.548272e+02 2.697996e+01
3.552120e+02 2.697958e+01
3.555969e+02 2.697910e+01
3.559817e+02 2.697863e+01
3.563666e+02 2.697820e+01
3.567514e+02 2.697787e+01
3.571363e+02 2.697763e+01
3.575211e+02 2.697734e+01
3.579059e+02 2.697690e+01
3.582908e+02 2.697640e+01
3.586756e+02 2.697601e+01
3.590605e+02 2.697576e+01
3.594453e+02 2.697563e+01
3.598302e+02 2.697552e+01
3.602150e+02 2.697529e+01
3.605999e+02 2.697486e+01
3.609847e+02 2.697434e+01
3.613695e+02 2.697392e+01
3.617544e+02 2.697372e+01
3.621392e+02 2.697370e+01
3.625241e+02 2.697372e+01
3.629089e+02 2.697361e+01
3.632938e+02 2.697329e+01
3.636786e+02 2.697281e+01
3.640635e+02 2.697239e+01
3.644483e+02 2.697215e+01
3.648332e+02 2.697210e+01
3.652180e+02 2.697216e+01
3.656028e+02 2.697215e+01
3.659877e+02 2.697197e+01
3.663725e+02 2.697165e+01
3.667574e+02 2.697131e+01
3.671422e+02 2.697107e+01
3.675271e+02 2.697097e+01
3.679119e+02 2.697096e+01
3.682968e+02 2.697093e+01
3.686816e+02 2.697080e+01
3.690665e+02 2.697061e+01
3.694513e+02 2.697041e+01
3.698361e+02 2.697027e+01
3.702210e+02 2.697021e+01
3.706058e+02 2.697017e+01
3.709907e+02 2.697010e+01
3.713755e+02 2.696994e+01
3.717604e+02 2.696975e+01
3.721452e+02 2.696959e+01
3.725301e+02 2.696952e+01
3.729149e+02 2.696954e+01
3.732997e+02 2.696959e+01
3.736846e+02 2.696959e+01
3.740694e+02 2.696948e+01
3.744543e+02 2.696929e+01
3.748391e+02 2.696909e+01
3.752240e+02 2.696896e+01
3.756088e+02 2.696893e+01
3.759937e+02 2.696899e+01
3.763785e+02 2.696908e+01
3.767634e+02 2.696914e+01
3.771482e+02 2.696912e+01
3.775330e+02 2.696902e+01
3.779179e+02 2.696887e+01
3.783027e+02 2.696873e+01
3.786876e+02 2.696866e+01
3.790724e+02 2.696867e+01
3.794573e+02 2.696876e+01
3.798421e+02 2.696890e+01
3.802270e+02 2.696903e+01
3.806118e+02 2.696908e+01
3.809966e+02 2.696904e+01
3.813815e+02 2.696892e+01
3.817663e+02 2.696878e+01
3.821512e+02 2.696871e+01
3.825360e+02 2.696878e+01
3.829209e+02 2.696898e+01
3.833057e+02 2.696927e+01
3.836906e+02 2.696951e+01
3.840754e+02 2.696962e+01
3.844603e+02 2.696956e+01
3.848451e+02 2.696938e+01
3.852299e+02 2.696923e+01
3.856148e+02 2.696924e+01
3.859996e+02 2.696948e+01
3.863845e+02 2.696991e+01
3.867693e+02 2.697039e+01
3.871542e+02 2.697072e+01
3.875390e+02 2.697077e+01
3.879239e+02 2.697057e+01
3.883087e+02 2.697029e+01
3.886936e+02 2.697018e+01
3.890784e+02 2.697041e+01
3.894632e+02 2.697101e+01
3.898481e+02 2.697178e+01
3.902329e+02 2.697243e+01
3.906178e+02 2.697268e+01
3.910026e+02 2.697247e+01
3.913875e+02 2.697202e+01
3.917723e+02 2.697168e+01
3.921572e+02 2.697181e+01
3.925420e+02 2.697252e+01
3.929268e+02 2.697364e+01
3.933117e+02 2.697473e+01
3.936965e+02 2.697534e+01
3.940814e+02 2.697521e+01
3.944662e+02 2.697455e+01
3.948511e+02 2.697385e+01
3.952359e+02 2.697372e+01
3.956208e+02 2.697444e+01
3.960056e+02 2.697589e+01
3.963905e+02 2.697753e+01
3.967753e+02 2.697866e+01
3.971601e+02 2.697879e+01
3.975450e+02 2.697797e+01
3.979298e+02 2.697682e+01
3.983147e+02 2.697623e+01
3.986995e+02 2.697678e+01
3.990844e+02 2.697848e+01
3.994692e+02 2.698070e+01
3.998541e+02 2.698250e+01
4.002389e+02 2.698308e+01
4.006237e+02 2.698226e+01
4.010086e+02 2.698067e+01
4.013934e+02 2.697946e+01
4.017783e+02 2.697963e+01
4.021631e+02 2.698141e+01
4.025480e+02 2.698417e+01
4.029328e+02 2.698673e+01
4.033177e+02 2.698792e+01
4.037025e+02 2.698728e+01
4.040874e+02 2.698535e+01
4.044722e+02 2.698349e+01
4.048570e+02 2.698309e+01
4.052419e+02 2.698477e+01
4.056267e+02 2.698797e+01
4.060116e+02 2.699129e+01
4.063964e+02 2.699319e+01
4.067813e+02 2.699284e+01
4.071661e+02 2.699067e+01
4.075510e+02 2.698822e+01
4.079358e+02 2.698723e+01
4.083207e+02 2.698869e+01
4.087055e+02 2.699221e+01
4.090903e+02 2.699625e+01
4.094752e+02 2.699890e+01
4.098600e+02 2.699888e+01
4.102449e+02 2.699644e+01
4.106297e+02 2.699337e+01
4.110146e+02 2.699186e+01
4.113994e+02 2.699318e+01
4.117843e+02 2.699703e+01
4.121691e+02 2.700177e+01
4.125539e+02 2.700514e+01
4.129388e+02 2.700547e+01
4.133236e+02 2.700270e+01
4.137085e+02 2.699883e+01
4.140933e+02 2.699669e+01
4.144782e+02 2.699797e+01
4.148630e+02 2.700239e+01
4.152479e+02 2.700797e+01
4.156327e+02 2.701209e+01
4.160176e+02 2.701271e+01
4.164024e+02 2.700956e+01
4.167872e+02 2.700475e+01
4.171721e+02 2.700171e+01
4.175569e+02 2.700282e+01
4.179418e+02 2.700788e+01
4.183266e+02 2.701461e+01
4.187115e+02 2.701974e+01
4.190963e+02 2.702069e+01
4.194812e+02 2.701710e+01
4.198660e+02 2.701128e+01
4.202508e+02 2.700720e+01
4.206357e+02 2.700787e+01
4.210205e+02 2.701340e+01
4.214054e+02 2.702118e+01
4.217902e+02 2.702749e+01
4.221751e+02 2.702912e+01
4.225599e+02 2.702526e+01
4.229448e+02 2.701849e+01
4.233296e+02 2.701337e+01
4.237145e+02 2.701339e+01
4.240993e+02 2.701902e+01
4.244841e+02 2.702759e+01
4.248690e+02 2.703487e+01
4.252538e+02 2.703722e+01
4.256387e+02 2.703352e+01
4.260235e+02 2.702625e+01
4.264084e+02 2.702033e+01
4.267932e+02 2.701967e+01
4.271781e+02 2.702498e+01
4.275629e+02 2.703379e+01
4.279478e+02 2.704178e+01
4.283326e+02 2.704476e+01
4.287174e+02 2.704125e+01
4.291023e+02 2.703395e+01
4.294871e+02 2.702788e+01
4.298720e+02 2.702677e+01
4.302568e+02 2.703144e+01
4.306417e+02 2.703980e+01
4.310265e+02 2.704787e+01
4.314114e+02 2.705144e+01
4.317962e+02 2.704839e+01
4.321810e+02 2.704130e+01
4.325659e+02 2.703540e+01
4.329507e+02 2.703422e+01
4.333356e+02 2.703829e+01
4.337204e+02 2.704573e+01
4.341053e+02 2.705327e+01
4.344901e+02 2.705704e+01
4.348750e+02 2.705471e+01
4.352598e+02 2.704842e+01
4.356447e+02 2.704291e+01
4.360295e+02 2.704152e+01
4.364143e+02 2.704491e+01
4.367992e+02 2.705145e+01
4.371840e+02 2.705815e+01
4.375689e+02 2.706162e+01
4.379537e+02 2.705996e+01
4.383386e+02 2.705485e+01
4.387234e+02 2.705005e+01
4.391083e+02 2.704851e+01
4.394931e+02 2.705112e+01
4.398779e+02 2.705671e+01
4.402628e+02 2.706257e+01
4.406476e+02 2.706563e+01
4.410325e+02 2.706448e+01
4.414173e+02 2.706043e+01
4.418022e+02 2.705631e+01
4.421870e+02 2.705475e+01
4.425719e+02 2.705678e+01
4.429567e+02 2.706136e+01
4.433416e+02 2.706620e+01
4.437264e+02 2.706899e+01
4.441112e+02 2.706844e+01
4.444961e+02 2.706525e+01
4.448809e+02 2.706170e+01
4.452658e+02 2.706021e+01
4.456506e+02 2.706167e+01
4.460355e+02 2.706523e+01
4.464203e+02 2.706917e+01
4.468052e+02 2.707171e+01
4.471900e+02 2.707167e+01
4.475749e+02 2.706932e+01
4.479597e+02 2.706645e+01
4.483445e+02 2.706504e+01
4.487294e+02 2.706588e+01
4.491142e+02 2.706848e+01
4.494991e+02 2.707158e+01
4.498839e+02 2.707375e+01
4.502688e+02 2.707407e+01
4.506536e+02 2.707264e+01
4.510385e+02 2.707058e+01
4.514233e+02 2.706934e+01
4.518081e+02 2.706971e+01
4.521930e+02 2.707145e+01
4.525778e+02 2.707366e+01
4.529627e+02 2.707536e+01
4.533475e+02 2.707593e+01
4.537324e+02 2.707528e+01
4.541172e+02 2.707400e+01
4.545021e+02 2.707306e+01
4.548869e+02 2.707307e+01
4.552718e+02 2.707402e+01
4.556566e+02 2.707543e+01
4.560414e+02 2.707675e+01
4.564263e+02 2.707748e+01
4.568111e+02 2.707742e+01
4.571960e+02 2.707683e+01
4.575808e+02 2.707621e+01
4.579657e+02 2.707597e+01
4.583505e+02 2.707630e+01
4.587354e+02 2.707706e+01
4.591202e+02 2.707796e+01
4.595050e+02 2.707864e+01
4.598899e+02 2.707891e+01
4.602747e+02 2.707885e+01
4.606596e+02 2.707864e+01
4.610444e+02 2.707849e+01
4.614293e+02 2.707857e+01
4.618141e+02 2.707886e+01
4.621990e+02 2.707924e+01
4.625838e+02 2.707959e+01
4.629687e+02 2.707986e+01
4.633535e+02 2.708005e+01
4.637383e+02 2.708020e+01
4.641232e+02 2.708036e+01
4.645080e+02 2.708054e+01
4.648929e+02 2.708069e+01
4.652777e+02 2.708075e+01
4.656626e+02 2.708075e+01
4.660474e+02 2.708078e+01
4.664323e+02 2.708089e+01
4.668171e+02 2.708113e+01
4.672020e+02 2.708144e+01
4.675868e+02 2.708177e+01
4.679716e+02 2.708202e+01
4.683565e+02 2.708212e+01
4.687413e+02 2.708206e+01
4.691262e+02 2.708193e+01
4.695110e+02 2.708183e+01
4.698959e+02 2.708186e+01
4.702807e+02 2.708205e+01
4.706656e+02 2.708236e+01
4.710504e+02 2.708272e+01
4.714352e+02 2.708300e+01
4.718201e+02 2.708311e+01
4.722049e+02 2.708303e+01
4.725898e+02 2.708283e+01
4.729746e+02 2.708264e+01
4.733595e+02 2.708258e+01
4.737443e+02 2.708273e+01
4.741292e+02 2.708305e+01
4.745140e+02 2.708340e+01
4.748989e+02 2.708365e+01
4.752837e+02 2.708369e+01
4.756685e+02 2.708355e+01
4.760534e+02 2.708332e+01
4.764382e+02 2.708315e+01
4.768231e+02 2.708315e+01
4.772079e+02 2.708332e+01
4.775928e+02 2.708359e+01
4.779776e+02 2.708382e+01
4.783625e+02 2.708394e+01
4.787473e+02 2.708391e+01
4.791321e+02 2.708379e+01
4.795170e+02 2.708366e+01
4.799018e+02 2.708360e+01
4.802867e+02 2.708364e+01
4.806715e+02 2.708375e+01
4.810564e+02 2.708388e+01
4.814412e+02 2.708398e+01
4.818261e+02 2.708401e+01
4.822109e+02 2.708398e+01
4.825958e+02 2.708392e+01
4.829806e+02 2.708387e+01
4.833654e+02 2.708386e+01
4.837503e+02 2.708390e+01
4.841351e+02 2.708396e+01
4.845200e+02 2.708402e+01
4.849048e+02 2.708405e+01
4.852897e+02 2.708404e+01
4.856745e+02 2.708402e+01
4.860594e+02 2.708400e+01
4.864442e+02 2.708400e+01
4.868291e+02 2.708402e+01
4.872139e+02 2.708405e+01
4.875987e+02 2.708407e+01
4.879836e+02 2.708407e+01
4.883684e+02 2.708407e+01
4.887533e+02 2.708406e+01
4.891381e+02 2.708407e+01
4.895230e+02 2.708409e+01
4.899078e+02 2.708412e+01
4.902927e+02 2.708414e+01
4.906775e+02 2.708415e+01
4.910623e+02 2.708414e+01
4.914472e+02 2.708414e+01
4.918320e+02 2.708415e+01
4.922169e+02 2.708417e+01
4.926017e+02 2.708420e+01
4.929866e+02 2.708423e+01
4.933714e+02 2.708425e+01
4.937563e+02 2.708426e+01
4.941411e+02 2.708426e+01
4.945260e+02 2.708427e+01
4.949108e+02 2.708429e+01
4.952956e+02 2.708431e+01
4.956805e+02 2.708434e+01
4.960653e+02 2.708436e+01
4.964502e+02 2.708438e+01
4.968350e+02 2.708439e+01
4.972199e+02 2.708440e+01
4.976047e+02 2.708442e+01
4.979896e+02 2.708443e+01
4.983744e+02 2.708445e+01
4.987592e+02 2.708447e+01
4.991441e+02 2.708449e+01
4.995289e+02 2.708451e+01
4.999138e+02 2.708452e+01
5.002986e+02 2.708453e+01
5.006835e+02 2.708454e+01
5.010683e+02 2.708456e+01
5.014532e+02 2.708457e+01
5.018380e+02 2.708458e+01
5.022229e+02 2.708459e+01
5.026077e+02 2.708460e+01
5.029925e+02 2.708460e+01
5.033774e+02 2.708461e+01
5.037622e+02 2.708461e+01
5.041471e+02 2.708461e+01
5.045319e+02 2.708461e+01
5.049168e+02 2.708461e+01
5.053016e+02 2.708461e+01
5.056865e+02 2.708461e+01
5.060713e+02 2.708460e+01
5.064562e+02 2.708459e+01
5.068410e+02 2.708458e+01
5.072258e+02 2.708457e+01
5.076107e+02 2.708456e+01
5.079955e+02 2.708455e+01
5.083804e+02 2.708454e+01
5.087652e+02 2.708452e+01
5.091501e+02 2.708451e+01
5.095349e+02 2.708449e+01
5.099198e+02 2.708447e+01
5.103046e+02 2.708444e+01
5.106894e+02 2.708442e+01
5.110743e+02 2.708440e+01
5.114591e+02 2.708438e+01
5.118440e+02 2.708435e+01
5.122288e+02 2.708433e+01
5.126137e+02 2.708431e+01
5.129985e+02 2.708428e+01
5.133834e+02 2.708425e+01
5.137682e+02 2.708422e+01
5.141531e+02 2.708420e+01
5.145379e+02 2.708417e+01
5.149227e+02 2.708415e+01
5.153076e+02 2.708413e+01
5.156924e+02 2.708410e+01
5.160773e+02 2.708408e+01
5.164621e+02 2.708405e+01
5.168470e+02 2.708402e+01
5.172318e+02 2.708400e+01
5.176167e+02 2.708398e+01
5.180015e+02 2.708397e+01
5.183863e+02 2.708396e+01
5.187712e+02 2.708395e+01
5.191560e+02 2.708392e+01
5.195409e+02 2.708389e+01
5.199257e+02 2.708387e+01
5.203106e+02 2.708385e+01
5.206954e+02 2.708385e+01
5.210803e+02 2.708385e+01
5.214651e+02 2.708385e+01
5.218500e+02 2.708384e+01
5.222348e+02 2.708381e+01
5.226196e+02 2.708378e+01
5.230045e+02 2.708374e+01
5.233893e+02 2.708372e+01
5.237742e+02 2.708372e+01
5.241590e+02 2.708374e+01
5.245439e+02 2.708375e+01
5.249287e+02 2.708374e+01
5.253136e+02 2.708371e+01
5.256984e+02 2.708365e+01
5.260833e+02 2.708358e+01
5.264681e+02 2.708354e+01
5.268529e+02 2.708353e+01
5.272378e+02 2.708356e+01
5.276226e+02 2.708358e+01
5.280075e+02 2.708357e+01
5.283923e+02 2.708351e+01
5.287772e+02 2.708339e+01
5.291620e+02 2.708326e+01
5.295469e+02 2.708316e+01
5.299317e+02 2.708313e+01
5.303165e+02 2.708315e+01
5.307014e+02 2.708318e+01
5.310862e+02 2.708316e+01
5.314711e+02 2.708304e+01
5.318559e+02 2.708283e+01
5.322408e+02 2.708257e+01
5.326256e+02 2.708236e+01
5.330105e+02 2.708226e+01
5.333953e+02 2.708226e+01
5.337802e+02 2.708230e+01
5.341650e+02 2.708226e+01
5.345498e+02 2.708206e+01
5.349347e+02 2.708168e+01
5.353195e+02 2.708122e+01
5.357044e+02 2.708081e+01
5.360892e+02 2.708057e+01
5.364741e+02 2.708052e+01
5.368589e+02 2.708056e+01
5.372438e+02 2.708050e+01
5.376286e+02 2.708019e+01
5.380134e+02 2.707957e+01
5.383983e+02 2.707877e+01
5.387831e+02 2.707802e+01
5.391680e+02 2.707754e+01
5.395528e+02 2.707739e+01
5.399377e+02 2.707744e+01
5.403225e+02 2.707738e+01
5.407074e+02 2.707692e+01
5.410922e+02 2.707595e+01
5.414771e+02 2.707462e+01
5.418619e+02 2.707332e+01
5.422467e+02 2.707243e+01
5.426316e+02 2.707210e+01
5.430164e+02 2.707214e+01
5.434013e+02 2.707210e+01
5.437861e+02 2.707147e+01
5.441710e+02 2.707001e+01
5.445558e+02 2.706791e+01
5.449407e+02 2.706575e+01
5.453255e+02 2.706416e+01
5.457104e+02 2.706349e+01
5.460952e+02 2.706352e+01
5.464800e+02 2.706355e+01
5.468649e+02 2.706275e+01
5.472497e+02 2.706064e+01
5.476346e+02 2.705741e+01
5.480194e+02 2.705392e+01
5.484043e+02 2.705121e+01
5.487891e+02 2.704992e+01
5.491740e+02 2.704987e+01
5.495588e+02 2.705004e+01
5.499436e+02 2.704909e+01
5.503285e+02 2.704614e+01
5.507133e+02 2.704133e+01
5.510982e+02 2.703585e+01
5.514830e+02 2.703135e+01
5.518679e+02 2.702901e+01
5.522527e+02 2.702873e+01
5.526376e+02 2.702910e+01
5.530224e+02 2.702807e+01
5.534073e+02 2.702409e+01
5.537921e+02 2.701712e+01
5.541769e+02 2.700876e+01
5.545618e+02 2.700152e+01
5.549466e+02 2.699738e+01
5.553315e+02 2.699657e+01
5.557163e+02 2.699719e+01
5.561012e+02 2.699620e+01
5.564860e+02 2.699103e+01
5.568709e+02 2.698120e+01
5.572557e+02 2.696879e+01
5.576405e+02 2.695747e+01
5.580254e+02 2.695046e+01
5.584102e+02 2.694856e+01
5.587951e+02 2.694943e+01
5.591799e+02 2.694866e+01
5.595648e+02 2.694221e+01
5.599496e+02 2.692877e+01
5.603345e+02 2.691086e+01
5.607193e+02 2.689367e+01
5.611042e+02 2.688221e+01
5.614890e+02 2.687832e+01
5.618738e+02 2.687930e+01
5.622587e+02 2.687903e+01
5.626435e+02 2.687133e+01
5.630284e+02 2.685354e+01
5.634132e+02 2.682845e+01
5.637981e+02 2.680310e+01
5.641829e+02 2.678503e+01
5.645678e+02 2.677780e+01
5.649526e+02 2.677852e+01
5.653375e+02 2.677908e+01
5.657223e+02 2.677038e+01
5.661071e+02 2.674764e+01
5.664920e+02 2.671352e+01
5.668768e+02 2.667726e+01
5.672617e+02 2.664974e+01
5.676465e+02 2.663715e+01
5.680314e+02 2.663693e+01
5.684162e+02 2.663864e+01
5.688011e+02 2.662945e+01
5.691859e+02 2.660139e+01
5.695707e+02 2.655642e+01
5.699556e+02 2.650610e+01
5.703404e+02 2.646559e+01
5.707253e+02 2.644486e+01
5.711101e+02 2.644247e+01
5.714950e+02 2.644557e+01
5.718798e+02 2.643666e+01
5.722647e+02 2.640336e+01
5.726495e+02 2.634593e+01
5.730344e+02 2.627820e+01
5.734192e+02 2.622046e+01
5.738040e+02 2.618795e+01
5.741889e+02 2.618144e+01
5.745737e+02 2.618592e+01
5.749586e+02 2.617834e+01
5.753434e+02 2.614037e+01
5.757283e+02 2.606934e+01
5.761131e+02 2.598093e+01
5.764980e+02 2.590133e+01
5.768828e+02 2.585250e+01
5.772677e+02 2.583901e+01
5.776525e+02 2.584438e+01
5.780373e+02 2.583937e+01
5.784222e+02 2.579807e+01
5.788070e+02 2.571313e+01
5.791919e+02 2.560119e+01
5.795767e+02 2.549473e+01
5.799616e+02 2.542417e+01
5.803464e+02 2.539986e+01
5.807313e+02 2.540491e+01
5.811161e+02 2.540367e+01
5.815009e+02 2.536119e+01
5.818858e+02 2.526320e+01
5.822706e+02 2.512571e+01
5.826555e+02 2.498769e+01
5.830403e+02 2.488953e+01
5.834252e+02 2.484948e+01
5.838100e+02 2.485205e+01
5.841949e+02 2.485547e+01
5.845797e+02 2.481449e+01
5.849646e+02 2.470582e+01
5.853494e+02 2.454245e+01
5.857342e+02 2.436867e+01
5.861191e+02 2.423653e+01
5.865039e+02 2.417500e+01
5.868888e+02 2.417187e+01
5.872736e+02 2.418019e+01
5.876585e+02 2.414368e+01
5.880433e+02 2.402754e+01
5.884282e+02 2.383946e+01
5.888130e+02 2.362805e+01
5.891978e+02 2.345687e+01
5.895827e+02 2.336739e+01
5.899675e+02 2.335403e+01
5.903524e+02 2.336663e+01
5.907372e+02 2.333743e+01
5.911221e+02 2.321814e+01
5.915069e+02 2.300870e+01
5.918918e+02 2.275994e+01
5.922766e+02 2.254583e+01
5.926615e+02 2.242187e+01
5.930463e+02 2.239272e+01
5.934311e+02 2.240764e+01
5.938160e+02 2.238810e+01
5.942008e+02 2.227158e+01
5.945857e+02 2.204674e+01
5.949705e+02 2.176234e+01
5.953554e+02 2.150264e+01
5.957402e+02 2.133911e+01
5.961251e+02 2.128835e+01
5.965099e+02 2.130231e+01
5.968948e+02 2.129419e+01
5.972796e+02 2.118607e+01
5.976644e+02 2.095288e+01
5.980493e+02 2.063852e+01
5.984341e+02 2.033399e+01
5.988190e+02 2.012658e+01
5.992038e+02 2.004838e+01
5.995887e+02 2.005707e+01
5.999735e+02 2.006013e+01
6.003584e+02 1.996573e+01
6.007432e+02 1.973303e+01
6.011280e+02 1.939661e+01
6.015129e+02 1.905084e+01
6.018977e+02 1.879820e+01
6.022826e+02 1.868775e+01
6.026674e+02 1.868613e+01
6.030523e+02 1.869900e+01
6.034371e+02 1.862217e+01
6.038220e+02 1.839796e+01
6.042068e+02 1.804949e+01
6.045917e+02 1.767058e+01
6.049765e+02 1.737464e+01
6.053613e+02 1.722825e+01
6.057462e+02 1.721122e+01
6.061310e+02 1.723085e+01
6.065159e+02 1.717378e+01
6.069007e+02 1.696609e+01
6.072856e+02 1.661639e+01
6.076704e+02 1.621444e+01
6.080553e+02 1.588096e+01
6.084401e+02 1.569783e+01
6.088249e+02 1.566066e+01
6.092098e+02 1.568319e+01
6.095946e+02 1.564605e+01
6.099795e+02 1.546110e+01
6.103643e+02 1.512156e+01
6.107492e+02 1.470863e+01
6.111340e+02 1.434577e+01
6.115189e+02 1.412786e+01
6.119037e+02 1.406740e+01
6.122886e+02 1.408829e+01
6.126734e+02 1.406950e+01
6.130582e+02 1.391174e+01
6.134431e+02 1.359276e+01
6.138279e+02 1.318156e+01
6.142128e+02 1.279954e+01
6.145976e+02 1.255154e+01
6.149825e+02 1.246686e+01
6.153673e+02 1.248181e+01
6.157522e+02 1.247814e+01
6.161370e+02 1.235034e+01
6.165219e+02 1.206108e+01
6.169067e+02 1.166322e+01
6.172915e+02 1.127265e+01
6.176764e+02 1.100206e+01
6.180612e+02 1.089440e+01
6.184461e+02 1.089968e+01
6.188309e+02 1.090799e+01
6.192158e+02 1.080961e+01
6.196006e+02 1.055394e+01
6.199855e+02 1.017986e+01
6.203703e+02 9.795092e+00
6.207551e+02 9.512125e+00
6.211400e+02 9.383851e+00
6.215248e+02 9.377334e+00
6.219097e+02 9.392552e+00
6.222945e+02 9.320169e+00
6.226794e+02 9.102764e+00
6.230642e+02 8.763314e+00
6.234491e+02 8.394096e+00
6.238339e+02 8.106094e+00
6.242188e+02 7.962689e+00
6.246036e+02 7.943705e+00
6.249884e+02 7.961963e+00
6.253733e+02 7.913716e+00
6.257581e+02 7.733329e+00
6.261430e+02 7.431560e+00
6.265278e+02 7.089380e+00
6.269127e+02 6.808239e+00
6.272975e+02 6.654861e+00
6.276824e+02 6.623894e+00
6.280672e+02 6.641645e+00
6.284520e+02 6.611671e+00
6.288369e+02 6.468271e+00
6.292217e+02 6.209235e+00
6.296066e+02 5.898162e+00
6.299914e+02 5.631250e+00
6.303763e+02 5.476297e+00
6.307611e+02 5.435349e+00
6.311460e+02 5.450370e+00
6.315308e+02 5.434567e+00
6.319157e+02 5.322425e+00
6.323005e+02 5.105422e+00
6.326853e+02 4.833112e+00
6.330702e+02 4.587376e+00
6.334550e+02 4.434765e+00
6.338399e+02 4.386916e+00
6.342247e+02 4.397511e+00
6.346096e+02 4.391831e+00
6.349944e+02 4.308174e+00
6.353793e+02 4.130059e+00
6.357641e+02 3.896800e+00
6.361490e+02 3.678683e+00
6.365338e+02 3.534796e+00
6.369186e+02 3.482777e+00
6.373035e+02 3.488757e+00
6.376883e+02 3.489096e+00
6.380732e+02 3.428319e+00
6.384580e+02 3.286775e+00
6.388429e+02 3.091737e+00
6.392277e+02 2.901830e+00
6.396126e+02 2.771264e+00
6.399974e+02 2.718896e+00
6.403822e+02 2.720468e+00
6.407671e+02 2.724419e+00
6.411519e+02 2.680965e+00
6.415368e+02 2.570929e+00
6.419216e+02 2.412899e+00
6.423065e+02 2.252590e+00
6.426913e+02 2.137285e+00
6.430762e+02 2.086909e+00
6.434610e+02 2.085050e+00
6.438459e+02 2.090250e+00
6.442307e+02 2.061118e+00
6.446155e+02 1.977152e+00
6.450004e+02 1.850955e+00
6.453852e+02 1.719717e+00
6.457701e+02 1.621290e+00
6.461549e+02 1.575084e+00
6.465398e+02 1.570706e+00
6.469246e+02 1.576157e+00
6.473095e+02 1.556677e+00
6.476943e+02 1.494406e+00
6.480791e+02 1.396885e+00
6.484640e+02 1.291288e+00
6.488488e+02 1.209690e+00
6.492337e+02 1.168980e+00
6.496185e+02 1.163077e+00
6.500034e+02 1.167877e+00
6.503882e+02 1.155722e+00
6.507731e+02 1.110557e+00
6.511579e+02 1.036398e+00
6.515428e+02 9.540592e-01
6.519276e+02 8.878117e-01
6.523124e+02 8.529156e-01
6.526973e+02 8.462784e-01
6.530821e+02 8.502245e-01
6.534670e+02 8.429930e-01
6.538518e+02 8.111752e-01
6.542367e+02 7.564136e-01
6.546215e+02 6.930090e-01
6.550064e+02 6.406802e-01
6.553912e+02 6.114560e-01
6.557761e+02 6.045271e-01
6.561609e+02 6.074132e-01
6.565457e+02 6.036398e-01
6.569306e+02 5.819835e-01
6.573154e+02 5.422934e-01
6.577003e+02 4.951101e-01
6.580851e+02 4.543823e-01
6.584700e+02 4.304472e-01
6.588548e+02 4.237152e-01
6.592397e+02 4.256395e-01
6.596245e+02 4.239544e-01
6.600093e+02 4.098398e-01
6.603942e+02 3.822541e-01
6.607790e+02 3.478058e-01
6.611639e+02 3.170646e-01
6.615487e+02 2.978665e-01
6.619336e+02 2.915304e-01
6.623184e+02 2.925214e-01
6.627033e+02 2.922135e-01
6.630881e+02 2.835372e-01
6.634730e+02 2.650031e-01
6.638578e+02 2.409032e-01
6.642426e+02 2.182448e-01
6.646275e+02 2.031852e-01
6.650123e+02 1.973984e-01
6.653972e+02 1.976272e-01
6.657820e+02 1.979221e-01
6.661669e+02 1.930450e-01
6.665517e+02 1.811748e-01
6.669366e+02 1.647364e-01
6.673214e+02 1.485213e-01
6.677062e+02 1.369369e-01
6.680911e+02 1.318461e-01
6.684759e+02 1.314890e-01
6.688608e+02 1.319906e-01
6.692456e+02 1.294591e-01
6.696305e+02 1.222365e-01
6.700153e+02 1.114741e-01
6.704002e+02 1.001654e-01
6.707850e+02 9.157882e-02
6.711699e+02 8.728215e-02
6.715547e+02 8.657405e-02
6.719395e+02 8.699684e-02
6.723244e+02 8.587883e-02
6.727092e+02 8.168703e-02
6.730941e+02 7.487021e-02
6.734789e+02 6.727745e-02
6.738638e+02 6.107513e-02
6.742486e+02 5.765944e-02
6.746335e+02 5.680173e-02
6.750183e+02 5.707458e-02
6.754032e+02 5.664607e-02
6.757880e+02 5.436378e-02
6.761728e+02 5.020804e-02
6.765577e+02 4.524161e-02
6.769425e+02 4.095762e-02
6.773274e+02 3.835604e-02
6.777122e+02 3.751665e-02
6.780971e+02 3.763807e-02
6.784819e+02 3.754376e-02
6.788668e+02 3.635224e-02
6.792516e+02 3.391135e-02
6.796364e+02 3.080045e-02
6.800213e+02 2.793791e-02
6.804061e+02 2.606154e-02
6.807910e+02 2.534395e-02
6.811758e+02 2.536202e-02
6.815607e+02 2.538477e-02
6.819455e+02 2.479549e-02
6.823304e+02 2.340653e-02
6.827152e+02 2.150132e-02
6.831001e+02 1.965245e-02
6.834849e+02 1.835313e-02
6.838697e+02 1.779028e-02
6.842546e+02 1.775345e-02
6.846394e+02 1.780538e-02
6.850243e+02 1.752574e-02
6.854091e+02 1.676183e-02
6.857940e+02 1.562856e-02
6.861788e+02 1.446058e-02
6.865637e+02 1.361078e-02
6.869485e+02 1.319778e-02
6.873333e+02 1.314485e-02
6.877182e+02 1.318577e-02
6.881030e+02 1.306573e-02
6.884879e+02 1.263560e-02
6.888727e+02 1.196800e-02
6.892576e+02 1.125667e-02
6.896424e+02 1.069636e-02
6.900273e+02 1.041508e-02
6.904121e+02 1.036086e-02
6.907970e+02 1.038547e-02
6.911818e+02 1.031767e-02
6.915666e+02 1.007116e-02
6.919515e+02 9.667416e-03
6.923363e+02 9.222367e-03
6.927212e+02 8.863680e-03
6.931060e+02 8.665447e-03
6.934909e+02 8.612792e-03
6.938757e+02 8.613721e-03
6.942606e+02 8.559644e-03
6.946454e+02 8.393290e-03
6.950303e+02 8.125543e-03
6.954151e+02 7.826192e-03
6.957999e+02 7.583467e-03
6.961848e+02 7.437681e-03
6.965696e+02 7.382856e-03
6.969545e+02 7.360681e-03
6.973393e+02 7.302478e-03
6.977242e+02 7.166099e-03
6.981090e+02 6.967234e-03
6.984939e+02 6.752139e-03
6.988787e+02 6.573282e-03
6.992635e+02 6.462060e-03
6.996484e+02 6.406182e-03
7.000332e+02 6.366407e-03
7.004181e+02 6.294734e-03
7.008029e+02 6.171657e-03
7.011878e+02 6.009889e-03
7.015726e+02 5.844743e-03
7.019575e+02 5.709086e-03
7.023423e+02 5.621853e-03
7.027272e+02 5.572515e-03
7.031120e+02 5.528589e-03
7.034968e+02 5.457264e-03
7.038817e+02 5.343974e-03
7.042665e+02 5.204946e-03
7.046514e+02 5.074201e-03
7.050362e+02 4.975756e-03
7.054211e+02 4.913549e-03
7.058059e+02 4.877866e-03