# q:1.000000e+00, m:1.836000e+03, N:480 - x,px,py,pz,w
1.886815237286870115e+02 -6.195826039228304882e-01 -3.519136446870024457e-03 0.000000000000000000e+00 1.963495408493620871e-03
1.888150122253943266e+02 -5.475823118313389859e-01 -5.666300056331924351e-03 0.000000000000000000e+00 1.963495408493620871e-03
1.890828066468916973e+02 -3.665253511294536137e-01 -9.710984051709767306e-03 0.000000000000000000e+00 1.963495408493620871e-03
1.892160385713353037e+02 -2.862150535732496670e-01 -1.153792240395540639e-02 0.000000000000000000e+00 1.963495408493620871e-03
1.894809958754231900e+02 -1.533345718546817449e-01 -1.457984767370368653e-02 0.000000000000000000e+00 1.963495408493620871e-03
1.896127001605141800e+02 -1.032224454838858996e-01 -1.575645574968701640e-02 0.000000000000000000e+00 1.963495408493620871e-03
1.898751522877816171e+02 -2.583744655207928509e-02 -1.727993643703153864e-02 0.000000000000000000e+00 1.963495408493620871e-03
1.900063484033905752e+02 9.064976890150814801e-03 -1.760558841742689354e-02 0.000000000000000000e+00 1.963495408493620871e-03
1.902687382124590840e+02 7.159905558630966227e-02 -1.729249043050770998e-02 0.000000000000000000e+00 1.963495408493620871e-03
1.903999249650051695e+02 9.861283129863579466e-02 -1.665409571627634450e-02 0.000000000000000000e+00 1.963495408493620871e-03
1.906622386136828027e+02 1.422187710298207231e-01 -1.441553060044450073e-02 0.000000000000000000e+00 1.963495408493620871e-03
1.907933291524238655e+02 1.573780606410421223e-01 -1.284306199352801270e-02 0.000000000000000000e+00 1.963495408493620871e-03
1.910553750968522024e+02 1.728024613069907289e-01 -8.886425382959819985e-03 0.000000000000000000e+00 1.963495408493620871e-03
1.911863288983772691e+02 1.719836231308600194e-01 -6.557811386963904692e-03 0.000000000000000000e+00 1.963495408493620871e-03
1.914481365854043986e+02 1.604185490347921350e-01 -1.388266837758637615e-03 0.000000000000000000e+00 1.963495408493620871e-03
1.915790138054566114e+02 1.547059015900132395e-01 1.380717186041390682e-03 0.000000000000000000e+00 1.963495408493620871e-03
1.918407442489594246e+02 1.453120769923491318e-01 7.041168378965664831e-03 0.000000000000000000e+00 1.963495408493620871e-03
1.919716125104285709e+02 1.424763250604641485e-01 9.850222000708321046e-03 0.000000000000000000e+00 1.963495408493620871e-03
1.922333625779086503e+02 1.397800377517682546e-01 1.514354051877965859e-02 0.000000000000000000e+00 1.963495408493620871e-03
1.923642446777259352e+02 1.392434020706300457e-01 1.754955164346887198e-02 0.000000000000000000e+00 1.963495408493620871e-03
1.926260208395440543e+02 1.392139376620395441e-01 2.161267977827152631e-02 0.000000000000000000e+00 1.963495408493620871e-03
1.927569096136039661e+02 1.392858930464661305e-01 2.320641971301396628e-02 0.000000000000000000e+00 1.963495408493620871e-03
1.930186900378153041e+02 1.395259272134254103e-01 2.530198915968659423e-02 0.000000000000000000e+00 1.963495408493620871e-03
1.931495794910339043e+02 1.395954241372599214e-01 2.576866059968885986e-02 0.000000000000000000e+00 1.963495408493620871e-03
1.934113597421602435e+02 1.396909706311817989e-01 2.541992335715650628e-02 0.000000000000000000e+00 1.963495408493620871e-03
1.935422490709592296e+02 1.396854355663531555e-01 2.460347805669110127e-02 0.000000000000000000e+00 1.963495408493620871e-03
1.938040291073089350e+02 1.396364408273085833e-01 2.168344867552316618e-02 0.000000000000000000e+00 1.963495408493620871e-03
1.939349183789786935e+02 1.395635485024828149e-01 1.961722441504826220e-02 0.000000000000000000e+00 1.963495408493620871e-03
1.941966983846081973e+02 1.393885686638441923e-01 1.440098563207602850e-02 0.000000000000000000e+00 1.963495408493620871e-03
1.943275876853048771e+02 1.392560953544728641e-01 1.132145002901840600e-02 0.000000000000000000e+00 1.963495408493620871e-03
1.945893677852463952e+02 1.389648485104655329e-01 4.461770156065972964e-03 0.000000000000000000e+00 1.963495408493620871e-03
1.947202571311510440e+02 1.387729810982567535e-01 7.789000627100740176e-04 0.000000000000000000e+00 1.963495408493620871e-03
1.949820373090483372e+02 1.383615589496091092e-01 -6.758734687501634364e-03 0.000000000000000000e+00 1.963495408493620871e-03
1.951129267007641204e+02 1.381099485424101270e-01 -1.050514631119472964e-02 0.000000000000000000e+00 1.963495408493620871e-03
1.953747069770717246e+02 1.375800104497031384e-01 -1.758096403015434878e-02 0.000000000000000000e+00 1.963495408493620871e-03
1.955055964328094547e+02 1.372697421553242259e-01 -2.080504320105833888e-02 0.000000000000000000e+00 1.963495408493620871e-03
1.957673768491219164e+02 1.366232115918644130e-01 -2.626377734179378975e-02 0.000000000000000000e+00 1.963495408493620871e-03
1.958982663847870640e+02 1.362546679628154900e-01 -2.841619826592804710e-02 0.000000000000000000e+00 1.963495408493620871e-03
1.961600469668619553e+02 1.354916419217184753e-01 -3.128480577690364445e-02 0.000000000000000000e+00 1.963495408493620871e-03
1.962909365955426608e+02 1.350649195517680812e-01 -3.195261003993153659e-02 0.000000000000000000e+00 1.963495408493620871e-03
1.965527173706920792e+02 1.341856812563282930e-01 -3.158937112402576686e-02 0.000000000000000000e+00 1.963495408493620871e-03
1.966836071068434535e+02 1.337009286785366680e-01 -3.055769770632892068e-02 0.000000000000000000e+00 1.963495408493620871e-03
1.969453881021703694e+02 1.327056913579546249e-01 -2.679279426163962835e-02 0.000000000000000000e+00 1.963495408493620871e-03
1.970762779560619720e+02 1.321629062251502007e-01 -2.410697298237151134e-02 0.000000000000000000e+00 1.963495408493620871e-03
1.973380591882815338e+02 1.310517333557991715e-01 -1.729262540020917033e-02 0.000000000000000000e+00 1.963495408493620871e-03
1.974689491684610232e+02 1.304511878438730232e-01 -1.325766135785126816e-02 0.000000000000000000e+00 1.963495408493620871e-03
1.977307306555601940e+02 1.292249349244932732e-01 -4.255251168583545386e-03 0.000000000000000000e+00 1.963495408493620871e-03
1.978616207716445672e+02 1.285670771716339589e-01 5.861606174967469440e-04 0.000000000000000000e+00 1.963495408493620871e-03
1.981234025327925394e+02 1.272268819442420595e-01 1.051432916874875390e-02 0.000000000000000000e+00 1.963495408493620871e-03
1.982542927933870942e+02 1.265125562057453634e-01 1.545789522006655453e-02 0.000000000000000000e+00 1.963495408493620871e-03
1.985160748483407644e+02 1.250607998997435300e-01 2.480975228588179482e-02 0.000000000000000000e+00 1.963495408493620871e-03
1.986469652678936200e+02 1.242916343096186343e-01 2.908131080275767888e-02 0.000000000000000000e+00 1.963495408493620871e-03
1.989087476504482197e+02 1.227319773142329928e-01 3.634377719469258222e-02 0.000000000000000000e+00 1.963495408493620871e-03
1.990396382449813757e+02 1.219096636367898029e-01 3.922481480211424676e-02 0.000000000000000000e+00 1.963495408493620871e-03
1.993014209862801636e+02 1.202450315962932947e-01 4.310742228805158893e-02 0.000000000000000000e+00 1.963495408493620871e-03
1.994323117718417677e+02 1.193707038695865502e-01 4.404751431222343055e-02 0.000000000000000000e+00 1.963495408493620871e-03
1.996940949026774490e+02 1.176028141021316503e-01 4.371348754826426264e-02 0.000000000000000000e+00 1.963495408493620871e-03
1.998249858923280158e+02 1.166771357011188726e-01 4.243560666253507613e-02 0.000000000000000000e+00 1.963495408493620871e-03
2.000867694343504297e+02 1.148068876518867354e-01 3.764594511848944058e-02 0.000000000000000000e+00 1.963495408493620871e-03
2.002176606369690717e+02 1.138300585384938446e-01 3.419635186625583079e-02 0.000000000000000000e+00 1.963495408493620871e-03
2.004794446045140717e+02 1.118575433695957744e-01 2.540367294198803139e-02 0.000000000000000000e+00 1.963495408493620871e-03
2.006103360258476016e+02 1.108295911754206553e-01 2.018080105609243446e-02 0.000000000000000000e+00 1.963495408493620871e-03
2.008721204275400112e+02 1.087550616950581639e-01 8.498899090871668560e-03 0.000000000000000000e+00 1.963495408493620871e-03
2.010030120704070669e+02 1.076763667214543363e-01 2.204406779998472829e-03 0.000000000000000000e+00 1.963495408493620871e-03
2.012647969134223160e+02 1.055012946001881446e-01 -1.072125897226770125e-02 0.000000000000000000e+00 1.963495408493620871e-03
2.013956887854174624e+02 1.043730843927924701e-01 -1.716853181619032442e-02 0.000000000000000000e+00 1.963495408493620871e-03
2.016574740910029959e+02 1.021008127493662765e-01 -2.939448856330541260e-02 0.000000000000000000e+00 1.963495408493620871e-03
2.017883662040755723e+02 1.009251271983798992e-01 -3.499470265460495610e-02 0.000000000000000000e+00 1.963495408493620871e-03
2.020501519992536714e+02 9.856042148104232625e-02 -4.455100697332327331e-02 0.000000000000000000e+00 1.963495408493620871e-03
2.021810443689931560e+02 9.733995913808896061e-02 -4.836559332055534455e-02 0.000000000000000000e+00 1.963495408493620871e-03
2.024428306879956665e+02 9.488851421390999408e-02 -5.357729649317580223e-02 0.000000000000000000e+00 1.963495408493620871e-03
2.025737233322269617e+02 9.362603524130672095e-02 -5.489178203662828381e-02 0.000000000000000000e+00 1.963495408493620871e-03
2.028355102091340711e+02 9.109289751990404249e-02 -5.465201647549844388e-02 0.000000000000000000e+00 1.963495408493620871e-03
2.029664031420462038e+02 8.979049045293041598e-02 -5.309337325923034479e-02 0.000000000000000000e+00 1.963495408493620871e-03
2.032281905993948499e+02 8.717877687546173038e-02 -4.708419964080878817e-02 0.000000000000000000e+00 1.963495408493620871e-03
2.033590838294402090e+02 8.583734654382273177e-02 -4.271187426000029597e-02 0.000000000000000000e+00 1.963495408493620871e-03
2.036208718789475256e+02 8.314780378489672330e-02 -3.150424815783933741e-02 0.000000000000000000e+00 1.963495408493620871e-03
2.037517654096778585e+02 8.176737274298956359e-02 -2.482285192244495717e-02 0.000000000000000000e+00 1.963495408493620871e-03
2.040135540539130545e+02 7.899967039013885972e-02 -9.840389756838794494e-03 0.000000000000000000e+00 1.963495408493620871e-03
2.041444478843386037e+02 7.758010332585110747e-02 -1.749244523314940486e-03 0.000000000000000000e+00 1.963495408493620871e-03
2.044062371178405044e+02 7.473430899165407759e-02 1.490271572840268233e-02 0.000000000000000000e+00 1.963495408493620871e-03
2.045371312442640033e+02 7.327599511083555950e-02 2.322662111405916774e-02 0.000000000000000000e+00 1.963495408493620871e-03
2.047989210654873204e+02 7.035423069657052719e-02 3.904633305926073772e-02 0.000000000000000000e+00 1.963495408493620871e-03
2.049298154955068583e+02 6.885934166781890187e-02 4.631363539464992962e-02 0.000000000000000000e+00 1.963495408493620871e-03
2.051916059306917361e+02 6.586774157481119218e-02 5.876847322938058560e-02 0.000000000000000000e+00 1.963495408493620871e-03
2.053225006784430207e+02 6.433990217142039614e-02 6.377310426117935305e-02 0.000000000000000000e+00 1.963495408493620871e-03
2.055842917589643264e+02 6.128661321433777343e-02 7.070083552149691863e-02 0.000000000000000000e+00 1.963495408493620871e-03
2.057151868428677517e+02 5.973021689394011902e-02 7.251751860710906050e-02 0.000000000000000000e+00 1.963495408493620871e-03
2.059769786072835700e+02 5.662407643291803017e-02 7.248680661250533896e-02 0.000000000000000000e+00 1.963495408493620871e-03
2.061078740447249231e+02 5.504315191497523296e-02 7.063195593977580899e-02 0.000000000000000000e+00 1.963495408493620871e-03
2.063696665200117195e+02 5.189093163338832915e-02 6.321808603653750191e-02 0.000000000000000000e+00 1.963495408493620871e-03
2.065005623179626753e+02 5.028788960447461848e-02 5.775600448246001606e-02 0.000000000000000000e+00 1.963495408493620871e-03
2.067623555081129041e+02 4.709254643683821739e-02 4.365988621107542295e-02 0.000000000000000000e+00 1.963495408493620871e-03
2.068932516660374858e+02 4.546801900106601374e-02 3.522010789276960874e-02 0.000000000000000000e+00 1.963495408493620871e-03
2.071550455624129370e+02 4.222928664861683862e-02 1.623439023785372415e-02 0.000000000000000000e+00 1.963495408493620871e-03
2.072859420701337285e+02 4.058248471984866879e-02 5.954097078381914016e-03 0.000000000000000000e+00 1.963495408493620871e-03
2.075477366466205353e+02 3.729825198618318127e-02 -1.525543427825225978e-02 0.000000000000000000e+00 1.963495408493620871e-03
2.076786334926158872e+02 3.562840686288927528e-02 -2.588342436187852924e-02 0.000000000000000000e+00 1.963495408493620871e-03
2.079404287339277744e+02 3.229848914947794358e-02 -4.613594887466244965e-02 0.000000000000000000e+00 1.963495408493620871e-03
2.080713259173562903e+02 3.060670085474470267e-02 -5.547059866906661751e-02 0.000000000000000000e+00 1.963495408493620871e-03
2.083331218354808527e+02 2.723589962165149508e-02 -7.154644173687353670e-02 0.000000000000000000e+00 1.963495408493620871e-03
2.084640193689863850e+02 2.552598560637578395e-02 -7.805363566331262326e-02 0.000000000000000000e+00 1.963495408493620871e-03
2.087258159988657269e+02 2.212433949408458209e-02 -8.719119455644039340e-02 0.000000000000000000e+00 1.963495408493620871e-03
2.088567139022390506e+02 2.040220408129106433e-02 -8.968484696860171135e-02 0.000000000000000000e+00 1.963495408493620871e-03
2.091185112865472888e+02 1.698273498492545996e-02 -9.004571253453136359e-02 0.000000000000000000e+00 1.963495408493620871e-03
2.092494095818007338e+02 1.525511534203698172e-02 -8.789935165701873165e-02 0.000000000000000000e+00 1.963495408493620871e-03
2.095112077576300464e+02 1.183051571351679924e-02 -7.890618671462769351e-02 0.000000000000000000e+00 1.963495408493620871e-03
2.096421064540693351e+02 1.010251243207839489e-02 -7.217890053377404302e-02 0.000000000000000000e+00 1.963495408493620871e-03
2.099039054210110464e+02 6.679989993912458304e-03 -5.468010129178740159e-02 0.000000000000000000e+00 1.963495408493620871e-03
2.100348045089885431e+02 4.953418690655989227e-03 -4.415073874922183228e-02 0.000000000000000000e+00 1.963495408493620871e-03
2.102966042321937721e+02 1.533232236069573002e-03 -2.037682026818788544e-02 0.000000000000000000e+00 1.963495408493620871e-03
2.104275036888059560e+02 -1.932910711534754217e-04 -7.464769923348029551e-03 0.000000000000000000e+00 1.963495408493620871e-03
2.106893041178780663e+02 -3.615963065318620120e-03 1.924979255261032030e-02 0.000000000000000000e+00 1.963495408493620871e-03
2.108202039198898490e+02 -5.345187634810091154e-03 3.267369093425445681e-02 0.000000000000000000e+00 1.963495408493620871e-03
2.110820050182805687e+02 -8.775200742129934256e-03 5.833432626189885561e-02 0.000000000000000000e+00 1.963495408493620871e-03
2.112129051562613427e+02 -1.050833901602675827e-02 7.020622641653519180e-02 0.000000000000000000e+00 1.963495408493620871e-03
2.114747069256281691e+02 -1.394467693005470993e-02 9.076093192070443239e-02 0.000000000000000000e+00 1.963495408493620871e-03
2.116056074124102793e+02 -1.567884881665192881e-02 9.914746377533148469e-02 0.000000000000000000e+00 1.963495408493620871e-03
2.118674098969412967e+02 -1.911107575233956385e-02 1.111057803143096212e-01 0.000000000000000000e+00 1.963495408493620871e-03
2.119983107599001926e+02 -2.083883260902445744e-02 1.145018252460859864e-01 0.000000000000000000e+00 1.963495408493620871e-03
2.122601140164728122e+02 -2.424871773932625596e-02 1.155148993224942022e-01 0.000000000000000000e+00 1.963495408493620871e-03
2.123910152795534430e+02 -2.596008193893463434e-02 1.131104641348174844e-01 0.000000000000000000e+00 1.963495408493620871e-03
2.126528193408175582e+02 -2.932765065403189486e-02 1.024047419556129990e-01 0.000000000000000000e+00 1.963495408493620871e-03
2.127837210087727726e+02 -3.101378488819500623e-02 9.424750791158119367e-02 0.000000000000000000e+00 1.963495408493620871e-03
2.130455258590398557e+02 -3.432517315729780027e-02 7.282636016160023984e-02 0.000000000000000000e+00 1.963495408493620871e-03
2.131764279102280568e+02 -3.598203610963006394e-02 5.986096108953786743e-02 0.000000000000000000e+00 1.963495408493620871e-03
2.134382334834996868e+02 -3.923529569476578993e-02 3.046088167316498424e-02 0.000000000000000000e+00 1.963495408493620871e-03
2.135691358770061754e+02 -4.086514489211209855e-02 1.443732802876266166e-02 0.000000000000000000e+00 1.963495408493620871e-03
2.138309420867681467e+02 -4.406991883393714116e-02 -1.882409703331233697e-02 0.000000000000000000e+00 1.963495408493620871e-03
2.139618447845115270e+02 -4.567916255419864069e-02 -3.559140797646383192e-02 0.000000000000000000e+00 1.963495408493620871e-03
2.142236515752744310e+02 -4.884896096230996465e-02 -6.775957395554552121e-02 0.000000000000000000e+00 1.963495408493620871e-03
2.143545545665210170e+02 -5.044300284222989761e-02 -8.270590998060264876e-02 0.000000000000000000e+00 1.963495408493620871e-03
2.146163619492775183e+02 -5.358389083010695053e-02 -1.087394428575094996e-01 0.000000000000000000e+00 1.963495408493620871e-03
2.147472652541812010e+02 -5.516207364882243225e-02 -1.194524993089808584e-01 0.000000000000000000e+00 1.963495408493620871e-03
2.150090732911726832e+02 -5.826459364376260219e-02 -1.349676260626426483e-01 0.000000000000000000e+00 1.963495408493620871e-03
2.151399769468756915e+02 -5.981768721828431556e-02 -1.395471192743788225e-01 0.000000000000000000e+00 1.963495408493620871e-03
2.154017857105917244e+02 -6.285599662727323067e-02 -1.415742350913569148e-01 0.000000000000000000e+00 1.963495408493620871e-03
2.155326897431757516e+02 -6.436859058889757290e-02 -1.389869966274397961e-01 0.000000000000000000e+00 1.963495408493620871e-03
2.157944992558861088e+02 -6.731016234999237513e-02 -1.264887214258151038e-01 0.000000000000000000e+00 1.963495408493620871e-03
2.159254036555408902e+02 -6.876738350199433636e-02 -1.167511951382006613e-01 0.000000000000000000e+00 1.963495408493620871e-03
2.161872138587499990e+02 -7.158842486536201588e-02 -9.090230572502630557e-02 0.000000000000000000e+00 1.963495408493620871e-03
2.163181185792833219e+02 -7.298343313313565561e-02 -7.514968109934272444e-02 0.000000000000000000e+00 1.963495408493620871e-03
2.165799293563441097e+02 -7.568172286835542217e-02 -3.923536736748568787e-02 0.000000000000000000e+00 1.963495408493620871e-03
2.167108343337004897e+02 -7.701991725082939222e-02 -1.957991406364731346e-02 0.000000000000000000e+00 1.963495408493620871e-03
2.169726455632299746e+02 -7.961696292815227671e-02 2.136745121970655414e-02 0.000000000000000000e+00 1.963495408493620871e-03
2.171035507522724970e+02 -8.091273126992880316e-02 4.208234058688944956e-02 0.000000000000000000e+00 1.963495408493620871e-03
2.173653623846582263e+02 -8.343992731295203635e-02 8.198845801829912627e-02 0.000000000000000000e+00 1.963495408493620871e-03
2.174962677866622300e+02 -8.470709627589001478e-02 1.006123588705711280e-01 0.000000000000000000e+00 1.963495408493620871e-03
2.177580798716807635e+02 -8.718353296391120888e-02 1.332296551776608051e-01 0.000000000000000000e+00 1.963495408493620871e-03
2.178889855313471173e+02 -8.842419185946943927e-02 1.467610782993591101e-01 0.000000000000000000e+00 1.963495408493620871e-03
2.181507981806069267e+02 -9.083758782741468973e-02 1.666634883479610196e-01 0.000000000000000000e+00 1.963495408493620871e-03
2.182817041531169480e+02 -9.203652802372366826e-02 1.727567267777208593e-01 0.000000000000000000e+00 1.963495408493620871e-03
2.185435174531392306e+02 -9.434174002951413451e-02 1.762611849691004262e-01 0.000000000000000000e+00 1.963495408493620871e-03
2.186744237549919490e+02 -9.547153080078349396e-02 1.736145952251464952e-01 0.000000000000000000e+00 1.963495408493620871e-03
2.189362376774475933e+02 -9.761133362203383568e-02 1.593213224105789472e-01 0.000000000000000000e+00 1.963495408493620871e-03
2.190671442595102292e+02 -9.864720998414605591e-02 1.478756049962915708e-01 0.000000000000000000e+00 1.963495408493620871e-03
2.193289586488975829e+02 -1.005863786158497780e-01 1.170815188233635395e-01 0.000000000000000000e+00 1.963495408493620871e-03
2.194598654139216194e+02 -1.015221695497843662e-01 9.817237707237558286e-02 0.000000000000000000e+00 1.963495408493620871e-03
2.197216800645347519e+02 -1.032724043962595373e-01 5.485167064581214502e-02 0.000000000000000000e+00 1.963495408493620871e-03
2.198525869225567817e+02 -1.041264566445619516e-01 3.104266637729950068e-02 0.000000000000000000e+00 1.963495408493620871e-03
2.201144017042051644e+02 -1.057433086441774972e-01 -1.878474064778937191e-02 0.000000000000000000e+00 1.963495408493620871e-03
2.202453086301830467e+02 -1.065484297044294176e-01 -4.409006416899935443e-02 0.000000000000000000e+00 1.963495408493620871e-03
2.205071235750748997e+02 -1.080971006871945250e-01 -9.301330892425049846e-02 0.000000000000000000e+00 1.963495408493620871e-03
2.206380306265776596e+02 -1.088786014303737004e-01 -1.159389589453495295e-01 0.000000000000000000e+00 1.963495408493620871e-03
2.208998459094612485e+02 -1.103867321628501236e-01 -1.563199789793509042e-01 0.000000000000000000e+00 1.963495408493620871e-03
2.210307531874711628e+02 -1.111415459809330375e-01 -1.732126572412683307e-01 0.000000000000000000e+00 1.963495408493620871e-03
2.212925689990180160e+02 -1.125693121849144773e-01 -1.984528070989901027e-01 0.000000000000000000e+00 1.963495408493620871e-03
2.214234765677974792e+02 -1.132611670862510023e-01 -2.064401822032218559e-01 0.000000000000000000e+00 1.963495408493620871e-03
2.216852929475267047e+02 -1.145139560608454399e-01 -2.119012721933568044e-01 0.000000000000000000e+00 1.963495408493620871e-03
2.218162007657651600e+02 -1.150920064729502867e-01 -2.093015785688136232e-01 0.000000000000000000e+00 1.963495408493620871e-03
2.220780175174020883e+02 -1.160769878878159800e-01 -1.931851371318636379e-01 0.000000000000000000e+00 1.963495408493620871e-03
2.222089254374349423e+02 -1.165099309137139633e-01 -1.799013778362967830e-01 0.000000000000000000e+00 1.963495408493620871e-03
2.224707422102964927e+02 -1.172038716147343618e-01 -1.436853438501837499e-01 0.000000000000000000e+00 1.963495408493620871e-03
2.226016500589392422e+02 -1.175054097206665316e-01 -1.212632327439104735e-01 0.000000000000000000e+00 1.963495408493620871e-03
2.228634665617963435e+02 -1.179809080578491931e-01 -6.955092225147659069e-02 0.000000000000000000e+00 1.963495408493620871e-03
2.229943742538687275e+02 -1.182056692014505223e-01 -4.100536352200380430e-02 0.000000000000000000e+00 1.963495408493620871e-03
2.232561904598596243e+02 -1.185903463369336053e-01 1.889503586878255037e-02 0.000000000000000000e+00 1.963495408493620871e-03
2.233870980665533637e+02 -1.187987627830206366e-01 4.940574733212041436e-02 0.000000000000000000e+00 1.963495408493620871e-03
2.236489142583188823e+02 -1.191876181956042779e-01 1.086354919548529474e-01 0.000000000000000000e+00 1.963495408493620871e-03
2.237798219696879016e+02 -1.194017534456865287e-01 1.365170304803600687e-01 0.000000000000000000e+00 1.963495408493620871e-03
2.240416385581480370e+02 -1.197812148640726021e-01 1.859238438494921763e-01 0.000000000000000000e+00 1.963495408493620871e-03
2.241725465502634620e+02 -1.199615703412690582e-01 2.067468359475256867e-01 0.000000000000000000e+00 1.963495408493620871e-03
2.244343637649956520e+02 -1.202001625590821132e-01 2.382089287234376296e-01 0.000000000000000000e+00 1.963495408493620871e-03
2.245652720507170557e+02 -1.202641384839193139e-01 2.484190047888006347e-01 0.000000000000000000e+00 1.963495408493620871e-03
2.248270897027044271e+02 -1.201904461992247541e-01 2.563160680389086621e-01 0.000000000000000000e+00 1.963495408493620871e-03
2.249579980762677849e+02 -1.200678361146110262e-01 2.538924891349264579e-01 0.000000000000000000e+00 1.963495408493620871e-03
2.252198155921882403e+02 -1.195954574067546322e-01 2.359170249980517831e-01 0.000000000000000000e+00 1.963495408493620871e-03
2.253507237290592400e+02 -1.192848138981132400e-01 2.206371927473746442e-01 0.000000000000000000e+00 1.963495408493620871e-03
2.256125404845095943e+02 -1.184927686855861972e-01 1.784262330261841278e-01 0.000000000000000000e+00 1.963495408493620871e-03
2.257434481514615641e+02 -1.180723439096072469e-01 1.521007761235666778e-01 0.000000000000000000e+00 1.963495408493620871e-03
2.260052639038962639e+02 -1.171650732707135850e-01 9.109039562318650696e-02 0.000000000000000000e+00 1.963495408493620871e-03
2.261361711318333789e+02 -1.167405347484600231e-01 5.728054738337751833e-02 0.000000000000000000e+00 1.963495408493620871e-03
2.263979862296075112e+02 -1.159035635538110121e-01 -1.394180601610800485e-02 0.000000000000000000e+00 1.963495408493620871e-03
2.265288933196252685e+02 -1.155334423024708401e-01 -5.033535642015476985e-02 0.000000000000000000e+00 1.963495408493620871e-03
2.267907085195725756e+02 -1.147993315645710610e-01 -1.211862143599181096e-01 0.000000000000000000e+00 1.963495408493620871e-03
2.269216158589410952e+02 -1.144480162977072196e-01 -1.546371586712038670e-01 0.000000000000000000e+00 1.963495408493620871e-03
2.271834318280117202e+02 -1.136542575274791245e-01 -2.141326190565228660e-01 0.000000000000000000e+00 1.963495408493620871e-03
2.273143396144125177e+02 -1.132042676831744032e-01 -2.393508104595679642e-01 0.000000000000000000e+00 1.963495408493620871e-03
2.275761564078410970e+02 -1.120837355182489059e-01 -2.778891799536756801e-01 0.000000000000000000e+00 1.963495408493620871e-03
2.277070644581550312e+02 -1.114128550091382786e-01 -2.906592750169331718e-01 0.000000000000000000e+00 1.963495408493620871e-03
2.279688813443797244e+02 -1.097867716023491896e-01 -3.013109533302530396e-01 0.000000000000000000e+00 1.963495408493620871e-03
2.280997891536214013e+02 -1.088663745180171588e-01 -2.990708929105779235e-01 0.000000000000000000e+00 1.963495408493620871e-03
2.283616050008745617e+02 -1.068043532537310825e-01 -2.790383618613936911e-01 0.000000000000000000e+00 1.963495408493620871e-03
2.284925120489572805e+02 -1.057342844522543429e-01 -2.615549718828414361e-01 0.000000000000000000e+00 1.963495408493620871e-03
2.287543260576823343e+02 -1.035243506714441791e-01 -2.127097724291159841e-01 0.000000000000000000e+00 1.963495408493620871e-03
2.288852321605654652e+02 -1.024635635130719813e-01 -1.820539097746662338e-01 0.000000000000000000e+00 1.963495408493620871e-03
2.291470444360363103e+02 -1.004038849560491831e-01 -1.106911793754262879e-01 0.000000000000000000e+00 1.963495408493620871e-03
2.292779499038242363e+02 -9.945928621418292925e-02 -7.102512608418552753e-02 0.000000000000000000e+00 1.963495408493620871e-03
2.295397614762648573e+02 -9.765226905610240038e-02 1.271405016999871407e-02 0.000000000000000000e+00 1.963495408493620871e-03
2.296706669527369797e+02 -9.680298382259674983e-02 5.559022508950289820e-02 0.000000000000000000e+00 1.963495408493620871e-03
2.299324791694973840e+02 -9.507161207187475593e-02 1.392588888754137111e-01 0.000000000000000000e+00 1.963495408493620871e-03
2.300633852253048985e+02 -9.416888924313585041e-02 1.788647361969120664e-01 0.000000000000000000e+00 1.963495408493620871e-03
2.303251988482111869e+02 -9.214546132147946600e-02 2.495581483917910237e-01 0.000000000000000000e+00 1.963495408493620871e-03
2.304561055639919971e+02 -9.100477885129233668e-02 2.796451274138854193e-01 0.000000000000000000e+00 1.963495408493620871e-03
2.307179201369625616e+02 -8.838496547658802882e-02 3.258755513971630102e-01 0.000000000000000000e+00 1.963495408493620871e-03
2.308488269742242380e+02 -8.692986118300793930e-02 3.413750653188952766e-01 0.000000000000000000e+00 1.963495408493620871e-03
2.311106409717990289e+02 -8.373198700076285583e-02 3.549390415098274687e-01 0.000000000000000000e+00 1.963495408493620871e-03
2.312415470658888808e+02 -8.206766063046924686e-02 3.528628576078091106e-01 0.000000000000000000e+00 1.963495408493620871e-03
2.315033588060579461e+02 -7.864553160377137087e-02 3.305108002719589488e-01 0.000000000000000000e+00 1.963495408493620871e-03
2.316342635066865796e+02 -7.698586524680207932e-02 3.105802565392286607e-01 0.000000000000000000e+00 1.963495408493620871e-03
2.318960722374136481e+02 -7.377283833797600165e-02 2.543869122628552026e-01 0.000000000000000000e+00 1.963495408493620871e-03
2.320269755463782815e+02 -7.229249229466475080e-02 2.189523711367042103e-01 0.000000000000000000e+00 1.963495408493620871e-03
2.322887820043288229e+02 -6.950998319026502337e-02 1.362334634209522999e-01 0.000000000000000000e+00 1.963495408493620871e-03
2.324196846310824469e+02 -6.822877158560319844e-02 9.015861038006167671e-02 0.000000000000000000e+00 1.963495408493620871e-03
2.326814906996090428e+02 -6.573390007634023757e-02 -7.294097293065765486e-03 0.000000000000000000e+00 1.963495408493620871e-03
2.328123936655990178e+02 -6.449076272043692548e-02 -5.725790038556438644e-02 0.000000000000000000e+00 1.963495408493620871e-03
2.330742012463540220e+02 -6.183484349822972181e-02 -1.548342807925956466e-01 0.000000000000000000e+00 1.963495408493620871e-03
2.332051052318606139e+02 -6.037867488709554309e-02 -2.010680708058013022e-01 0.000000000000000000e+00 1.963495408493620871e-03
2.334669149617422477e+02 -5.709285703741701079e-02 -2.837214467165647958e-01 0.000000000000000000e+00 1.963495408493620871e-03
2.335978198114434861e+02 -5.526349131727423258e-02 -3.189754322450958357e-01 0.000000000000000000e+00 1.963495408493620871e-03
2.338596305108570732e+02 -5.122406168511976776e-02 -3.733611349123041045e-01 0.000000000000000000e+00 1.963495408493620871e-03
2.339905352659330617e+02 -4.908678526895787070e-02 -3.917410118842322708e-01 0.000000000000000000e+00 1.963495408493620871e-03
2.342523445676840481e+02 -4.463879342114936838e-02 -4.083103648829354282e-01 0.000000000000000000e+00 1.963495408493620871e-03
2.343832480189474836e+02 -4.244323016205447247e-02 -4.063221854598906280e-01 0.000000000000000000e+00 1.963495408493620871e-03
2.346450537716823987e+02 -3.815652496915447611e-02 -3.811936305881408193e-01 0.000000000000000000e+00 1.963495408493620871e-03
2.347759551860482645e+02 -3.616708112121973934e-02 -3.584675415855460012e-01 0.000000000000000000e+00 1.963495408493620871e-03
2.350377567819094793e+02 -3.246203271609538615e-02 -2.941026253104634947e-01 0.000000000000000000e+00 1.963495408493620871e-03
2.351686563897608551e+02 -3.079227057117397970e-02 -2.534236969865612532e-01 0.000000000000000000e+00 1.963495408493620871e-03
2.354304552715931607e+02 -2.767756881192951976e-02 -1.583432407107114581e-01 0.000000000000000000e+00 1.963495408493620871e-03
2.355613542146627424e+02 -2.620857230189669457e-02 -1.053409433339585199e-01 0.000000000000000000e+00 1.963495408493620871e-03
2.358231531653646869e+02 -2.323828166403532278e-02 6.819700150993562859e-03 0.000000000000000000e+00 1.963495408493620871e-03
2.359540528481426236e+02 -2.167103270276325364e-02 6.435483970803884679e-02 0.000000000000000000e+00 1.963495408493620871e-03
2.362158543074864383e+02 -1.819490860533745646e-02 1.768028642031129194e-01 0.000000000000000000e+00 1.963495408493620871e-03
2.363467555042263655e+02 -1.624559223096105204e-02 2.301160874030900860e-01 0.000000000000000000e+00 1.963495408493620871e-03
2.366085599616690729e+02 -1.186744028126894036e-02 3.254698796004391603e-01 0.000000000000000000e+00 1.963495408493620871e-03
2.367394622898561067e+02 -9.480093660822497617e-03 3.661663186196718045e-01 0.000000000000000000e+00 1.963495408493620871e-03
2.370012678901360630e+02 -4.367622609446652690e-03 4.290197032060404370e-01 0.000000000000000000e+00 1.963495408493620871e-03
2.371321700017105627e+02 -1.757940847666771781e-03 4.503307367160624408e-01 0.000000000000000000e+00 1.963495408493620871e-03
2.373939735753846492e+02 3.473233099325727380e-03 4.698418494368152842e-01 0.000000000000000000e+00 1.963495408493620871e-03
2.375248739003957894e+02 5.960239922152117675e-03 4.678321449895361805e-01 0.000000000000000000e+00 1.963495408493620871e-03
2.377866727263091207e+02 1.063766197360146645e-02 4.395698646615570082e-01 0.000000000000000000e+00 1.963495408493620871e-03
2.379175703705455760e+02 1.273431016328785415e-02 4.138034268771692559e-01 0.000000000000000000e+00 1.963495408493620871e-03
2.381793638034781111e+02 1.652378484303665407e-02 3.406574460901076740e-01 0.000000000000000000e+00 1.963495408493620871e-03
2.383102591449004706e+02 1.820339201594887990e-02 2.943779234588298488e-01 0.000000000000000000e+00 1.963495408493620871e-03
2.385720492169297984e+02 2.133737487731367233e-02 1.861544618358990655e-01 0.000000000000000000e+00 1.963495408493620871e-03
2.387029438098477954e+02 2.285919556920386342e-02 1.258062458871867795e-01 0.000000000000000000e+00 1.963495408493620871e-03
2.389647342443934690e+02 2.605854177370123259e-02 -1.924532976250531435e-03 0.000000000000000000e+00 1.963495408493620871e-03
2.390956299367898339e+02 2.782549274550386725e-02 -6.745371132887978405e-02 0.000000000000000000e+00 1.963495408493620871e-03
2.393574239049542598e+02 3.185024443002289207e-02 -1.955218746053473122e-01 0.000000000000000000e+00 1.963495408493620871e-03
2.394883216910625663e+02 3.413275170435578487e-02 -2.562318685759421566e-01 0.000000000000000000e+00 1.963495408493620871e-03
2.397501198173318073e+02 3.924092029330396303e-02 -3.647697217745501375e-01 0.000000000000000000e+00 1.963495408493620871e-03
2.398810192237219212e+02 4.198922281243064325e-02 -4.110811042368891499e-01 0.000000000000000000e+00 1.963495408493620871e-03
2.401428191945097694e+02 4.776894897264964690e-02 -4.826225321691333114e-01 0.000000000000000000e+00 1.963495408493620871e-03
2.402737185347679656e+02 5.065579590340321681e-02 -5.069067353367442408e-01 0.000000000000000000e+00 1.963495408493620871e-03
2.405355163422994451e+02 5.630273884000089324e-02 -5.292833719408087667e-01 0.000000000000000000e+00 1.963495408493620871e-03
2.406664135864355956e+02 5.891326920078647500e-02 -5.271511265504955634e-01 0.000000000000000000e+00 1.963495408493620871e-03
2.409282056047167657e+02 6.367119885899191756e-02 -4.954858657812321043e-01 0.000000000000000000e+00 1.963495408493620871e-03
2.410590994820719004e+02 6.572828851969098052e-02 -4.664977547540760106e-01 0.000000000000000000e+00 1.963495408493620871e-03
2.413208845692761599e+02 6.931488113968800602e-02 -3.840742369051715066e-01 0.000000000000000000e+00 1.963495408493620871e-03
2.414517754084101853e+02 7.085711902966201903e-02 -3.319054581692730821e-01 0.000000000000000000e+00 1.963495408493620871e-03
2.417135559160738865e+02 7.370098265819846617e-02 -2.099789831136034957e-01 0.000000000000000000e+00 1.963495408493620871e-03
2.418444456490185530e+02 7.510906211937617982e-02 -1.420085437509759907e-01 0.000000000000000000e+00 1.963495408493620871e-03
2.421062263632088047e+02 7.817613357943428709e-02 1.843173935890257686e-03 0.000000000000000000e+00 1.963495408493620871e-03
2.422371174283274797e+02 7.994588470969432592e-02 7.563221576369211219e-02 0.000000000000000000e+00 1.963495408493620871e-03
2.424989026797039458e+02 8.410330907823829194e-02 2.197899035617186803e-01 0.000000000000000000e+00 1.963495408493620871e-03
2.426297965454382961e+02 8.650778459475011450e-02 2.881012886059779454e-01 0.000000000000000000e+00 1.963495408493620871e-03
2.428915876159349239e+02 9.193810234176352791e-02 4.101622507539232076e-01 0.000000000000000000e+00 1.963495408493620871e-03
2.430224839403562100e+02 9.486497920192779598e-02 4.622295544505469200e-01 0.000000000000000000e+00 1.963495408493620871e-03
2.432842783768415984e+02 1.009997563183040181e-01 5.426950626879252226e-01 0.000000000000000000e+00 1.963495408493620871e-03
2.434151752009665017e+02 1.040393591750140012e-01 5.700269448240573578e-01 0.000000000000000000e+00 1.963495408493620871e-03
2.436769680840698129e+02 1.099082595630211934e-01 5.952545424821872322e-01 0.000000000000000000e+00 1.963495408493620871e-03
2.438078627693873557e+02 1.125664514704531605e-01 5.929360019489723355e-01 0.000000000000000000e+00 1.963495408493620871e-03
2.440696490807916632e+02 1.172706394342862557e-01 5.577132870568112244e-01 0.000000000000000000e+00 1.963495408493620871e-03
2.442005396672724373e+02 1.192130087747342027e-01 5.254179047556626347e-01 0.000000000000000000e+00 1.963495408493620871e-03
2.444623170937792054e+02 1.224088854077524657e-01 4.335515634214901493e-01 0.000000000000000000e+00 1.963495408493620871e-03
2.445932035615015820e+02 1.236877185553492131e-01 3.753908583191767345e-01 0.000000000000000000e+00 1.963495408493620871e-03
2.448549743221064432e+02 1.259179727705198037e-01 2.394485786981874476e-01 0.000000000000000000e+00 1.963495408493620871e-03
2.449858588729504447e+02 1.270115954050147211e-01 1.636805058893467113e-01 0.000000000000000000e+00 1.963495408493620871e-03
2.452476288836858203e+02 1.294869202968570998e-01 3.452711286742626839e-03 0.000000000000000000e+00 1.963495408493620871e-03
2.453785147501364179e+02 1.310157951562036516e-01 -7.868954515686721329e-02 0.000000000000000000e+00 1.963495408493620871e-03
2.456402901428614030e+02 1.348186766728113328e-01 -2.390833856868943563e-01 0.000000000000000000e+00 1.963495408493620871e-03
2.457711796255193804e+02 1.371206135369409385e-01 -3.150703836949753089e-01 0.000000000000000000e+00 1.963495408493620871e-03
2.460329630553470963e+02 1.424831296620854837e-01 -4.508579443663949249e-01 0.000000000000000000e+00 1.963495408493620871e-03
2.461638562536098789e+02 1.454365024503784243e-01 -5.087877927973153414e-01 0.000000000000000000e+00 1.963495408493620871e-03
2.464256455924299303e+02 1.517135992038166070e-01 -5.983079406678751822e-01 0.000000000000000000e+00 1.963495408493620871e-03
2.465565403909454574e+02 1.548481471731065762e-01 -6.287311496567811187e-01 0.000000000000000000e+00 1.963495408493620871e-03
2.468183297929745947e+02 1.609019494896741787e-01 -6.569119941696101028e-01 0.000000000000000000e+00 1.963495408493620871e-03
2.469492228068679651e+02 1.636150700641333944e-01 -6.544481596354658759e-01 0.000000000000000000e+00 1.963495408493620871e-03
2.472110053488947017e+02 1.682970571700961870e-01 -6.156690569828369153e-01 0.000000000000000000e+00 1.963495408493620871e-03
2.473418935731213537e+02 1.701255303480654901e-01 -5.800736883175126035e-01 0.000000000000000000e+00 1.963495408493620871e-03
2.476036649374569265e+02 1.728678290778161708e-01 -4.789609404823014227e-01 0.000000000000000000e+00 1.963495408493620871e-03
2.477345475820808076e+02 1.737972928869018219e-01 -4.149615266501636146e-01 0.000000000000000000e+00 1.963495408493620871e-03
2.479963091340496248e+02 1.751292272344027734e-01 -2.653092983849770770e-01 0.000000000000000000e+00 1.963495408493620871e-03
2.481271884620909702e+02 1.757096373050358595e-01 -1.818600482255615103e-01 0.000000000000000000e+00 1.963495408493620871e-03
2.483889471710187706e+02 1.771096821429688495e-01 -5.310856749702996815e-03 0.000000000000000000e+00 1.963495408493620871e-03
2.485198273593074987e+02 1.781328417357121996e-01 8.520551215615734808e-02 0.000000000000000000e+00 1.963495408493620871e-03
2.487815917879564438e+02 1.810487526080083454e-01 2.618111557407029055e-01 0.000000000000000000e+00 1.963495408493620871e-03
2.489124764101330811e+02 1.830104185186397503e-01 3.454362735187165301e-01 0.000000000000000000e+00 1.963495408493620871e-03
2.491742515588875335e+02 1.879100946905689629e-01 4.948298501812976591e-01 0.000000000000000000e+00 1.963495408493620871e-03
2.493051415720476314e+02 1.907472193996337939e-01 5.585500043214403076e-01 0.000000000000000000e+00 1.963495408493620871e-03
2.495669262821127745e+02 1.969987814270204307e-01 6.569751168101267691e-01 0.000000000000000000e+00 1.963495408493620871e-03
2.496978196156385081e+02 2.002077427264130072e-01 6.904684437133200570e-01 0.000000000000000000e+00 1.963495408493620871e-03
2.499596072469039143e+02 2.065076802505759201e-01 7.218505471218134018e-01 0.000000000000000000e+00 1.963495408493620871e-03
2.500904996835254224e+02 2.093394755627056014e-01 7.194542005569439791e-01 0.000000000000000000e+00 1.963495408493620871e-03
2.503522809788201755e+02 2.141669469077881471e-01 6.775255902788200890e-01 0.000000000000000000e+00 1.963495408493620871e-03
2.504831681623664394e+02 2.159681192757332835e-01 6.387853645075518561e-01 0.000000000000000000e+00 1.963495408493620871e-03
2.507449359798970931e+02 2.183818302980293224e-01 5.285145668632122984e-01 0.000000000000000000e+00 1.963495408493620871e-03
2.508758158193928978e+02 2.189635527176049257e-01 4.586939318651965802e-01 0.000000000000000000e+00 1.963495408493620871e-03
2.511375695851803869e+02 2.192559350450419831e-01 2.956179821729038593e-01 0.000000000000000000e+00 1.963495408493620871e-03
2.512684440116167934e+02 2.191679497524632869e-01 2.047569798150325471e-01 0.000000000000000000e+00 1.963495408493620871e-03
2.515301913511800933e+02 2.190447268327082586e-01 1.269989256693671020e-02 0.000000000000000000e+00 1.963495408493620871e-03
2.516610655322305092e+02 2.192941225067360778e-01 -8.575032519509312445e-02 0.000000000000000000e+00 1.963495408493620871e-03
2.519228179848008153e+02 2.207533543846250668e-01 -2.779542673487065407e-01 0.000000000000000000e+00 1.963495408493620871e-03
2.520536972320316806e+02 2.221110482491226445e-01 -3.690258081184665251e-01 0.000000000000000000e+00 1.963495408493620871e-03
2.523154632744085575e+02 2.260986280606065990e-01 -5.317838548724657111e-01 0.000000000000000000e+00 1.963495408493620871e-03
2.524463499357966327e+02 2.286569149415044189e-01 -6.012383541525037067e-01 0.000000000000000000e+00 1.963495408493620871e-03
2.527081302548986343e+02 2.346812076882502374e-01 -7.085435767711416588e-01 0.000000000000000000e+00 1.963495408493620871e-03
2.528390225678712682e+02 2.379231957780600371e-01 -7.451084355230932488e-01 0.000000000000000000e+00 1.963495408493620871e-03
2.531008099918865071e+02 2.445139980349897990e-01 -7.796098174177729101e-01 0.000000000000000000e+00 1.963495408493620871e-03
2.532317029755173508e+02 2.475565117761914791e-01 -7.772959689935912131e-01 0.000000000000000000e+00 1.963495408493620871e-03
2.534934858214489282e+02 2.528208027311437123e-01 -7.326979694090343109e-01 0.000000000000000000e+00 1.963495408493620871e-03
2.536243735281249485e+02 2.547699734256024251e-01 -6.912463496530534268e-01 0.000000000000000000e+00 1.963495408493620871e-03
2.538861410068243458e+02 2.572009841482387760e-01 -5.729687981834872268e-01 0.000000000000000000e+00 1.963495408493620871e-03
2.540170195050616542e+02 2.575614477528014312e-01 -4.979428657706087558e-01 0.000000000000000000e+00 1.963495408493620871e-03
2.542787678662766382e+02 2.569149886437866459e-01 -3.224185374426948303e-01 0.000000000000000000e+00 1.963495408493620871e-03
2.544096381283587789e+02 2.560946957879509656e-01 -2.245251140209265361e-01 0.000000000000000000e+00 1.963495408493620871e-03
2.546713747000942192e+02 2.541173100268258600e-01 -1.759291741927293540e-02 0.000000000000000000e+00 1.963495408493620871e-03
2.548022427806917563e+02 2.533490705308290014e-01 8.848009688861052657e-02 0.000000000000000000e+00 1.963495408493620871e-03
2.550639825037769128e+02 2.527675294426287023e-01 2.954473286485718164e-01 0.000000000000000000e+00 1.963495408493620871e-03
2.551948558764013626e+02 2.532240820712287621e-01 3.934963405266095338e-01 0.000000000000000000e+00 1.963495408493620871e-03
2.554566118280324076e+02 2.557499942450360830e-01 5.687448338964677941e-01 0.000000000000000000e+00 1.963495408493620871e-03
2.555874948285016615e+02 2.578138199481859738e-01 6.436201818251821027e-01 0.000000000000000000e+00 1.963495408493620871e-03
2.558492706403190766e+02 2.633084875941047454e-01 7.597238327993676155e-01 0.000000000000000000e+00 1.963495408493620871e-03
2.559801622038165192e+02 2.665013761215088151e-01 7.995118535265761661e-01 0.000000000000000000e+00 1.963495408493620871e-03
2.562419506421631468e+02 2.733642072987939042e-01 8.375269267996076072e-01 0.000000000000000000e+00 1.963495408493620871e-03
2.563728451222865488e+02 2.766852843010976781e-01 8.355069809903781231e-01 0.000000000000000000e+00 1.963495408493620871e-03
2.566346320443121272e+02 2.826657616968648590e-01 7.885813792449700710e-01 0.000000000000000000e+00 1.963495408493620871e-03
2.567655218022818531e+02 2.849655720813738524e-01 7.446350644213758363e-01 0.000000000000000000e+00 1.963495408493620871e-03
2.570272923572819082e+02 2.879071175922365278e-01 6.191858226578146329e-01 0.000000000000000000e+00 1.963495408493620871e-03
2.571581712683804426e+02 2.883093720368834489e-01 5.395620597170502908e-01 0.000000000000000000e+00 1.963495408493620871e-03
2.574199174570679816e+02 2.871688567526806679e-01 3.531586848668133993e-01 0.000000000000000000e+00 1.963495408493620871e-03
2.575507847687266576e+02 2.857181607814992530e-01 2.491048893926084140e-01 0.000000000000000000e+00 1.963495408493620871e-03
2.578125120882661463e+02 2.818302407305992574e-01 2.892210810195150472e-02 0.000000000000000000e+00 1.963495408493620871e-03
2.579433743166890167e+02 2.798812011632201835e-01 -8.405646359573537563e-02 0.000000000000000000e+00 1.963495408493620871e-03
2.582051010071188557e+02 2.767368818044539935e-01 -3.046418337088191430e-01 0.000000000000000000e+00 1.963495408493620871e-03
2.583359681228372438e+02 2.759897431113707000e-01 -4.091983114443624725e-01 0.000000000000000000e+00 1.963495408493620871e-03
2.585977130354977476e+02 2.764295336622302202e-01 -5.960301780406671579e-01 0.000000000000000000e+00 1.963495408493620871e-03
2.587285919981177926e+02 2.777195095199413433e-01 -6.759053196385254036e-01 0.000000000000000000e+00 1.963495408493620871e-03
2.589903629163830487e+02 2.822327933709641301e-01 -8.000701690757872075e-01 0.000000000000000000e+00 1.963495408493620871e-03
2.591212538252539730e+02 2.852305799782267615e-01 -8.428717242088237249e-01 0.000000000000000000e+00 1.963495408493620871e-03
2.593830440577795571e+02 2.922283191273404301e-01 -8.846597506220261753e-01 0.000000000000000000e+00 1.963495408493620871e-03
2.595139407110444836e+02 2.958308167804898359e-01 -8.833239212460760603e-01 0.000000000000000000e+00 1.963495408493620871e-03
2.597757336555304732e+02 3.026881829023365111e-01 -8.350909345108284976e-01 0.000000000000000000e+00 1.963495408493620871e-03
2.599066267378861426e+02 3.055051816422554856e-01 -7.892128577557933067e-01 0.000000000000000000e+00 1.963495408493620871e-03
2.601684034013130145e+02 3.094421834209012956e-01 -6.575973606980677344e-01 0.000000000000000000e+00 1.963495408493620871e-03
2.602992843878344615e+02 3.101875909949412535e-01 -5.739047020483126760e-01 0.000000000000000000e+00 1.963495408493620871e-03
2.605610318272870245e+02 3.092070655065433660e-01 -3.780517260103959942e-01 0.000000000000000000e+00 1.963495408493620871e-03
2.606918978045297308e+02 3.074310311143356178e-01 -2.687165125579649150e-01 0.000000000000000000e+00 1.963495408493620871e-03
2.609536184995798180e+02 3.020430813283889737e-01 -3.730906309867992876e-02 0.000000000000000000e+00 1.963495408493620871e-03
2.610844755968504955e+02 2.989114526414187178e-01 8.152112252402132775e-02 0.000000000000000000e+00 1.963495408493620871e-03
2.613461896955034263e+02 2.928656445775949524e-01 3.138461540044620302e-01 0.000000000000000000e+00 1.963495408493620871e-03
2.614770504417301709e+02 2.906481425947784469e-01 4.241505285199480557e-01 0.000000000000000000e+00 1.963495408493620871e-03
2.617387836997805834e+02 2.883647803525763997e-01 6.216134386945875168e-01 0.000000000000000000e+00 1.963495408493620871e-03
2.618696583100071393e+02 2.885721338232025701e-01 7.061867490142680337e-01 0.000000000000000000e+00 1.963495408493620871e-03
2.621314238732250601e+02 2.915529628064307821e-01 8.377531935185125178e-01 0.000000000000000000e+00 1.963495408493620871e-03
2.622623140909361723e+02 2.941425260276082088e-01 8.832632409648175642e-01 0.000000000000000000e+00 1.963495408493620871e-03
2.625241064755964544e+02 3.009833215917270266e-01 9.284446621328202864e-01 0.000000000000000000e+00 1.963495408493620871e-03
2.626550057079912222e+02 3.047926487074164581e-01 9.278626231040991712e-01 0.000000000000000000e+00 1.963495408493620871e-03
2.629168059193963813e+02 3.125231145441186298e-01 8.794906492422390754e-01 0.000000000000000000e+00 1.963495408493620871e-03
2.630477031364649179e+02 3.159292030199901125e-01 8.326155241941372021e-01 0.000000000000000000e+00 1.963495408493620871e-03
2.633094880131478135e+02 3.211805934884401359e-01 6.968207993177358839e-01 0.000000000000000000e+00 1.963495408493620871e-03
2.634403724395095310e+02 3.225352539794934525e-01 6.100300602993182775e-01 0.000000000000000000e+00 1.963495408493620871e-03
2.637021242944123287e+02 3.224130397360092104e-01 4.063484826598675603e-01 0.000000000000000000e+00 1.963495408493620871e-03
2.638329905786565632e+02 3.207058344038784536e-01 2.924690513884996568e-01 0.000000000000000000e+00 1.963495408493620871e-03
2.640947077569084627e+02 3.145624354565901282e-01 5.149156794911996515e-02 0.000000000000000000e+00 1.963495408493620871e-03
2.642255609817158870e+02 3.105044164999292144e-01 -7.226129213313681188e-02 0.000000000000000000e+00 1.963495408493620871e-03
2.644872642130106328e+02 3.017420477286401059e-01 -3.142109413091036529e-01 0.000000000000000000e+00 1.963495408493620871e-03
2.646181189301505015e+02 2.979255574795715567e-01 -4.291668256158983619e-01 0.000000000000000000e+00 1.963495408493620871e-03
2.648798405169488888e+02 2.923735413202881439e-01 -6.352989155633893548e-01 0.000000000000000000e+00 1.963495408493620871e-03
2.650107106878746208e+02 2.912023889016394085e-01 -7.238643571251586195e-01 0.000000000000000000e+00 1.963495408493620871e-03
2.652724707012653766e+02 2.920684864322772301e-01 -8.625268359238511540e-01 0.000000000000000000e+00 1.963495408493620871e-03
2.654033601894911385e+02 2.939936206398832130e-01 -9.109591285880848099e-01 0.000000000000000000e+00 1.963495408493620871e-03
2.656651547899821253e+02 3.002521452421584303e-01 -9.600110268482409115e-01 0.000000000000000000e+00 1.963495408493620871e-03
2.657960567032610015e+02 3.041088179760840782e-01 -9.604061796757217273e-01 0.000000000000000000e+00 1.963495408493620871e-03
2.660578645600701293e+02 3.125025919411670849e-01 -9.121711041376928675e-01 0.000000000000000000e+00 1.963495408493620871e-03
2.661887662049293795e+02 3.164484383137372570e-01 -8.645835467041649292e-01 0.000000000000000000e+00 1.963495408493620871e-03
2.664505602507411481e+02 3.230694110398659724e-01 -7.263079861125953940e-01 0.000000000000000000e+00 1.963495408493620871e-03
2.665814488869775118e+02 3.251686297893234823e-01 -6.376969138529746672e-01 0.000000000000000000e+00 1.963495408493620871e-03
2.668432073422650319e+02 3.264082361186252945e-01 -4.291136006496923949e-01 0.000000000000000000e+00 1.963495408493620871e-03
2.669740753695682542e+02 3.251462415809738271e-01 -3.121780379350269641e-01 0.000000000000000000e+00 1.963495408493620871e-03
2.672357922737432432e+02 3.191421666350056086e-01 -6.408875196937974250e-02 0.000000000000000000e+00 1.963495408493620871e-03
2.673666431840492237e+02 3.145948415735935200e-01 6.354949853198060827e-02 0.000000000000000000e+00 1.963495408493620871e-03
2.676283382531034363e+02 3.038029728968375531e-01 3.131765124964470681e-01 0.000000000000000000e+00 1.963495408493620871e-03
2.677591879020789634e+02 2.985249879159713737e-01 4.318817126047350685e-01 0.000000000000000000e+00 1.963495408493620871e-03
2.680208990267651643e+02 2.896098165901058730e-01 6.450433763697565048e-01 0.000000000000000000e+00 1.963495408493620871e-03
2.681517650799260082e+02 2.868743394463926233e-01 7.368290490312185970e-01 0.000000000000000000e+00 1.963495408493620871e-03
2.684135198282331771e+02 2.850982712122528406e-01 8.810078819961172369e-01 0.000000000000000000e+00 1.963495408493620871e-03
2.685444086922568090e+02 2.861036368176734235e-01 9.317796379666567486e-01 0.000000000000000000e+00 1.963495408493620871e-03
2.688062055897981395e+02 2.912970863158393375e-01 9.847601120237045036e-01 0.000000000000000000e+00 1.963495408493620871e-03
2.689371100952711799e+02 2.949732717654741099e-01 9.866506274183272085e-01 0.000000000000000000e+00 1.963495408493620871e-03
2.691989252520606897e+02 3.036134870015638199e-01 9.401154348868472344e-01 0.000000000000000000e+00 1.963495408493620871e-03
2.693298311323519556e+02 3.079188465828601728e-01 8.926568240673264931e-01 0.000000000000000000e+00 1.963495408493620871e-03
2.695916340672778801e+02 3.156464669548189050e-01 7.529648719460774187e-01 0.000000000000000000e+00 1.963495408493620871e-03
2.697225269181640783e+02 3.184370668308725838e-01 6.630033190625448380e-01 0.000000000000000000e+00 1.963495408493620871e-03
2.699842926049057041e+02 3.211639480195116469e-01 4.512369351756556624e-01 0.000000000000000000e+00 1.963495408493620871e-03
2.701151632274885515e+02 3.205775190400559360e-01 3.324675445324531409e-01 0.000000000000000000e+00 1.963495408493620871e-03
2.703768825119427675e+02 3.154682700116325789e-01 8.034297066001475085e-02 0.000000000000000000e+00 1.963495408493620871e-03
2.705077327810095085e+02 3.109193530479561485e-01 -4.957253356238083830e-02 0.000000000000000000e+00 1.963495408493620871e-03
2.707694233079058108e+02 2.991326404001328765e-01 -3.044141472588024477e-01 0.000000000000000000e+00 1.963495408493620871e-03
2.709002695291520126e+02 2.928248905933370505e-01 -4.259529212287791466e-01 0.000000000000000000e+00 1.963495408493620871e-03
2.711619729161319583e+02 2.811218970256617045e-01 -6.447148367659130130e-01 0.000000000000000000e+00 1.963495408493620871e-03
2.712928358045429604e+02 2.768940201591090222e-01 -7.391972980622953937e-01 0.000000000000000000e+00 1.963495408493620871e-03
2.715545864250722730e+02 2.722923202914740437e-01 -8.881866941186136177e-01 0.000000000000000000e+00 1.963495408493620871e-03
2.716854748944980997e+02 2.722088185841375352e-01 -9.410648146520308455e-01 0.000000000000000000e+00 1.963495408493620871e-03
2.719472740585603674e+02 2.759027271412279880e-01 -9.975614743291573161e-01 0.000000000000000000e+00 1.963495408493620871e-03
2.720781810244261010e+02 2.791683783735041668e-01 -1.000893910218402238e+00 0.000000000000000000e+00 1.963495408493620871e-03
2.723400028982329104e+02 2.875742652777042996e-01 -9.567165689424155239e-01 0.000000000000000000e+00 1.963495408493620871e-03
2.724709124761325256e+02 2.919881990529583637e-01 -9.101956379045281764e-01 0.000000000000000000e+00 1.963495408493620871e-03
2.727327229430800912e+02 3.003107553943180630e-01 -7.720171368741282070e-01 0.000000000000000000e+00 1.963495408493620871e-03
2.728636193497891895e+02 3.035412629197329903e-01 -6.824971032586184538e-01 0.000000000000000000e+00 1.963495408493620871e-03
2.731253913569304927e+02 3.073654461377101077e-01 -4.705755586229367626e-01 0.000000000000000000e+00 1.963495408493620871e-03
2.732562645716238308e+02 3.073925691270045224e-01 -3.512175209137095022e-01 0.000000000000000000e+00 1.963495408493620871e-03
2.735179874373093298e+02 3.034244878743754814e-01 -9.704440814132603288e-02 0.000000000000000000e+00 1.963495408493620871e-03
2.736488384564480612e+02 2.992502710510478448e-01 3.421886358675629847e-02 0.000000000000000000e+00 1.963495408493620871e-03
2.739105283038209677e+02 2.875620304204291600e-01 2.918493592621861366e-01 0.000000000000000000e+00 1.963495408493620871e-03
2.740413731602874918e+02 2.808094130688224555e-01 4.148534569501165503e-01 0.000000000000000000e+00 1.963495408493620871e-03
2.743030727910713722e+02 2.674131198009603860e-01 6.366431085073860352e-01 0.000000000000000000e+00 1.963495408493620871e-03
2.744339341645675177e+02 2.621046497711569945e-01 7.327530444105421203e-01 0.000000000000000000e+00 1.963495408493620871e-03
2.746956830837298185e+02 2.551717433864230111e-01 8.853531204729585546e-01 0.000000000000000000e+00 1.963495408493620871e-03
2.748265718132840902e+02 2.540506684701383522e-01 9.401759257768218525e-01 0.000000000000000000e+00 1.963495408493620871e-03
2.750883735710306723e+02 2.560621656497520382e-01 1.000625554461040512e+00 0.000000000000000000e+00 1.963495408493620871e-03
2.752192827770863346e+02 2.587662591456276195e-01 1.005900087487477945e+00 0.000000000000000000e+00 1.963495408493620871e-03
2.754811103071602929e+02 2.665312510639730736e-01 9.652757879597128055e-01 0.000000000000000000e+00 1.963495408493620871e-03
2.756120228344091174e+02 2.708010625502089708e-01 9.203279893009643775e-01 0.000000000000000000e+00 1.963495408493620871e-03
2.758738390294371925e+02 2.791120707849214511e-01 7.847845369957221484e-01 0.000000000000000000e+00 1.963495408493620871e-03
2.760047380167437154e+02 2.824271426678260366e-01 6.963353355256043375e-01 0.000000000000000000e+00 1.963495408493620871e-03
2.762665145301280631e+02 2.866123019747746636e-01 4.861772164383200701e-01 0.000000000000000000e+00 1.963495408493620871e-03
2.763973896961418291e+02 2.869315088944580650e-01 3.675230843004430592e-01 0.000000000000000000e+00 1.963495408493620871e-03
2.766591158204769272e+02 2.837066614168801126e-01 1.145612343172911773e-01 0.000000000000000000e+00 1.963495408493620871e-03
2.767899681959440841e+02 2.799376236296692855e-01 -1.628304213414455415e-02 0.000000000000000000e+00 1.963495408493620871e-03
2.770516600798037530e+02 2.688970226103790662e-01 -2.736448735328887993e-01 0.000000000000000000e+00 1.963495408493620871e-03
2.771825056113888763e+02 2.622268875793468679e-01 -3.968814071739428240e-01 0.000000000000000000e+00 1.963495408493620871e-03
2.774442062110790062e+02 2.484797441717550848e-01 -6.200496911013986256e-01 0.000000000000000000e+00 1.963495408493620871e-03
2.775750682096086734e+02 2.427409467507819218e-01 -7.172533142158723507e-01 0.000000000000000000e+00 1.963495408493620871e-03
2.778368189286171628e+02 2.346084745324440168e-01 -8.725435159471984781e-01 0.000000000000000000e+00 1.963495408493620871e-03
2.779677090772380552e+02 2.328540683313840565e-01 -9.289666455709508774e-01 0.000000000000000000e+00 1.963495408493620871e-03
2.782295144708123757e+02 2.336363840651595747e-01 -9.930744467076828563e-01 0.000000000000000000e+00 1.963495408493620871e-03
2.783604257454064168e+02 2.358125811814649753e-01 -1.000372884993419476e+00 0.000000000000000000e+00 1.963495408493620871e-03
2.786222576005383189e+02 2.426924956316887372e-01 -9.640406374556598212e-01 0.000000000000000000e+00 1.963495408493620871e-03
2.787531722192685493e+02 2.465985220739395356e-01 -9.213584583428487962e-01 0.000000000000000000e+00 1.963495408493620871e-03
2.790149921531885866e+02 2.543143467291202886e-01 -7.906082041500288593e-01 0.000000000000000000e+00 1.963495408493620871e-03
2.791458926353618608e+02 2.573824225221700290e-01 -7.046224860693712788e-01 0.000000000000000000e+00 1.963495408493620871e-03
2.794076714933652852e+02 2.611874176044801654e-01 -4.993575099533710815e-01 0.000000000000000000e+00 1.963495408493620871e-03
2.795385476696056344e+02 2.613881311322614476e-01 -3.830185612801070283e-01 0.000000000000000000e+00 1.963495408493620871e-03
2.798002758151878879e+02 2.581035694296505145e-01 -1.340997888974863050e-01 0.000000000000000000e+00 1.963495408493620871e-03
2.799311295035806779e+02 2.544217204603623772e-01 -4.906652493293139905e-03 0.000000000000000000e+00 1.963495408493620871e-03
2.801928247619019885e+02 2.437775754111600190e-01 2.500583217743995723e-01 0.000000000000000000e+00 1.963495408493620871e-03
2.803236725156507418e+02 2.374115816290013337e-01 3.725404827876021008e-01 0.000000000000000000e+00 1.963495408493620871e-03
2.805853783203561420e+02 2.243191440897810696e-01 5.949333750324775627e-01 0.000000000000000000e+00 1.963495408493620871e-03
2.807162431337023349e+02 2.188160040404637796e-01 6.921825048433333238e-01 0.000000000000000000e+00 1.963495408493620871e-03
2.809779996312086041e+02 2.109326735009282583e-01 8.485847649788533786e-01 0.000000000000000000e+00 1.963495408493620871e-03
2.811088926186585013e+02 2.091813145942892638e-01 9.060966410287057959e-01 0.000000000000000000e+00 1.963495408493620871e-03
2.813707032241864567e+02 2.097319191749906775e-01 9.734703646838549496e-01 0.000000000000000000e+00 1.963495408493620871e-03
2.815016166613730206e+02 2.116819121934814807e-01 9.829257319202127086e-01 0.000000000000000000e+00 1.963495408493620871e-03
2.817634519435121661e+02 2.179110257025191344e-01 9.518600965578144502e-01 0.000000000000000000e+00 1.963495408493620871e-03
2.818943678945826719e+02 2.214116411954218377e-01 9.122373006935630135e-01 0.000000000000000000e+00 1.963495408493620871e-03
2.821561904367836178e+02 2.282679054489993309e-01 7.882926412584037035e-01 0.000000000000000000e+00 1.963495408493620871e-03
2.822870927905211147e+02 2.309682574087244533e-01 7.059408080470249702e-01 0.000000000000000000e+00 1.963495408493620871e-03
2.825488131560310308e+02 2.287904733844065008e-01 5.080972026286822985e-01 0.000000000000000000e+00 1.963495408493620871e-03
2.826795798560431763e+02 2.192288115173383622e-01 3.954770788775687773e-01 0.000000000000000000e+00 1.963495408493620871e-03
