# q:1.000000e+00, m:1.836000e+03, N:480 - x,px,py,pz,w
1.886603905260496958e+02 -1.049320748278030457e+00 -4.184650144646064052e-04 0.000000000000000000e+00 1.963495408493620871e-03
1.887958743370424202e+02 -9.576118886177147349e-01 -4.603375663054357666e-04 0.000000000000000000e+00 1.963495408493620871e-03
1.890687684416833463e+02 -7.197963852794891926e-01 -4.659677464565533268e-04 0.000000000000000000e+00 1.963495408493620871e-03
1.892042268517239165e+02 -6.142293407896073365e-01 -4.297276513545653098e-04 0.000000000000000000e+00 1.963495408493620871e-03
1.894728171434137209e+02 -4.378508508821384315e-01 -2.820331774121669901e-04 0.000000000000000000e+00 1.963495408493620871e-03
1.896058953951053354e+02 -3.684197155903431442e-01 -1.726771679179209826e-04 0.000000000000000000e+00 1.963495408493620871e-03
1.898704908739203177e+02 -2.560072652202004528e-01 1.106092695873716432e-04 0.000000000000000000e+00 1.963495408493620871e-03
1.900026690444726682e+02 -2.046570094607924883e-01 2.807880334018768276e-04 0.000000000000000000e+00 1.963495408493620871e-03
1.902668520654852955e+02 -1.116196745678506574e-01 6.615888264385381100e-04 0.000000000000000000e+00 1.963495408493620871e-03
1.903988329516459146e+02 -7.080800075239590541e-02 8.678814278412859797e-04 0.000000000000000000e+00 1.963495408493620871e-03
1.906624630566876135e+02 -3.303232430005985376e-03 1.296464605620295443e-03 0.000000000000000000e+00 1.963495408493620871e-03
1.907940268351579505e+02 2.142370020138581466e-02 1.512011328298075961e-03 0.000000000000000000e+00 1.963495408493620871e-03
1.910565646574125651e+02 4.879299529973980809e-02 1.922958846277020035e-03 0.000000000000000000e+00 1.963495408493620871e-03
1.911874801569186388e+02 4.870822212270888019e-02 2.112891903385749441e-03 0.000000000000000000e+00 1.963495408493620871e-03
1.914488710779930614e+02 3.151898038740312546e-02 2.444184054728903120e-03 0.000000000000000000e+00 1.963495408493620871e-03
1.915795325433687140e+02 2.189498156217004055e-02 2.580547941251290327e-03 0.000000000000000000e+00 1.963495408493620871e-03
1.918408907174865590e+02 3.725868483243294140e-03 2.777046218910683012e-03 0.000000000000000000e+00 1.963495408493620871e-03
1.919716391757798135e+02 -3.304087030460554908e-03 2.834862402314624816e-03 0.000000000000000000e+00 1.963495408493620871e-03
1.922332582249916015e+02 -1.344625729448408955e-02 2.861573145136713913e-03 0.000000000000000000e+00 1.963495408493620871e-03
1.923641071643639862e+02 -1.689856541937274220e-02 2.829074906511731130e-03 0.000000000000000000e+00 1.963495408493620871e-03
1.926258620250179945e+02 -2.090405689436834746e-02 2.667697142867378208e-03 0.000000000000000000e+00 1.963495408493620871e-03
1.927567485334155322e+02 -2.175083059594228041e-02 2.542025238936654156e-03 0.000000000000000000e+00 1.963495408493620871e-03
1.930185363070282847e+02 -2.170438465021282820e-02 2.211753847823211272e-03 0.000000000000000000e+00 1.963495408493620871e-03
1.931494310940197749e+02 -2.126870673104733211e-02 2.010128239523065359e-03 0.000000000000000000e+00 1.963495408493620871e-03
1.934112255071179902e+02 -1.973986297831122061e-02 1.544119691748455873e-03 0.000000000000000000e+00 1.963495408493620871e-03
1.935421221265295628e+02 -1.880662988370904870e-02 1.287618485258371168e-03 0.000000000000000000e+00 1.963495408493620871e-03
1.938039182651072849e+02 -1.670480914120602012e-02 7.547083804880115251e-04 0.000000000000000000e+00 1.963495408493620871e-03
1.939348152295266914e+02 -1.567524740863272814e-02 4.839328013975939709e-04 0.000000000000000000e+00 1.963495408493620871e-03
1.941966111384728322e+02 -1.373162156465126266e-02 -4.689503789406064202e-05 0.000000000000000000e+00 1.963495408493620871e-03
1.943275075908861709e+02 -1.293752674889894760e-02 -2.980676889216608795e-04 0.000000000000000000e+00 1.963495408493620871e-03
1.945893020135206370e+02 -1.171737862634799135e-02 -7.414128391035493346e-04 0.000000000000000000e+00 1.963495408493620871e-03
1.947201977339804841e+02 -1.137083430442294499e-02 -9.281653980108496484e-04 0.000000000000000000e+00 1.963495408493620871e-03
1.949819908930519432e+02 -1.119427691903262037e-02 -1.213200200518864749e-03 0.000000000000000000e+00 1.963495408493620871e-03
1.951128862053410273e+02 -1.143081743669772943e-02 -1.306858374814126285e-03 0.000000000000000000e+00 1.963495408493620871e-03
1.953746787486514052e+02 -1.259825258675879855e-02 -1.380561473382565987e-03 0.000000000000000000e+00 1.963495408493620871e-03
1.955055736894693723e+02 -1.363531764755834125e-02 -1.359467905212986003e-03 0.000000000000000000e+00 1.963495408493620871e-03
1.957673664379989020e+02 -1.641458899366462360e-02 -1.197482896596250733e-03 0.000000000000000000e+00 1.963495408493620871e-03
1.958982627375599463e+02 -1.808716057435146712e-02 -1.058400546483063368e-03 0.000000000000000000e+00 1.963495408493620871e-03
1.961600594251617053e+02 -2.149697201386485679e-02 -6.702952858343837281e-04 0.000000000000000000e+00 1.963495408493620871e-03
1.962909573571887165e+02 -2.296733587646655056e-02 -4.271277648621647251e-04 0.000000000000000000e+00 1.963495408493620871e-03
1.965527564018998703e+02 -2.527343382768559854e-02 1.372781682966100559e-04 0.000000000000000000e+00 1.963495408493620871e-03
1.966836549843754369e+02 -2.609519227144695835e-02 4.518418433522118768e-04 0.000000000000000000e+00 1.963495408493620871e-03
1.969454547063711232e+02 -2.727408019053183946e-02 1.122715376491186792e-03 0.000000000000000000e+00 1.963495408493620871e-03
1.970763536436062395e+02 -2.785207408483304087e-02 1.469493423685068684e-03 0.000000000000000000e+00 1.963495408493620871e-03
1.973381536694419651e+02 -2.907688596490275168e-02 2.152928110639475579e-03 0.000000000000000000e+00 1.963495408493620871e-03
1.974690522410884626e+02 -2.984988092046854391e-02 2.480096304976624894e-03 0.000000000000000000e+00 1.963495408493620871e-03
1.977308514241896660e+02 -3.154594012900610589e-02 3.072694269563610529e-03 0.000000000000000000e+00 1.963495408493620871e-03
1.978617502067101839e+02 -3.241902325232762228e-02 3.330394451666437300e-03 0.000000000000000000e+00 1.963495408493620871e-03
1.981235501715468388e+02 -3.426124721858188338e-02 3.742004616235297329e-03 0.000000000000000000e+00 1.963495408493620871e-03
1.982544488541918781e+02 -3.534680974373384521e-02 3.889117963990403656e-03 0.000000000000000000e+00 1.963495408493620871e-03
1.985162483946052987e+02 -3.768713036453760767e-02 4.042594959835789023e-03 0.000000000000000000e+00 1.963495408493620871e-03
1.986471473537217776e+02 -3.890064599781244137e-02 4.047148625574904790e-03 0.000000000000000000e+00 1.963495408493620871e-03
1.989089477906196635e+02 -4.142679520740250032e-02 3.905682546015329035e-03 0.000000000000000000e+00 1.963495408493620871e-03
1.990398468948505126e+02 -4.283164881925606571e-02 3.761454902811435866e-03 0.000000000000000000e+00 1.963495408493620871e-03
1.993016474218603094e+02 -4.581322281937925955e-02 3.332205035813985000e-03 0.000000000000000000e+00 1.963495408493620871e-03
1.994325468110750137e+02 -4.738428115202705793e-02 3.052794316768771971e-03 0.000000000000000000e+00 1.963495408493620871e-03
1.996943482088511530e+02 -5.062426576862380512e-02 2.383741958406707280e-03 0.000000000000000000e+00 1.963495408493620871e-03
1.998252480481758653e+02 -5.232987315194542743e-02 2.003881308648204976e-03 0.000000000000000000e+00 1.963495408493620871e-03
2.000870503250665990e+02 -5.587382950463361253e-02 1.187167858620075903e-03 0.000000000000000000e+00 1.963495408493620871e-03
2.002179505862957853e+02 -5.776234458601069155e-02 7.596763753707331222e-04 0.000000000000000000e+00 1.963495408493620871e-03
2.004797538600406028e+02 -6.164979981700791090e-02 -1.013476609536682112e-04 0.000000000000000000e+00 1.963495408493620871e-03
2.006106548460465149e+02 -6.363877830014855186e-02 -5.210444559079270999e-04 0.000000000000000000e+00 1.963495408493620871e-03
2.008724597541796868e+02 -6.769541085213658105e-02 -1.291206294960534117e-03 0.000000000000000000e+00 1.963495408493620871e-03
2.010033614673398006e+02 -6.983572920184449861e-02 -1.633240579645013624e-03 0.000000000000000000e+00 1.963495408493620871e-03
2.012651678361017673e+02 -7.422631766163634293e-02 -2.202227592743341567e-03 0.000000000000000000e+00 1.963495408493620871e-03
2.013960704456661119e+02 -7.647077346541650278e-02 -2.418892017869163358e-03 0.000000000000000000e+00 1.963495408493620871e-03
2.016578787793660581e+02 -8.100897939541501502e-02 -2.681214184937113706e-03 0.000000000000000000e+00 1.963495408493620871e-03
2.017887823493182680e+02 -8.334894554274610567e-02 -2.724925922049092029e-03 0.000000000000000000e+00 1.963495408493620871e-03
2.020505925526056217e+02 -8.800801238938912863e-02 -2.630809898944245877e-03 0.000000000000000000e+00 1.963495408493620871e-03
2.021814970528418201e+02 -9.028925305647356181e-02 -2.492391902421192511e-03 0.000000000000000000e+00 1.963495408493620871e-03
2.024433089865585487e+02 -9.451617959727864893e-02 -2.030875409286275139e-03 0.000000000000000000e+00 1.963495408493620871e-03
2.025742142171870910e+02 -9.637722818094199284e-02 -1.716267207320252598e-03 0.000000000000000000e+00 1.963495408493620871e-03
2.028360273348649514e+02 -9.968322535829826636e-02 -9.485878842187276186e-04 0.000000000000000000e+00 1.963495408493620871e-03
2.029669330367846101e+02 -1.012776646730448871e-01 -5.034625246394005930e-04 0.000000000000000000e+00 1.963495408493620871e-03
2.032287469748181934e+02 -1.043268830397964808e-01 4.820119440492508451e-04 0.000000000000000000e+00 1.963495408493620871e-03
2.033596531251726276e+02 -1.058337148116312576e-01 1.007735467192482672e-03 0.000000000000000000e+00 1.963495408493620871e-03
2.036214680220729178e+02 -1.087306489974354529e-01 2.074904929405824681e-03 0.000000000000000000e+00 1.963495408493620871e-03
2.037523746818672805e+02 -1.101396522858958671e-01 2.602588496672880204e-03 0.000000000000000000e+00 1.963495408493620871e-03
2.040141905902300721e+02 -1.126794891483392513e-01 3.598920225189699597e-03 0.000000000000000000e+00 1.963495408493620871e-03
2.041450977222174288e+02 -1.137490673947346709e-01 4.054382078648009584e-03 0.000000000000000000e+00 1.963495408493620871e-03
2.044069144519676513e+02 -1.154924076145827372e-01 4.834693937571792055e-03 0.000000000000000000e+00 1.963495408493620871e-03
2.045378219138387408e+02 -1.162547602524399704e-01 5.147811395661096301e-03 0.000000000000000000e+00 1.963495408493620871e-03
2.047996391593480894e+02 -1.175744298046964842e-01 5.579808524792263802e-03 0.000000000000000000e+00 1.963495408493620871e-03
2.049305468385043980e+02 -1.182141518748454911e-01 5.692524721283015107e-03 0.000000000000000000e+00 1.963495408493620871e-03
2.051923644074404649e+02 -1.193942878698474319e-01 5.690365429318115092e-03 0.000000000000000000e+00 1.963495408493620871e-03
2.053232721862711401e+02 -1.199666612399311050e-01 5.575490129955782900e-03 0.000000000000000000e+00 1.963495408493620871e-03
2.055850898227527352e+02 -1.210080277392822368e-01 5.118262310474059815e-03 0.000000000000000000e+00 1.963495408493620871e-03
2.057159975816300062e+02 -1.215068998804882394e-01 4.783905666987125875e-03 0.000000000000000000e+00 1.963495408493620871e-03
2.059778150892719282e+02 -1.223936452037717448e-01 3.931178742087227188e-03 0.000000000000000000e+00 1.963495408493620871e-03
2.061087227682193372e+02 -1.228120077666407239e-01 3.422288518377692226e-03 0.000000000000000000e+00 1.963495408493620871e-03
2.063705401131438748e+02 -1.235340420990262977e-01 2.271977051300532076e-03 0.000000000000000000e+00 1.963495408493620871e-03
2.065014477437564153e+02 -1.238700526155246950e-01 1.647766839362513683e-03 0.000000000000000000e+00 1.963495408493620871e-03
2.067632650832395314e+02 -1.244292895133875809e-01 3.601399569328903386e-04 0.000000000000000000e+00 1.963495408493620871e-03
2.068941727890847346e+02 -1.246860278275768730e-01 -2.874330378958849137e-04 0.000000000000000000e+00 1.963495408493620871e-03
2.071559904114112953e+02 -1.250912118323313504e-01 -1.535943322361053116e-03 0.000000000000000000e+00 1.963495408493620871e-03
2.072868983232731921e+02 -1.252732341068897859e-01 -2.120491655304010663e-03 0.000000000000000000e+00 1.963495408493620871e-03
2.075487164273227449e+02 -1.255312224091999773e-01 -3.154225527725507475e-03 0.000000000000000000e+00 1.963495408493620871e-03
2.076796245910464620e+02 -1.256390831789371276e-01 -3.587640764670008749e-03 0.000000000000000000e+00 1.963495408493620871e-03
2.079414431470046338e+02 -1.257453275776422297e-01 -4.233815213196669668e-03 0.000000000000000000e+00 1.963495408493620871e-03
2.080723514785246095e+02 -1.257741371778342554e-01 -4.439089266365450759e-03 0.000000000000000000e+00 1.963495408493620871e-03
2.083341701949162541e+02 -1.257166495874906531e-01 -4.588587585023630108e-03 0.000000000000000000e+00 1.963495408493620871e-03
2.084650784976109890e+02 -1.256614178196804599e-01 -4.528940796632168614e-03 0.000000000000000000e+00 1.963495408493620871e-03
2.087268969252312729e+02 -1.254349244267053687e-01 -4.127805011306282315e-03 0.000000000000000000e+00 1.963495408493620871e-03
2.088578049774256442e+02 -1.252970912897305444e-01 -3.795924783795601339e-03 0.000000000000000000e+00 1.963495408493620871e-03
2.091196227481536312e+02 -1.249120060355009554e-01 -2.902410750250937997e-03 0.000000000000000000e+00 1.963495408493620871e-03
2.092505304494463019e+02 -1.246999693469716397e-01 -2.347961541525536190e-03 0.000000000000000000e+00 1.963495408493620871e-03
2.095123475397296886e+02 -1.241766199321971409e-01 -1.048273741420106472e-03 0.000000000000000000e+00 1.963495408493620871e-03
2.096432549703424115e+02 -1.239003562846535955e-01 -3.254575504542962100e-04 0.000000000000000000e+00 1.963495408493620871e-03
2.099050717011538438e+02 -1.232534776826376272e-01 1.189719537682268607e-03 0.000000000000000000e+00 1.963495408493620871e-03
2.100359790856014683e+02 -1.229145048908726889e-01 1.964661336546550535e-03 0.000000000000000000e+00 1.963495408493620871e-03
2.102977959670301971e+02 -1.221339642398778375e-01 3.489969705488957935e-03 0.000000000000000000e+00 1.963495408493620871e-03
2.104287035456761430e+02 -1.217198585272243339e-01 4.221130417965153828e-03 0.000000000000000000e+00 1.963495408493620871e-03
2.106905209568296868e+02 -1.207707417241261627e-01 5.555183826956155459e-03 0.000000000000000000e+00 1.963495408493620871e-03
2.108214288216014154e+02 -1.202623192564920146e-01 6.138852422117417607e-03 0.000000000000000000e+00 1.963495408493620871e-03
2.110832467256598477e+02 -1.191101836261185820e-01 7.074224108475872866e-03 0.000000000000000000e+00 1.963495408493620871e-03
2.112141547335275504e+02 -1.184970818878297721e-01 7.413625992737582319e-03 0.000000000000000000e+00 1.963495408493620871e-03
2.114759726346457853e+02 -1.171406582278954611e-01 7.794206881187994672e-03 0.000000000000000000e+00 1.963495408493620871e-03
2.116068804611020937e+02 -1.164355973903038466e-01 7.828537365887414112e-03 0.000000000000000000e+00 1.963495408493620871e-03
2.118686976438395959e+02 -1.149237544815925327e-01 7.562204140193845570e-03 0.000000000000000000e+00 1.963495408493620871e-03
2.119996049557766753e+02 -1.141603234200990885e-01 7.270190855782239503e-03 0.000000000000000000e+00 1.963495408493620871e-03
2.122614208904209931e+02 -1.125672744487117571e-01 6.397975135582109965e-03 0.000000000000000000e+00 1.963495408493620871e-03
2.123923275475372350e+02 -1.117784416339068221e-01 5.825367656435820329e-03 0.000000000000000000e+00 1.963495408493620871e-03
2.126541422317032755e+02 -1.101509247548557724e-01 4.433057367896365078e-03 0.000000000000000000e+00 1.963495408493620871e-03
2.127850483881203445e+02 -1.093434371833468394e-01 3.636185173350767880e-03 0.000000000000000000e+00 1.963495408493620871e-03
2.130468623848015568e+02 -1.076598762311702095e-01 1.918490631418301451e-03 0.000000000000000000e+00 1.963495408493620871e-03
2.131777684096050223e+02 -1.068046713348149851e-01 1.018503885851856743e-03 0.000000000000000000e+00 1.963495408493620871e-03
2.134395825220753977e+02 -1.049791523250408476e-01 -7.931154531445028764e-04 0.000000000000000000e+00 1.963495408493620871e-03
2.135704887761977204e+02 -1.040255228255608788e-01 -1.681460181954617461e-03 0.000000000000000000e+00 1.963495408493620871e-03
2.138323035491810913e+02 -1.019577276815290395e-01 -3.344366224670808092e-03 0.000000000000000000e+00 1.963495408493620871e-03
2.139632101555247345e+02 -1.008671324564464900e-01 -4.096167942604829644e-03 0.000000000000000000e+00 1.963495408493620871e-03
2.142250255104304699e+02 -9.851797150927851798e-02 -5.363506039995054667e-03 0.000000000000000000e+00 1.963495408493620871e-03
2.143559322542382688e+02 -9.729927679463756807e-02 -5.863563545875572630e-03 0.000000000000000000e+00 1.963495408493620871e-03
2.146177474706151429e+02 -9.474227803361455480e-02 -6.544211773514797652e-03 0.000000000000000000e+00 1.963495408493620871e-03
2.147486538884212166e+02 -9.345872403132211848e-02 -6.715942834964216610e-03 0.000000000000000000e+00 1.963495408493620871e-03
2.150104679581524465e+02 -9.085316097070027241e-02 -6.692421981723595259e-03 0.000000000000000000e+00 1.963495408493620871e-03
2.151413735888979488e+02 -8.958689982250817030e-02 -6.500367066393003893e-03 0.000000000000000000e+00 1.963495408493620871e-03
2.154031858047796106e+02 -8.707490300003224715e-02 -5.766618724240665100e-03 0.000000000000000000e+00 1.963495408493620871e-03
2.155340904855099780e+02 -8.586808594144670903e-02 -5.229391344858563481e-03 0.000000000000000000e+00 1.963495408493620871e-03
2.157959009221532085e+02 -8.346737181910406089e-02 -3.829491110171261842e-03 0.000000000000000000e+00 1.963495408493620871e-03
2.159268048977590979e+02 -8.229083149152544019e-02 -2.996109626128905939e-03 0.000000000000000000e+00 1.963495408493620871e-03
2.161886143680354166e+02 -7.987832897019624123e-02 -1.161505166771798804e-03 0.000000000000000000e+00 1.963495408493620871e-03
2.163195181423990618e+02 -7.864634535947492844e-02 -1.746792706050397451e-04 0.000000000000000000e+00 1.963495408493620871e-03
2.165813277158723622e+02 -7.602472171061427919e-02 1.889328183186373637e-03 0.000000000000000000e+00 1.963495408493620871e-03
2.167122317673264718e+02 -7.464063455374046752e-02 2.929901071026848845e-03 0.000000000000000000e+00 1.963495408493620871e-03
2.169740421654851446e+02 -7.165090137852378471e-02 4.904628674185939133e-03 0.000000000000000000e+00 1.963495408493620871e-03
2.171049466588511905e+02 -7.007229555040281332e-02 5.823520621289365005e-03 0.000000000000000000e+00 1.963495408493620871e-03
2.173667577922942655e+02 -6.671919813993260062e-02 7.472902918653759850e-03 0.000000000000000000e+00 1.963495408493620871e-03
2.174976624601436868e+02 -6.500242822025115164e-02 8.176892480941382046e-03 0.000000000000000000e+00 1.963495408493620871e-03
2.177594734207214628e+02 -6.149165281845323655e-02 9.254163238940543712e-03 0.000000000000000000e+00 1.963495408493620871e-03
2.178903776730919333e+02 -5.977498712058941510e-02 9.613658334260651028e-03 0.000000000000000000e+00 1.963495408493620871e-03
2.181521871913840585e+02 -5.640632806038996250e-02 9.928033786273233324e-03 0.000000000000000000e+00 1.963495408493620871e-03
2.182830904713865721e+02 -5.481915742606967290e-02 9.887859977080757160e-03 0.000000000000000000e+00 1.963495408493620871e-03
2.185448977253268197e+02 -5.177637882937689839e-02 9.429564981270063123e-03 0.000000000000000000e+00 1.963495408493620871e-03
2.186757998529106430e+02 -5.035195556672512202e-02 9.007736636052816881e-03 0.000000000000000000e+00 1.963495408493620871e-03
2.189376049319107551e+02 -4.758570425724267111e-02 7.766368803463510190e-03 0.000000000000000000e+00 1.963495408493620871e-03
2.190685061616156020e+02 -4.624396245023468244e-02 6.975194685825854973e-03 0.000000000000000000e+00 1.963495408493620871e-03
2.193303099421777915e+02 -4.350250529831537621e-02 5.147516563027913772e-03 0.000000000000000000e+00 1.963495408493620871e-03
2.194612108616587705e+02 -4.208476375242326678e-02 4.124913312067159457e-03 0.000000000000000000e+00 1.963495408493620871e-03
2.197230146292608595e+02 -3.903184087539850189e-02 1.909099804891732297e-03 0.000000000000000000e+00 1.963495408493620871e-03
2.198539158076328590e+02 -3.739193680874709075e-02 7.556771496034066574e-04 0.000000000000000000e+00 1.963495408493620871e-03
2.201157204517961361e+02 -3.381258530344574686e-02 -1.508157478445745249e-03 0.000000000000000000e+00 1.963495408493620871e-03
2.202466221486805011e+02 -3.190251174404053203e-02 -2.598215650383777289e-03 0.000000000000000000e+00 1.963495408493620871e-03
2.205084277362792022e+02 -2.784179397097316655e-02 -4.626053059533083087e-03 0.000000000000000000e+00 1.963495408493620871e-03
2.206393297058558858e+02 -2.576848260143867544e-02 -5.530411569385454418e-03 0.000000000000000000e+00 1.963495408493620871e-03
2.209011352911883819e+02 -2.157799260370374395e-02 -7.007543049360142468e-03 0.000000000000000000e+00 1.963495408493620871e-03
2.210320369105808993e+02 -1.956354180176179264e-02 -7.576583731600018863e-03 0.000000000000000000e+00 1.963495408493620871e-03
2.212938411439140225e+02 -1.570785343503073792e-02 -8.363082124220221764e-03 0.000000000000000000e+00 1.963495408493620871e-03
2.214247418165390400e+02 -1.394644286115147638e-02 -8.559468099551837891e-03 0.000000000000000000e+00 1.963495408493620871e-03
2.216865437420741500e+02 -1.069643630481679521e-02 -8.487664050284407513e-03 0.000000000000000000e+00 1.963495408493620871e-03
2.218174431549113876e+02 -9.239882274762131059e-03 -8.233579030493242898e-03 0.000000000000000000e+00 1.963495408493620871e-03
2.220792425741749412e+02 -6.526091879493137529e-03 -7.336580886816008312e-03 0.000000000000000000e+00 1.963495408493620871e-03
2.222101409072836020e+02 -5.250758341679134973e-03 -6.704351011187808379e-03 0.000000000000000000e+00 1.963495408493620871e-03
2.224719386666288017e+02 -2.678060176631388237e-03 -5.108398649533392455e-03 0.000000000000000000e+00 1.963495408493620871e-03
2.226028365304875933e+02 -1.333280519846829701e-03 -4.155354603097368912e-03 0.000000000000000000e+00 1.963495408493620871e-03
2.228646339893003017e+02 1.624981664353474312e-03 -1.975164047790557709e-03 0.000000000000000000e+00 1.963495408493620871e-03
2.229955319725698359e+02 3.260712164991614800e-03 -7.927557164732410011e-04 0.000000000000000000e+00 1.963495408493620871e-03
2.232573300659735764e+02 6.932347547790648074e-03 1.606075190449524851e-03 0.000000000000000000e+00 1.963495408493620871e-03
2.233882284847710196e+02 8.947596155988089134e-03 2.809234590578624062e-03 0.000000000000000000e+00 1.963495408493620871e-03
2.236500274769073258e+02 1.332838078490006933e-02 5.178299222213612885e-03 0.000000000000000000e+00 1.963495408493620871e-03
2.237809262356599618e+02 1.561021296370374706e-02 6.292727729227668397e-03 0.000000000000000000e+00 1.963495408493620871e-03
2.240427255424322937e+02 2.027803683944180008e-02 8.208081069475922295e-03 0.000000000000000000e+00 1.963495408493620871e-03
2.241736241999408890e+02 2.253633833599313907e-02 9.007423054690015182e-03 0.000000000000000000e+00 1.963495408493620871e-03
2.244354227199501963e+02 2.682671044824549988e-02 1.028407433324582745e-02 0.000000000000000000e+00 1.963495408493620871e-03
2.245663206683020121e+02 2.873678579839450409e-02 1.074073836134611243e-02 0.000000000000000000e+00 1.963495408493620871e-03
2.248281172621745441e+02 3.210103092753979759e-02 1.122119954615989623e-02 0.000000000000000000e+00 1.963495408493620871e-03
2.249590141013787559e+02 3.349459834509456446e-02 1.124502880305390182e-02 0.000000000000000000e+00 1.963495408493620871e-03
2.252208083977465662e+02 3.586254004973019049e-02 1.085996586853277268e-02 0.000000000000000000e+00 1.963495408493620871e-03
2.253517042073446248e+02 3.687124710146469364e-02 1.046082659218054017e-02 0.000000000000000000e+00 1.963495408493620871e-03
2.256134967649404928e+02 3.876319340010106473e-02 9.282147972593732255e-03 0.000000000000000000e+00 1.963495408493620871e-03
2.257443919283259106e+02 3.972026064383561705e-02 8.516706822124953807e-03 0.000000000000000000e+00 1.963495408493620871e-03
2.260061836499313017e+02 4.187372568217793967e-02 6.681081025455979511e-03 0.000000000000000000e+00 1.963495408493620871e-03
2.261370786424755295e+02 4.313582118567205193e-02 5.625126896254495357e-03 0.000000000000000000e+00 1.963495408493620871e-03
2.263988703759919190e+02 4.616299299240501919e-02 3.284940966377209240e-03 0.000000000000000000e+00 1.963495408493620871e-03
2.265297654660190858e+02 4.793563437238411440e-02 2.037596432323235396e-03 0.000000000000000000e+00 1.963495408493620871e-03
2.267915574723730003e+02 5.202494171587293548e-02 -4.871766171275688541e-04 0.000000000000000000e+00 1.963495408493620871e-03
2.269224526844023444e+02 5.427976153380374702e-02 -1.729270362310168178e-03 0.000000000000000000e+00 1.963495408493620871e-03
2.271842448353939687e+02 5.912841901391208133e-02 -4.053652262018411778e-03 0.000000000000000000e+00 1.963495408493620871e-03
2.273151400395975656e+02 6.159097232279342471e-02 -5.114630918284943095e-03 0.000000000000000000e+00 1.963495408493620871e-03
2.275769318323068546e+02 6.642862449374570266e-02 -6.962121529861114121e-03 0.000000000000000000e+00 1.963495408493620871e-03
2.277078265786823579e+02 6.862000765985754036e-02 -7.715755786275294362e-03 0.000000000000000000e+00 1.963495408493620871e-03
2.279696172578003939e+02 7.245133842571152560e-02 -8.771833534757845358e-03 0.000000000000000000e+00 1.963495408493620871e-03
2.281005116342199983e+02 7.395856154233904078e-02 -9.094378157306303584e-03 0.000000000000000000e+00 1.963495408493620871e-03
2.283623017105377642e+02 7.622723524049376809e-02 -9.396081398522333761e-03 0.000000000000000000e+00 1.963495408493620871e-03
2.284931956862683364e+02 7.696817925493568135e-02 -9.353035373193964441e-03 0.000000000000000000e+00 1.963495408493620871e-03
2.287549848504197882e+02 7.793206917861644767e-02 -8.804138168915200818e-03 0.000000000000000000e+00 1.963495408493620871e-03
2.288858784106482176e+02 7.826361779176876921e-02 -8.324207582073354927e-03 0.000000000000000000e+00 1.963495408493620871e-03
2.291476668111379240e+02 7.893453960152768678e-02 -7.040780378187293936e-03 0.000000000000000000e+00 1.963495408493620871e-03
2.292785600214283761e+02 7.940066843876233960e-02 -6.232494601664567008e-03 0.000000000000000000e+00 1.963495408493620871e-03
2.295403477124106075e+02 8.082360184579820417e-02 -4.266658979609471228e-03 0.000000000000000000e+00 1.963495408493620871e-03
2.296712405225158307e+02 8.185096868582342200e-02 -3.141749393020303038e-03 0.000000000000000000e+00 1.963495408493620871e-03
2.299330271941402373e+02 8.463941271456784654e-02 -7.183571342075836114e-04 0.000000000000000000e+00 1.963495408493620871e-03
2.300639193055230862e+02 8.638656182032075637e-02 5.478436055885793979e-04 0.000000000000000000e+00 1.963495408493620871e-03
2.303257043868472351e+02 9.057047604877013769e-02 3.079961029464898820e-03 0.000000000000000000e+00 1.963495408493620871e-03
2.304565957539079193e+02 9.291733698317217183e-02 4.322733978929848252e-03 0.000000000000000000e+00 1.963495408493620871e-03
2.307183791158570330e+02 9.793979088722806758e-02 6.683136931888569027e-03 0.000000000000000000e+00 1.963495408493620871e-03
2.308492692786543046e+02 1.004158048606037523e-01 7.761383363587122386e-03 0.000000000000000000e+00 1.963495408493620871e-03
2.311110509557768466e+02 1.051341339619398518e-01 9.580470198356807326e-03 0.000000000000000000e+00 1.963495408493620871e-03
2.312419416836162327e+02 1.071988881862875331e-01 1.031544293430529391e-02 0.000000000000000000e+00 1.963495408493620871e-03
2.315037261602916772e+02 1.105143815487849568e-01 1.141606731439402320e-02 0.000000000000000000e+00 1.963495408493620871e-03
2.316346182589566070e+02 1.115416208192759051e-01 1.177041579561820261e-02 0.000000000000000000e+00 1.963495408493620871e-03
2.318964051859475717e+02 1.124518660657228553e-01 1.204871912262699130e-02 0.000000000000000000e+00 1.963495408493620871e-03
2.320272983009290613e+02 1.123539853029386359e-01 1.198074363199402859e-02 0.000000000000000000e+00 1.963495408493620871e-03
2.322890868167069129e+02 1.114873353041135051e-01 1.145775319692493577e-02 0.000000000000000000e+00 1.963495408493620871e-03
2.324199805065364046e+02 1.109409769030014481e-01 1.099558104496096630e-02 0.000000000000000000e+00 1.963495408493620871e-03
2.326817694667329590e+02 1.100156232735561568e-01 9.645687725353613989e-03 0.000000000000000000e+00 1.963495408493620871e-03
2.328126628420741895e+02 1.098142536794762536e-01 8.774283228237662186e-03 0.000000000000000000e+00 1.963495408493620871e-03
2.330744499675301142e+02 1.101583991287537201e-01 6.694063365446787511e-03 0.000000000000000000e+00 1.963495408493620871e-03
2.332053417408696987e+02 1.107668418278672795e-01 5.502440214710435998e-03 0.000000000000000000e+00 1.963495408493620871e-03
2.334671241786437577e+02 1.129034162590543400e-01 2.874880103357330303e-03 0.000000000000000000e+00 1.963495408493620871e-03
2.335980127924720762e+02 1.143789221003558287e-01 1.495757115301843063e-03 0.000000000000000000e+00 1.963495408493620871e-03
2.338597878569671025e+02 1.180678696083053425e-01 -1.200033740047894149e-03 0.000000000000000000e+00 1.963495408493620871e-03
2.339906726863382289e+02 1.201513111729721472e-01 -2.508408395402277058e-03 0.000000000000000000e+00 1.963495408493620871e-03
2.342524416198479855e+02 1.247068495326698889e-01 -5.017510267373150729e-03 0.000000000000000000e+00 1.963495408493620871e-03
2.343833252544358743e+02 1.270468809760555706e-01 -6.190872781698969485e-03 0.000000000000000000e+00 1.963495408493620871e-03
2.346450957715591130e+02 1.316310889755243352e-01 -8.281763742176560805e-03 0.000000000000000000e+00 1.963495408493620871e-03
2.347759822949278998e+02 1.336518689993879683e-01 -9.175726282635621872e-03 0.000000000000000000e+00 1.963495408493620871e-03
2.350377615800336457e+02 1.367622311548966907e-01 -1.058016147740017954e-02 0.000000000000000000e+00 1.963495408493620871e-03
2.351686531670280544e+02 1.375184437048793673e-01 -1.107278913903383261e-02 0.000000000000000000e+00 1.963495408493620871e-03
2.354304424936588873e+02 1.374369135990694268e-01 -1.157793815812777072e-02 0.000000000000000000e+00 1.963495408493620871e-03
2.355613381341369745e+02 1.365494001685314263e-01 -1.156812984169581365e-02 0.000000000000000000e+00 1.963495408493620871e-03
2.358231338514744664e+02 1.337823528081047431e-01 -1.094788721729428316e-02 0.000000000000000000e+00 1.963495408493620871e-03
2.359540320582663639e+02 1.323188970924885077e-01 -1.037438319413850479e-02 0.000000000000000000e+00 1.963495408493620871e-03
2.362158306266305772e+02 1.297416498189990497e-01 -8.826677843337914914e-03 0.000000000000000000e+00 1.963495408493620871e-03
2.363467283513240602e+02 1.288707656026995552e-01 -7.839178059477272531e-03 0.000000000000000000e+00 1.963495408493620871e-03
2.366085211268303965e+02 1.280462572185109560e-01 -5.392123182757271524e-03 0.000000000000000000e+00 1.963495408493620871e-03
2.367394128700027238e+02 1.280483682601734063e-01 -3.974052220680009476e-03 0.000000000000000000e+00 1.963495408493620871e-03
2.370011887548990046e+02 1.288415151613403475e-01 -8.907189628321167483e-04 0.000000000000000000e+00 1.963495408493620871e-03
2.371320705343015334e+02 1.295264967702619563e-01 7.339942015526313215e-04 0.000000000000000000e+00 1.963495408493620871e-03
2.373938267195512424e+02 1.314980527687287792e-01 4.010778500138433705e-03 0.000000000000000000e+00 1.963495408493620871e-03
2.375247010321113521e+02 1.327302652270675454e-01 5.644215224063296732e-03 0.000000000000000000e+00 1.963495408493620871e-03
2.377864489758836157e+02 1.357322537621946934e-01 8.836989147804830830e-03 0.000000000000000000e+00 1.963495408493620871e-03
2.379173237418773681e+02 1.374581013404201635e-01 1.035348791873424296e-02 0.000000000000000000e+00 1.963495408493620871e-03
2.381790802977313888e+02 1.411911556195071804e-01 1.307977526502222126e-02 0.000000000000000000e+00 1.963495408493620871e-03
2.383099621570769671e+02 1.430043034800907442e-01 1.425445339010238816e-02 0.000000000000000000e+00 1.963495408493620871e-03
2.385717370122684144e+02 1.460645566520729355e-01 1.610648534014864214e-02 0.000000000000000000e+00 1.963495408493620871e-03
2.387026291777373217e+02 1.469273504938196084e-01 1.675847524680625783e-02 0.000000000000000000e+00 1.963495408493620871e-03
2.389644266120765224e+02 1.470522340869289679e-01 1.742757394544693778e-02 0.000000000000000000e+00 1.963495408493620871e-03
2.390953308913173885e+02 1.460825886192120837e-01 1.740684856780267548e-02 0.000000000000000000e+00 1.963495408493620871e-03
2.393571509672854063e+02 1.429384662282506546e-01 1.652566834183069600e-02 0.000000000000000000e+00 1.963495408493620871e-03
2.394880634529211250e+02 1.413062225191329957e-01 1.568614604445426122e-02 0.000000000000000000e+00 1.963495408493620871e-03
2.397498893918501892e+02 1.382969270118342142e-01 1.328180717285691592e-02 0.000000000000000000e+00 1.963495408493620871e-03
2.398807966153186157e+02 1.370534846591269229e-01 1.177353601765455601e-02 0.000000000000000000e+00 1.963495408493620871e-03
2.401425972386733463e+02 1.349639675462096511e-01 8.339001643639610759e-03 0.000000000000000000e+00 1.963495408493620871e-03
2.402734857794998220e+02 1.339346513233615754e-01 6.407634666856536730e-03 0.000000000000000000e+00 1.963495408493620871e-03
2.405352433324934509e+02 1.320555014475111033e-01 2.099892046245724168e-03 0.000000000000000000e+00 1.963495408493620871e-03
2.406661119072294071e+02 1.312444827654639379e-01 -2.141182858789968113e-04 0.000000000000000000e+00 1.963495408493620871e-03
2.409278379934799545e+02 1.301518158207223275e-01 -4.948334715271066747e-03 0.000000000000000000e+00 1.963495408493620871e-03
2.410586985403194547e+02 1.299794123564932957e-01 -7.331535652199860226e-03 0.000000000000000000e+00 1.963495408493620871e-03
2.413204217816349058e+02 1.302343720049468634e-01 -1.200233461804926793e-02 0.000000000000000000e+00 1.963495408493620871e-03
2.414512857434741022e+02 1.304684464628191876e-01 -1.418874170669928020e-02 0.000000000000000000e+00 1.963495408493620871e-03
2.417130226097928301e+02 1.308188756655757623e-01 -1.791491630621638853e-02 0.000000000000000000e+00 1.963495408493620871e-03
2.418438949534489666e+02 1.306398069368544523e-01 -1.940253054985324049e-02 0.000000000000000000e+00 1.963495408493620871e-03
2.421056584717611031e+02 1.304788809476680189e-01 -2.144716435721363140e-02 0.000000000000000000e+00 1.963495408493620871e-03
2.422365540474521310e+02 1.310901208516071503e-01 -2.198481940814896868e-02 0.000000000000000000e+00 1.963495408493620871e-03
2.424983789418926392e+02 1.336339514401246320e-01 -2.202427526162401353e-02 0.000000000000000000e+00 1.963495408493620871e-03
2.426293087133413451e+02 1.353986948693164383e-01 -2.151656211820470593e-02 0.000000000000000000e+00 1.963495408493620871e-03
2.428911901383348493e+02 1.385822127777192880e-01 -1.941457142086863707e-02 0.000000000000000000e+00 1.963495408493620871e-03
2.430221291023261188e+02 1.389844473677286363e-01 -1.785283623712856024e-02 0.000000000000000000e+00 1.963495408493620871e-03
2.432839927983508801e+02 1.376766901794612141e-01 -1.382105113063924161e-02 0.000000000000000000e+00 1.963495408493620871e-03
2.434149073627035307e+02 1.361480075462465633e-01 -1.137522602994478493e-02 0.000000000000000000e+00 1.963495408493620871e-03
2.436767017102289969e+02 1.317994482408431089e-01 -5.707385022092855906e-03 0.000000000000000000e+00 1.963495408493620871e-03
2.438075786017280109e+02 1.292045215530682190e-01 -2.530866507159938716e-03 0.000000000000000000e+00 1.963495408493620871e-03
2.440693031560134898e+02 1.241168298289899025e-01 4.350655562334552334e-03 0.000000000000000000e+00 1.963495408493620871e-03
2.442001555881824402e+02 1.221922693576167479e-01 7.962769372982632377e-03 0.000000000000000000e+00 1.963495408493620871e-03
2.444618518867332853e+02 1.195253963116603702e-01 1.520919377056258182e-02 0.000000000000000000e+00 1.963495408493620871e-03
2.445926998469495857e+02 1.186170344075418853e-01 1.872032914678264937e-02 0.000000000000000000e+00 1.963495408493620871e-03
2.448543922304412490e+02 1.142581958936942088e-01 2.509231145429545451e-02 0.000000000000000000e+00 1.963495408493620871e-03
2.449852307673852181e+02 1.083410510168783397e-01 2.787036361107697591e-02 0.000000000000000000e+00 1.963495408493620871e-03
2.452469132187147807e+02 9.211017815078412219e-02 3.232442367957992502e-02 0.000000000000000000e+00 1.963495408493620871e-03
2.453777690510833338e+02 8.411653334236077195e-02 3.388355673501228238e-02 0.000000000000000000e+00 1.963495408493620871e-03
2.456395416459305068e+02 7.548365591894176663e-02 3.525899357188287675e-02 0.000000000000000000e+00 1.963495408493620871e-03
2.457704766209055833e+02 7.963267472680432557e-02 3.509560450943243620e-02 0.000000000000000000e+00 1.963495408493620871e-03
2.460324144204818424e+02 9.857905025190702442e-02 3.313832706602407724e-02 0.000000000000000000e+00 1.963495408493620871e-03
2.461633912428292774e+02 1.084183071798227038e-01 3.137150900584628754e-02 0.000000000000000000e+00 1.963495408493620871e-03
2.464253414173188048e+02 1.246708824996589082e-01 2.635697347608352906e-02 0.000000000000000000e+00 1.963495408493620871e-03
2.465562997525916273e+02 1.284705017769405266e-01 2.313342325233490315e-02 0.000000000000000000e+00 1.963495408493620871e-03
2.468181747794389764e+02 1.288020145253299664e-01 1.533806177312551158e-02 0.000000000000000000e+00 1.963495408493620871e-03
2.469490834668080197e+02 1.264402167302446645e-01 1.085263364018362181e-02 0.000000000000000000e+00 1.963495408493620871e-03
2.472108476267272010e+02 1.180115768958735767e-01 1.003532033680427926e-03 0.000000000000000000e+00 1.963495408493620871e-03
2.473417035024338588e+02 1.127224552885802977e-01 -4.234092265321280635e-03 0.000000000000000000e+00 1.963495408493620871e-03
2.476033690432086019e+02 9.876075313724490268e-02 -1.490099973809622114e-02 0.000000000000000000e+00 1.963495408493620871e-03
2.477341798203605947e+02 8.907090459464205023e-02 -2.016237322035625834e-02 0.000000000000000000e+00 1.963495408493620871e-03
2.479957804136469690e+02 6.620405533692105826e-02 -2.996033088166615010e-02 0.000000000000000000e+00 1.963495408493620871e-03
2.481265833531917622e+02 5.440363879330359365e-02 -3.434937861477985188e-02 0.000000000000000000e+00 1.963495408493620871e-03
2.483882338328393473e+02 3.685563129770484669e-02 -4.159318818972036758e-02 0.000000000000000000e+00 1.963495408493620871e-03
2.485191051651462431e+02 3.574967752602090099e-02 -4.432850725393663871e-02 0.000000000000000000e+00 1.963495408493620871e-03
2.487809238421163229e+02 4.232335346885032767e-02 -4.760510575265873567e-02 0.000000000000000000e+00 1.963495408493620871e-03
2.489118544727621725e+02 4.486965256208796243e-02 -4.811136549403526030e-02 0.000000000000000000e+00 1.963495408493620871e-03
2.491737602960877211e+02 5.151806164293502854e-02 -4.673938492308730985e-02 0.000000000000000000e+00 1.963495408493620871e-03
2.493047349920665567e+02 5.814315091847584160e-02 -4.486341189537650792e-02 0.000000000000000000e+00 1.963495408493620871e-03
2.495667102982253596e+02 7.470500502223838268e-02 -3.874136999185136959e-02 0.000000000000000000e+00 1.963495408493620871e-03
2.496976949637007408e+02 8.199801406224561939e-02 -3.455487859361545955e-02 0.000000000000000000e+00 1.963495408493620871e-03
2.499596319045183179e+02 9.016020284539144614e-02 -2.413906233185700301e-02 0.000000000000000000e+00 1.963495408493620871e-03
2.500905633899369036e+02 8.801349840658703738e-02 -1.802800561254242623e-02 0.000000000000000000e+00 1.963495408493620871e-03
2.503523443814798668e+02 7.250602231185523938e-02 -4.406327850537777174e-03 0.000000000000000000e+00 1.963495408493620871e-03
2.504831866323117424e+02 6.018387807902021019e-02 2.913318636503195447e-03 0.000000000000000000e+00 1.963495408493620871e-03
2.507448255379730426e+02 3.343274618865751946e-02 1.791469464245699916e-02 0.000000000000000000e+00 1.963495408493620871e-03
2.508756556328785621e+02 2.379835051541241697e-02 2.538082591827968415e-02 0.000000000000000000e+00 1.963495408493620871e-03
2.511373384399246049e+02 1.169177769605868333e-02 3.948881721430606839e-02 0.000000000000000000e+00 1.963495408493620871e-03
2.512681865364735927e+02 8.530535185815703650e-03 4.592155340392388430e-02 0.000000000000000000e+00 1.963495408493620871e-03
2.515299073286207943e+02 9.296005823039119043e-03 5.681695421772220422e-02 0.000000000000000000e+00 1.963495408493620871e-03
2.516607855771055711e+02 1.414946792875475257e-02 6.111056613430469742e-02 0.000000000000000000e+00 1.963495408493620871e-03
2.519225814479785299e+02 2.981465154877464829e-02 6.679769692035913975e-02 0.000000000000000000e+00 1.963495408493620871e-03
2.520534981599926994e+02 3.835232260021022993e-02 6.811430587135286485e-02 0.000000000000000000e+00 1.963495408493620871e-03
2.523153697688309194e+02 5.315491624052698372e-02 6.742581679362183444e-02 0.000000000000000000e+00 1.963495408493620871e-03
2.524463219704494747e+02 5.690929411242177938e-02 6.543180550740471113e-02 0.000000000000000000e+00 1.963495408493620871e-03
2.527082490250458875e+02 5.728828124379285736e-02 5.818463992358981207e-02 0.000000000000000000e+00 1.963495408493620871e-03
2.528392135705571491e+02 5.415606894763461132e-02 5.298416522770423021e-02 0.000000000000000000e+00 1.963495408493620871e-03
2.531011233326616150e+02 4.111730074812333657e-02 3.961416406662951473e-02 0.000000000000000000e+00 1.963495408493620871e-03
2.532320508676468194e+02 3.100006050589930451e-02 3.161037707515065853e-02 0.000000000000000000e+00 1.963495408493620871e-03
2.534938852043263751e+02 1.107746250285858609e-02 1.353488288432069461e-02 0.000000000000000000e+00 1.963495408493620871e-03
2.536248141078916376e+02 6.485945650689177791e-03 3.709838783287330854e-03 0.000000000000000000e+00 1.963495408493620871e-03
2.538866727480970553e+02 6.222511821502404311e-03 -1.665402815477649845e-02 0.000000000000000000e+00 1.963495408493620871e-03
2.540175817937402769e+02 8.761115554878325454e-03 -2.688419577669910743e-02 0.000000000000000000e+00 1.963495408493620871e-03
2.542793409762227554e+02 1.445719650527193222e-02 -4.637961832617772118e-02 0.000000000000000000e+00 1.963495408493620871e-03
2.544101773873421735e+02 1.438786280171078583e-02 -5.534366530710900511e-02 0.000000000000000000e+00 1.963495408493620871e-03
2.546718054677870953e+02 1.306352382062035515e-02 -7.067008813018491042e-02 0.000000000000000000e+00 1.963495408493620871e-03
2.548026251508684368e+02 1.529786653125262026e-02 -7.681394392405152538e-02 0.000000000000000000e+00 1.963495408493620871e-03
2.550643017532243562e+02 2.382445284755485906e-02 -8.529764558522050233e-02 0.000000000000000000e+00 1.963495408493620871e-03
2.551951719211067200e+02 2.852096071955467771e-02 -8.755353001438836991e-02 0.000000000000000000e+00 1.963495408493620871e-03
2.554569790301179637e+02 3.738339950974570863e-02 -8.779945211164329189e-02 0.000000000000000000e+00 1.963495408493620871e-03
2.555879139374577278e+02 4.060649231535477799e-02 -8.576607002674613289e-02 0.000000000000000000e+00 1.963495408493620871e-03
2.558498234864105996e+02 4.033202321290889347e-02 -7.730814030125637837e-02 0.000000000000000000e+00 1.963495408493620871e-03
2.559807787646541328e+02 3.377038891226036982e-02 -7.095447986001368612e-02 0.000000000000000000e+00 1.963495408493620871e-03
2.562427187619699680e+02 1.464747193419719748e-02 -5.424296915922172113e-02 0.000000000000000000e+00 1.963495408493620871e-03
2.563737216963976380e+02 7.075207117337080180e-03 -4.409418951517098811e-02 0.000000000000000000e+00 1.963495408493620871e-03
2.566357696701811051e+02 -1.900372694351082706e-03 -2.094258344993317825e-02 0.000000000000000000e+00 1.963495408493620871e-03
2.567667932222722698e+02 -2.270008240604928784e-03 -8.280059799131933573e-03 0.000000000000000000e+00 1.963495408493620871e-03
2.570287934193042929e+02 3.769936648695471678e-03 1.804815665816744685e-02 0.000000000000000000e+00 1.963495408493620871e-03
2.571597365295009467e+02 8.992435150445034914e-03 3.131335248259464743e-02 0.000000000000000000e+00 1.963495408493620871e-03
2.574214909702209297e+02 1.967461469717626810e-02 5.668893499691973759e-02 0.000000000000000000e+00 1.963495408493620871e-03
2.575522902362755531e+02 2.226745024093637268e-02 6.843950622089864377e-02 0.000000000000000000e+00 1.963495408493620871e-03
2.578137866739152173e+02 2.341344258655728844e-02 8.884658615801097059e-02 0.000000000000000000e+00 1.963495408493620871e-03
2.579445207381745035e+02 2.318369084368152033e-02 9.723841453271224455e-02 0.000000000000000000e+00 1.963495408493620871e-03
2.582060164978267949e+02 2.156807756933596526e-02 1.094771105483315354e-01 0.000000000000000000e+00 1.963495408493620871e-03
2.583368122368955255e+02 2.033081306422513876e-02 1.131461766522896262e-01 0.000000000000000000e+00 1.963495408493620871e-03
2.585985059574532556e+02 1.568478752012798794e-02 1.149591953308119474e-01 0.000000000000000000e+00 1.963495408493620871e-03
2.587294028273809658e+02 1.124741570016118096e-02 1.130442723804244431e-01 0.000000000000000000e+00 1.963495408493620871e-03
2.589912942670635516e+02 -5.596294154473898871e-04 1.033695503116746628e-01 0.000000000000000000e+00 1.963495408493620871e-03
2.591222840890587236e+02 -7.020042939313402008e-03 9.570699566603421693e-02 0.000000000000000000e+00 1.963495408493620871e-03
2.593843794410905730e+02 -1.423899367536184124e-02 7.507103997318749500e-02 0.000000000000000000e+00 1.963495408493620871e-03
2.595155012815279179e+02 -1.038207734686424216e-02 6.241458629495936355e-02 0.000000000000000000e+00 1.963495408493620871e-03
2.597778096401238486e+02 5.767953746981518449e-03 3.354104002911082599e-02 0.000000000000000000e+00 1.963495408493620871e-03
2.599089328494606548e+02 1.304092950510245957e-02 1.772982370408385938e-02 0.000000000000000000e+00 1.963495408493620871e-03
2.601710675732335289e+02 2.587476957584754905e-02 -1.527259661708267602e-02 0.000000000000000000e+00 1.963495408493620871e-03
2.603020460510821863e+02 3.165058845825858419e-02 -3.198355911943331908e-02 0.000000000000000000e+00 1.963495408493620871e-03
2.605637901141323027e+02 3.904407219740249624e-02 -6.422012390537615301e-02 0.000000000000000000e+00 1.963495408493620871e-03
2.606945315338070941e+02 3.858708754545130126e-02 -7.929399135197748305e-02 0.000000000000000000e+00 1.963495408493620871e-03
2.609558286042205850e+02 3.056380162087936336e-02 -1.058536450258059092e-01 0.000000000000000000e+00 1.963495408493620871e-03
2.610864379175728232e+02 2.400250852818458513e-02 -1.169707841532476866e-01 0.000000000000000000e+00 1.963495408493620871e-03
2.613476764652534712e+02 7.839359655641179106e-03 -1.336054604314933503e-01 0.000000000000000000e+00 1.963495408493620871e-03
2.614783688352940771e+02 -4.454964427537981206e-04 -1.388800255454759047e-01 0.000000000000000000e+00 1.963495408493620871e-03
2.617399189351905306e+02 -1.905175217256521725e-02 -1.424822729839122226e-01 0.000000000000000000e+00 1.963495408493620871e-03
2.618707822861080103e+02 -3.073339178448203368e-02 -1.407488627491081390e-01 0.000000000000000000e+00 1.963495408493620871e-03
2.621327009391403067e+02 -5.109360140101931735e-02 -1.300018272441918477e-01 0.000000000000000000e+00 1.963495408493620871e-03
2.622637636420097920e+02 -5.423042611746926867e-02 -1.211176330467488294e-01 0.000000000000000000e+00 1.963495408493620871e-03
2.625260692485207983e+02 -4.484888698707967247e-02 -9.679320443606451163e-02 0.000000000000000000e+00 1.963495408493620871e-03
2.626572893124661050e+02 -3.180837725268843841e-02 -8.168125483398117059e-02 0.000000000000000000e+00 1.963495408493620871e-03
2.629198016932049882e+02 5.307951224760086399e-03 -4.670324935084432805e-02 0.000000000000000000e+00 1.963495408493620871e-03
2.630510486621953419e+02 2.526816783706113678e-02 -2.734122395105175254e-02 0.000000000000000000e+00 1.963495408493620871e-03
2.633134239935503160e+02 6.236280682594451397e-02 1.342497178741106079e-02 0.000000000000000000e+00 1.963495408493620871e-03
2.634444827460264946e+02 7.579954485564510680e-02 3.422210656568311360e-02 0.000000000000000000e+00 1.963495408493620871e-03
2.637062736087552821e+02 8.760027599733537229e-02 7.466193183219185792e-02 0.000000000000000000e+00 1.963495408493620871e-03
2.638369604423486408e+02 8.280463110888780509e-02 9.372320975703221646e-02 0.000000000000000000e+00 1.963495408493620871e-03
2.640980132850244786e+02 5.501578968798224306e-02 1.276512685070596564e-01 0.000000000000000000e+00 1.963495408493620871e-03
2.642284498078225283e+02 3.452674021854178210e-02 1.420326416636716882e-01 0.000000000000000000e+00 1.963495408493620871e-03
2.644893218021363168e+02 -1.240735810134891218e-02 1.639718845866135200e-01 0.000000000000000000e+00 1.963495408493620871e-03
2.646198764592339217e+02 -3.399175938529953866e-02 1.712315199170218738e-01 0.000000000000000000e+00 1.963495408493620871e-03
2.648812749496860306e+02 -6.936013071708838074e-02 1.772518559256771598e-01 0.000000000000000000e+00 1.963495408493620871e-03
2.650121433654378507e+02 -8.077945179665213526e-02 1.759036119546862897e-01 0.000000000000000000e+00 1.963495408493620871e-03
2.652741846341004361e+02 -8.854506720109908691e-02 1.641157380444923652e-01 0.000000000000000000e+00 1.963495408493620871e-03
2.654053284460570126e+02 -8.335358782377570719e-02 1.538360620159148762e-01 0.000000000000000000e+00 1.963495408493620871e-03
2.656677964604850786e+02 -5.862996617538575317e-02 1.250877843939397494e-01 0.000000000000000000e+00 1.963495408493620871e-03
2.657990729972229929e+02 -4.203366759027384741e-02 1.070294697467855660e-01 0.000000000000000000e+00 1.963495408493620871e-03
2.660616783107891479e+02 -2.006631123829924652e-04 6.495696609253941156e-02 0.000000000000000000e+00 1.963495408493620871e-03
2.661929840621621679e+02 2.525679831278285215e-02 4.153311698731594614e-02 0.000000000000000000e+00 1.963495408493620871e-03
2.664555254919741287e+02 7.896458957830952696e-02 -8.098486700291424034e-03 0.000000000000000000e+00 1.963495408493620871e-03
2.665867062221167885e+02 1.027244856611849722e-01 -3.358187741161433593e-02 0.000000000000000000e+00 1.963495408493620871e-03
2.668487073860508190e+02 1.312463719401374129e-01 -8.350910391516161435e-02 0.000000000000000000e+00 1.963495408493620871e-03
2.669794037981406518e+02 1.273788910689746812e-01 -1.071942064738355682e-01 0.000000000000000000e+00 1.963495408493620871e-03
2.672402858780444035e+02 8.611577056648214712e-02 -1.496535560915038809e-01 0.000000000000000000e+00 1.963495408493620871e-03
2.673705488681011389e+02 5.134819833427380770e-02 -1.678227301069082356e-01 0.000000000000000000e+00 1.963495408493620871e-03
2.676310263246411409e+02 -3.007892662180448873e-02 -1.960131777909892570e-01 0.000000000000000000e+00 1.963495408493620871e-03
2.677614508169265832e+02 -6.545918080869761457e-02 -2.056610112579401739e-01 0.000000000000000000e+00 1.963495408493620871e-03
2.680227173694745488e+02 -1.164631468020058958e-01 -2.146690421482899680e-01 0.000000000000000000e+00 1.963495408493620871e-03
2.681535734061110361e+02 -1.265949665832166171e-01 -2.139066296889113594e-01 0.000000000000000000e+00 1.963495408493620871e-03
2.684156639256371477e+02 -1.195300897833530551e-01 -2.014350342465353327e-01 0.000000000000000000e+00 1.963495408493620871e-03
2.685468464460814744e+02 -1.053340267879084163e-01 -1.898725986198959992e-01 0.000000000000000000e+00 1.963495408493620871e-03
2.688094070264548350e+02 -6.320547229268284883e-02 -1.566390756459088984e-01 0.000000000000000000e+00 1.963495408493620871e-03
2.689407299274217280e+02 -4.051617071283522553e-02 -1.354155438321372196e-01 0.000000000000000000e+00 1.963495408493620871e-03
2.692034134958806817e+02 7.328647766149911508e-03 -8.529772088232397131e-02 0.000000000000000000e+00 1.963495408493620871e-03
2.693347413918506845e+02 3.222112612161544265e-02 -5.715971699606296752e-02 0.000000000000000000e+00 1.963495408493620871e-03
2.695973268239480944e+02 8.324126302267745303e-02 2.745858308633150613e-03 0.000000000000000000e+00 1.963495408493620871e-03
2.697285532660067133e+02 1.087466827835746608e-01 3.364022163413285527e-02 0.000000000000000000e+00 1.963495408493620871e-03
2.699906488248730057e+02 1.403849693172096180e-01 9.443088072162947322e-02 0.000000000000000000e+00 1.963495408493620871e-03
2.701213614029480823e+02 1.331041741297108727e-01 1.233879172910234412e-01 0.000000000000000000e+00 1.963495408493620871e-03
2.703822162643352840e+02 7.652252884977853165e-02 1.755581940172359912e-01 0.000000000000000000e+00 1.963495408493620871e-03
2.705124386743585774e+02 3.117410026322067762e-02 1.980429568684122232e-01 0.000000000000000000e+00 1.963495408493620871e-03
2.707728106827265151e+02 -6.874712156118806261e-02 2.333915741961354318e-01 0.000000000000000000e+00 1.963495408493620871e-03
2.709031913435977117e+02 -1.062268481916814888e-01 2.458230463277878419e-01 0.000000000000000000e+00 1.963495408493620871e-03
2.711643703491357655e+02 -1.529230836081219014e-01 2.585711659531932938e-01 0.000000000000000000e+00 1.963495408493620871e-03
2.712951699956229277e+02 -1.611689191127311793e-01 2.586731298539997614e-01 0.000000000000000000e+00 1.963495408493620871e-03
2.715571446136720510e+02 -1.512505324417356412e-01 2.455966031155764340e-01 0.000000000000000000e+00 1.963495408493620871e-03
2.716882845306056993e+02 -1.359970519306246961e-01 2.325485900230573888e-01 0.000000000000000000e+00 1.963495408493620871e-03
2.719507886779460364e+02 -9.244167426403099297e-02 1.939295557956856597e-01 0.000000000000000000e+00 1.963495408493620871e-03
2.720820945331260532e+02 -6.938259716137297473e-02 1.689428230475066850e-01 0.000000000000000000e+00 1.963495408493620871e-03
2.723447671952147857e+02 -2.046666134201255774e-02 1.096381133868710028e-01 0.000000000000000000e+00 1.963495408493620871e-03
2.724761019103056015e+02 5.834028730425638160e-03 7.617459434321652290e-02 0.000000000000000000e+00 1.963495408493620871e-03
2.727386851354777377e+02 5.689741392589582614e-02 4.509349311426838480e-03 0.000000000000000000e+00 1.963495408493620871e-03
2.728698744600528130e+02 7.784572117203100716e-02 -3.261612062757540675e-02 0.000000000000000000e+00 1.963495408493620871e-03
2.731318862224331383e+02 9.364953115102647718e-02 -1.059312458300878945e-01 0.000000000000000000e+00 1.963495408493620871e-03
2.732625975034387125e+02 7.704601002820896105e-02 -1.409940286078477101e-01 0.000000000000000000e+00 1.963495408493620871e-03
2.735235867698501124e+02 1.081517403055161364e-02 -2.044335228956027928e-01 0.000000000000000000e+00 1.963495408493620871e-03
2.736539784066676475e+02 -2.702090893350720530e-02 -2.319289749921599753e-01 0.000000000000000000e+00 1.963495408493620871e-03
2.739147158832241189e+02 -1.001856674370467382e-01 -2.754703651417605981e-01 0.000000000000000000e+00 1.963495408493620871e-03
2.740451664856009870e+02 -1.280475327340974689e-01 -2.909420285551366225e-01 0.000000000000000000e+00 1.963495408493620871e-03
2.743063004324205849e+02 -1.650802144923335657e-01 -3.072431280086632688e-01 0.000000000000000000e+00 1.963495408493620871e-03
2.744370257510930742e+02 -1.738964086250593677e-01 -3.078526557476315983e-01 0.000000000000000000e+00 1.963495408493620871e-03
2.746987893004144325e+02 -1.731742473545030969e-01 -2.932139289933274329e-01 0.000000000000000000e+00 1.963495408493620871e-03
2.748298191163013371e+02 -1.644945594653762777e-01 -2.781912009977309808e-01 0.000000000000000000e+00 1.963495408493620871e-03
2.750921162724981173e+02 -1.337618656783427229e-01 -2.335677114513996511e-01 0.000000000000000000e+00 1.963495408493620871e-03
2.752233386049279602e+02 -1.141158059602489228e-01 -2.045795934236388502e-01 0.000000000000000000e+00 1.963495408493620871e-03
2.754858636701668502e+02 -7.028657842921598453e-02 -1.353969398325817752e-01 0.000000000000000000e+00 1.963495408493620871e-03
2.756171185403177333e+02 -4.889266264585790528e-02 -9.621335370953604249e-02 0.000000000000000000e+00 1.963495408493620871e-03
2.758795381541962684e+02 -1.324853020164782659e-02 -1.209179740023902383e-02 0.000000000000000000e+00 1.963495408493620871e-03
2.760106505159168933e+02 -3.168837662283334813e-03 3.159597144328341045e-02 0.000000000000000000e+00 1.963495408493620871e-03
2.762726507237218243e+02 1.396978631306627743e-03 1.181117298914192704e-01 0.000000000000000000e+00 1.963495408493620871e-03
2.764035185389738558e+02 -4.009130684782941795e-03 1.596193184646632623e-01 0.000000000000000000e+00 1.963495408493620871e-03
2.766650167562809202e+02 -2.604948370482961656e-02 2.348125212345229529e-01 0.000000000000000000e+00 1.963495408493620871e-03
2.767956653751912199e+02 -3.991767461093881364e-02 2.674435888970140285e-01 0.000000000000000000e+00 1.963495408493620871e-03
2.770568215817793885e+02 -7.103636609977106997e-02 3.192582448563397457e-01 0.000000000000000000e+00 1.963495408493620871e-03
2.771873706511301521e+02 -8.684985374771164723e-02 3.377586289649655571e-01 0.000000000000000000e+00 1.963495408493620871e-03
2.774485081800780222e+02 -1.159845350645907075e-01 3.575922618668357367e-01 0.000000000000000000e+00 1.963495408493620871e-03
2.775791640630562256e+02 -1.272325825810205202e-01 3.586816823202799154e-01 0.000000000000000000e+00 1.963495408493620871e-03
2.778406928787052266e+02 -1.403264931644402913e-01 3.423270184146517403e-01 0.000000000000000000e+00 1.963495408493620871e-03
2.779715893429372500e+02 -1.404368735274741653e-01 3.251383084786529931e-01 0.000000000000000000e+00 1.963495408493620871e-03
2.782336168646294823e+02 -1.280920094339805526e-01 2.736587012075449854e-01 0.000000000000000000e+00 1.963495408493620871e-03
2.783647211655600699e+02 -1.161501229779013378e-01 2.401058793205991526e-01 0.000000000000000000e+00 1.963495408493620871e-03
2.786270533017217303e+02 -8.385335326952110535e-02 1.599725311891313506e-01 0.000000000000000000e+00 1.963495408493620871e-03
2.787582383575312406e+02 -6.583099608374268219e-02 1.145627651480825571e-01 0.000000000000000000e+00 1.963495408493620871e-03
2.790205895399078599e+02 -2.963653734775979764e-02 1.706438551222334843e-02 0.000000000000000000e+00 1.963495408493620871e-03
2.791517153033910290e+02 -1.394150189350106504e-02 -3.357034864172622757e-02 0.000000000000000000e+00 1.963495408493620871e-03
2.794138237324789884e+02 8.256072476087266548e-03 -1.337462183872833998e-01 0.000000000000000000e+00 1.963495408493620871e-03
2.795447763091929687e+02 1.179695886135674956e-02 -1.818025742092015951e-01 0.000000000000000000e+00 1.963495408493620871e-03
2.798064707783230460e+02 2.697658160075815797e-03 -2.689501795487724278e-01 0.000000000000000000e+00 1.963495408493620871e-03
2.799372080997081866e+02 -1.053009872227966479e-02 -3.068218876728656674e-01 0.000000000000000000e+00 1.963495408493620871e-03
2.801985496991127320e+02 -4.000525155374348718e-02 -3.671183546804479003e-01 0.000000000000000000e+00 1.963495408493620871e-03
2.803292154974315054e+02 -4.627493545419202048e-02 -3.887395461890107429e-01 0.000000000000000000e+00 1.963495408493620871e-03
2.805906120747256978e+02 -4.208311410256103391e-02 -4.121489185140113642e-01 0.000000000000000000e+00 1.963495408493620871e-03
2.807213924917219288e+02 -3.247832461166359069e-02 -4.135909689801745004e-01 0.000000000000000000e+00 1.963495408493620871e-03
2.809831526956963899e+02 5.799801405787239142e-04 -3.947401788584516957e-01 0.000000000000000000e+00 1.963495408493620871e-03
2.811141523000168263e+02 2.324062904418925518e-02 -3.747395645336887293e-01 0.000000000000000000e+00 1.963495408493620871e-03
2.813763743201498642e+02 7.979461985779928712e-02 -3.146238618075599680e-01 0.000000000000000000e+00 1.963495408493620871e-03
2.815075802760345027e+02 1.128974163596882796e-01 -2.754349514676215360e-01 0.000000000000000000e+00 1.963495408493620871e-03
2.817701427702559727e+02 1.871544216719790432e-01 -1.819838203392799281e-01 0.000000000000000000e+00 1.963495408493620871e-03
2.819014690984701588e+02 2.271007389337205695e-01 -1.291359103514323481e-01 0.000000000000000000e+00 1.963495408493620871e-03
2.821641792122342167e+02 3.113055324150902359e-01 -1.590672410335228215e-02 0.000000000000000000e+00 1.963495408493620871e-03
2.822955394113242846e+02 3.546117338585185741e-01 4.273104223431806181e-02 0.000000000000000000e+00 1.963495408493620871e-03
2.825579454113350835e+02 4.288262993829430880e-01 1.582888331746207800e-01 0.000000000000000000e+00 1.963495408493620871e-03
2.826887462171203538e+02 4.488790046643609255e-01 2.133489814906486259e-01 0.000000000000000000e+00 1.963495408493620871e-03
