# q:1.000000e+00, m:1.836000e+03, N:480 - x,px,py,pz,w
1.885468846553857247e+02 -1.980510429157960051e+00 9.532728629611446174e-04 0.000000000000000000e+00 1.963495408493620871e-03
1.886924762575161765e+02 -1.803966364725899219e+00 9.498514623400651415e-04 0.000000000000000000e+00 1.963495408493620871e-03
1.889916805684128462e+02 -1.342975570507095817e+00 9.494926912403801704e-04 0.000000000000000000e+00 1.963495408493620871e-03
1.891391056161760673e+02 -1.129556837461217711e+00 9.589655080998876757e-04 0.000000000000000000e+00 1.963495408493620871e-03
1.894283400564886222e+02 -7.555522179282063711e-01 9.630839974979520709e-04 0.000000000000000000e+00 1.963495408493620871e-03
1.895701201034306678e+02 -5.929643631607385279e-01 9.581466834850190135e-04 0.000000000000000000e+00 1.963495408493620871e-03
1.898497785458276610e+02 -3.046576332164540601e-01 9.647929801035325277e-04 0.000000000000000000e+00 1.963495408493620871e-03
1.899889600153548486e+02 -1.712794118127676235e-01 9.735021332618869899e-04 0.000000000000000000e+00 1.963495408493620871e-03
1.902658217817535728e+02 6.481013467121315985e-02 9.804801442842218766e-04 0.000000000000000000e+00 1.963495408493620871e-03
1.904031969359513994e+02 1.594481931355614113e-01 9.822440886032577159e-04 0.000000000000000000e+00 1.963495408493620871e-03
1.906751637088813709e+02 2.953867539616572557e-01 9.953570591392925208e-04 0.000000000000000000e+00 1.963495408493620871e-03
1.908092903170636703e+02 3.326009310607044855e-01 1.004001544687466597e-03 0.000000000000000000e+00 1.963495408493620871e-03
1.910737975239187847e+02 3.524329443516093785e-01 1.018568418294843719e-03 0.000000000000000000e+00 1.963495408493620871e-03
1.912041503271780698e+02 3.389736296859168219e-01 1.024678840298145523e-03 0.000000000000000000e+00 1.963495408493620871e-03
1.914625052676738335e+02 2.850205645876510152e-01 1.035073549216801447e-03 0.000000000000000000e+00 1.963495408493620871e-03
1.915914985692326695e+02 2.572441279354139576e-01 1.040597322979098203e-03 0.000000000000000000e+00 1.963495408493620871e-03
1.918496925482949678e+02 2.044413503744275107e-01 1.055328274672912578e-03 0.000000000000000000e+00 1.963495408493620871e-03
1.919791986207547154e+02 1.816609519116627602e-01 1.061438633577728311e-03 0.000000000000000000e+00 1.963495408493620871e-03
1.922386490543086950e+02 1.405402966131081288e-01 1.062239805123002534e-03 0.000000000000000000e+00 1.963495408493620871e-03
1.923682920050359826e+02 1.197828935646557402e-01 1.060889180271521424e-03 0.000000000000000000e+00 1.963495408493620871e-03
1.926276643910497057e+02 8.319722753658922998e-02 1.066833928501648284e-03 0.000000000000000000e+00 1.963495408493620871e-03
1.927575818777305017e+02 7.121501313800476796e-02 1.069483005720805319e-03 0.000000000000000000e+00 1.963495408493620871e-03
1.930178678655698263e+02 5.697037500606168259e-02 1.058701922397488684e-03 0.000000000000000000e+00 1.963495408493620871e-03
1.931482018277885970e+02 5.230683649890714021e-02 1.050411063954709810e-03 0.000000000000000000e+00 1.963495408493620871e-03
1.934092066186485113e+02 4.525397583740763119e-02 1.046040645684578755e-03 0.000000000000000000e+00 1.963495408493620871e-03
1.935398363429838753e+02 4.109656459370623904e-02 1.045105198753046088e-03 0.000000000000000000e+00 1.963495408493620871e-03
1.938013476479693225e+02 3.141762180960809558e-02 1.028243402633081255e-03 0.000000000000000000e+00 1.963495408493620871e-03
1.939322183965240356e+02 2.587127464442792735e-02 1.017443169244131983e-03 0.000000000000000000e+00 1.963495408493620871e-03
1.941941599421518561e+02 1.561175022893953983e-02 1.009781864974730256e-03 0.000000000000000000e+00 1.963495408493620871e-03
1.943251986739223867e+02 1.248357109573536294e-02 1.008659774130579159e-03 0.000000000000000000e+00 1.963495408493620871e-03
1.945874752240530938e+02 1.382037864260901062e-02 9.963529389447275692e-04 0.000000000000000000e+00 1.963495408493620871e-03
1.947187495283096439e+02 2.065772451271273569e-02 9.891444742285281522e-04 0.000000000000000000e+00 1.963495408493620871e-03
1.949815447270747768e+02 4.452893169372326015e-02 9.868895587284236791e-04 0.000000000000000000e+00 1.963495408493620871e-03
1.951130330767678913e+02 5.974232865063567460e-02 9.889167450796041911e-04 0.000000000000000000e+00 1.963495408493620871e-03
1.953760277627216340e+02 8.950178165395432373e-02 9.890824492022843792e-04 0.000000000000000000e+00 1.963495408493620871e-03
1.955074107947490916e+02 9.906881020772756452e-02 9.890963668803959274e-04 0.000000000000000000e+00 1.963495408493620871e-03
1.957698478501522743e+02 1.067597883396782660e-01 9.952444751136788146e-04 0.000000000000000000e+00 1.963495408493620871e-03
1.959008308783441521e+02 1.046294353476930894e-01 1.000619285635592987e-03 0.000000000000000000e+00 1.963495408493620871e-03
1.961621552141881466e+02 8.767688772388526619e-02 1.013499245027430157e-03 0.000000000000000000e+00 1.963495408493620871e-03
1.962923718672310258e+02 7.224390755693432808e-02 1.020173385736360258e-03 0.000000000000000000e+00 1.963495408493620871e-03
1.965522999848235770e+02 3.421367285711998663e-02 1.031323206446945048e-03 0.000000000000000000e+00 1.963495408493620871e-03
1.966822766730831518e+02 1.625060925268205156e-02 1.037498096031162168e-03 0.000000000000000000e+00 1.963495408493620871e-03
1.969426018391554010e+02 -9.748273889918761953e-03 1.056929014243583815e-03 0.000000000000000000e+00 1.963495408493620871e-03
1.970731609861815627e+02 -1.273818237381240531e-02 1.067048150406898653e-03 0.000000000000000000e+00 1.963495408493620871e-03
1.973348442221328014e+02 -4.291809710293421898e-03 1.076452230925084271e-03 0.000000000000000000e+00 1.963495408493620871e-03
1.974657784533859797e+02 2.678715729502036819e-03 1.079612092956237519e-03 0.000000000000000000e+00 1.963495408493620871e-03
1.977277876401397521e+02 2.015274731187323420e-02 1.097264694000377270e-03 0.000000000000000000e+00 1.963495408493620871e-03
1.978588352182479468e+02 2.956309102692225924e-02 1.106696857753708451e-03 0.000000000000000000e+00 1.963495408493620871e-03
1.981209702633745735e+02 4.824719114088064920e-02 1.108163136104349262e-03 0.000000000000000000e+00 1.963495408493620871e-03
1.982520160609382174e+02 5.646316920214289325e-02 1.105877983310095793e-03 0.000000000000000000e+00 1.963495408493620871e-03
1.985140887678551564e+02 6.764966247786746711e-02 1.115920561282117852e-03 0.000000000000000000e+00 1.963495408493620871e-03
1.986451243647675255e+02 6.843273288493433026e-02 1.122107836902538815e-03 0.000000000000000000e+00 1.963495408493620871e-03
1.989071429791338801e+02 5.847727845060164686e-02 1.114707214351150916e-03 0.000000000000000000e+00 1.963495408493620871e-03
1.990380780608839189e+02 4.651827388529204688e-02 1.107672611882000229e-03 0.000000000000000000e+00 1.963495408493620871e-03
1.992998199059129547e+02 1.777609410255499844e-02 1.110313370038104467e-03 0.000000000000000000e+00 1.963495408493620871e-03
1.994306336059052285e+02 7.609641802002063173e-03 1.113659391482850827e-03 0.000000000000000000e+00 1.963495408493620871e-03
1.996921645073868774e+02 -6.293259137044836249e-03 1.101809318608444133e-03 0.000000000000000000e+00 1.963495408493620871e-03
1.998228819160857483e+02 -1.213737789885385721e-02 1.092954082351844242e-03 0.000000000000000000e+00 1.963495408493620871e-03
2.000843297241873699e+02 -2.286947959145346071e-02 1.092202764544726156e-03 0.000000000000000000e+00 1.963495408493620871e-03
2.002151254431832967e+02 -2.863808087832814264e-02 1.094684270727703124e-03 0.000000000000000000e+00 1.963495408493620871e-03
2.004768825227434377e+02 -3.850758108140940605e-02 1.084834695451819195e-03 0.000000000000000000e+00 1.963495408493620871e-03
2.006078425550893201e+02 -4.077924137952512740e-02 1.077708130363407056e-03 0.000000000000000000e+00 1.963495408493620871e-03
2.008698598360169001e+02 -4.196003771606886257e-02 1.078138945263044024e-03 0.000000000000000000e+00 1.963495408493620871e-03
2.010008595113199021e+02 -4.250906982181321125e-02 1.081330839279035080e-03 0.000000000000000000e+00 1.963495408493620871e-03
2.012628904785968018e+02 -4.248862404854172881e-02 1.077781001877507576e-03 0.000000000000000000e+00 1.963495408493620871e-03
2.013939497300774519e+02 -4.113886525103435665e-02 1.074577288750049649e-03 0.000000000000000000e+00 1.963495408493620871e-03
2.016561402954131950e+02 -3.636356416396026303e-02 1.078100593615087879e-03 0.000000000000000000e+00 1.963495408493620871e-03
2.017872471248691966e+02 -3.350822618224039151e-02 1.082157625115144585e-03 0.000000000000000000e+00 1.963495408493620871e-03
2.020495055225960073e+02 -2.625941717669410397e-02 1.085330980321739386e-03 0.000000000000000000e+00 1.963495408493620871e-03
2.021806627950882387e+02 -2.148197601734072593e-02 1.086028872202566414e-03 0.000000000000000000e+00 1.963495408493620871e-03
2.024430580323402467e+02 -9.024121785056554018e-03 1.091216361160768280e-03 0.000000000000000000e+00 1.963495408493620871e-03
2.025743012957645419e+02 -1.039026506724077814e-03 1.094957709974341171e-03 0.000000000000000000e+00 1.963495408493620871e-03
2.028368599629001494e+02 1.777816289652164178e-02 1.102143963430853631e-03 0.000000000000000000e+00 1.963495408493620871e-03
2.029681503785983523e+02 2.804218050098117657e-02 1.105223347565270197e-03 0.000000000000000000e+00 1.963495408493620871e-03
2.032307838495461851e+02 5.062393218213305512e-02 1.109128889287636826e-03 0.000000000000000000e+00 1.963495408493620871e-03
2.033621389619118816e+02 6.315054621950819125e-02 1.111157803829913426e-03 0.000000000000000000e+00 1.963495408493620871e-03
2.036248435502958500e+02 8.719495888562101005e-02 1.119319788684343658e-03 0.000000000000000000e+00 1.963495408493620871e-03
2.037561248671046599e+02 9.626776361123284831e-02 1.123340872176196298e-03 0.000000000000000000e+00 1.963495408493620871e-03
2.040185839688908516e+02 1.092500312251446642e-01 1.124535410398064348e-03 0.000000000000000000e+00 1.963495408493620871e-03
2.041497820658601086e+02 1.137568844343294222e-01 1.124573793837142744e-03 0.000000000000000000e+00 1.963495408493620871e-03
2.044120993501397550e+02 1.191039197063160637e-01 1.132485707139264594e-03 0.000000000000000000e+00 1.963495408493620871e-03
2.045431939570785289e+02 1.199895391552081303e-01 1.136837749345587668e-03 0.000000000000000000e+00 1.963495408493620871e-03
2.048052235907726981e+02 1.178966718012885995e-01 1.135519420633211620e-03 0.000000000000000000e+00 1.963495408493620871e-03
2.049361280068530675e+02 1.146296718498561185e-01 1.133900576693522549e-03 0.000000000000000000e+00 1.963495408493620871e-03
2.051975324498976931e+02 1.012297333828304086e-01 1.141058997839162559e-03 0.000000000000000000e+00 1.963495408493620871e-03
2.053278974083327171e+02 8.931913003617400482e-02 1.145485027861590979e-03 0.000000000000000000e+00 1.963495408493620871e-03
2.055883236467796849e+02 6.156787316251368519e-02 1.142773783343372946e-03 0.000000000000000000e+00 1.963495408493620871e-03
2.057186415177739036e+02 5.031424901159291252e-02 1.140053194198951221e-03 0.000000000000000000e+00 1.963495408493620871e-03
2.059795849478427954e+02 3.403225188260435019e-02 1.146006793223654490e-03 0.000000000000000000e+00 1.963495408493620871e-03
2.061102471373187370e+02 2.925944702900300232e-02 1.150249341149788863e-03 0.000000000000000000e+00 1.963495408493620871e-03
2.063718153904077326e+02 2.283720910653193326e-02 1.146589221292896926e-03 0.000000000000000000e+00 1.963495408493620871e-03
2.065026115956148089e+02 1.856823704253031740e-02 1.143062810070895807e-03 0.000000000000000000e+00 1.963495408493620871e-03
2.067642280176035854e+02 8.777312539567273461e-03 1.147196909809069512e-03 0.000000000000000000e+00 1.963495408493620871e-03
2.068950459721398829e+02 3.980710704109532982e-03 1.150749453222747265e-03 0.000000000000000000e+00 1.963495408493620871e-03
2.071567171471149607e+02 -4.552728585232873257e-03 1.147075011488114284e-03 0.000000000000000000e+00 1.963495408493620871e-03
2.072875704887890720e+02 -7.828223090224399605e-03 1.143675110661768191e-03 0.000000000000000000e+00 1.963495408493620871e-03
2.075493217080542649e+02 -1.269558623505298231e-02 1.146622945725403507e-03 0.000000000000000000e+00 1.963495408493620871e-03
2.076802148101229761e+02 -1.461066009552711153e-02 1.149360159790344680e-03 0.000000000000000000e+00 1.963495408493620871e-03
2.079420383821119458e+02 -1.757910923223924421e-02 1.145194629798435828e-03 0.000000000000000000e+00 1.963495408493620871e-03
2.080729598479483400e+02 -1.880860168918446068e-02 1.141575021827407211e-03 0.000000000000000000e+00 1.963495408493620871e-03
2.083348319851429835e+02 -2.061817184867806296e-02 1.142322813016924052e-03 0.000000000000000000e+00 1.963495408493620871e-03
2.084657791856155882e+02 -2.116837360742294949e-02 1.144021249321526806e-03 0.000000000000000000e+00 1.963495408493620871e-03
2.087276931607978838e+02 -2.184472950753397341e-02 1.141093821116743101e-03 0.000000000000000000e+00 1.963495408493620871e-03
2.088586473463350330e+02 -2.225039336973370224e-02 1.138685112508756826e-03 0.000000000000000000e+00 1.963495408493620871e-03
2.091205674944416728e+02 -2.276875280057759354e-02 1.139406787430539318e-03 0.000000000000000000e+00 1.963495408493620871e-03
2.092515354982538440e+02 -2.264585094907933804e-02 1.140973154836532688e-03 0.000000000000000000e+00 1.963495408493620871e-03
2.095134874289301763e+02 -2.190022774662277183e-02 1.141297377861503039e-03 0.000000000000000000e+00 1.963495408493620871e-03
2.096444603426727440e+02 -2.155621383276155184e-02 1.141098183005771673e-03 0.000000000000000000e+00 1.963495408493620871e-03
2.099064142948742813e+02 -2.063421970255353149e-02 1.143443031496924923e-03 0.000000000000000000e+00 1.963495408493620871e-03
2.100373951346914509e+02 -1.991400430768236474e-02 1.145540389075935762e-03 0.000000000000000000e+00 1.963495408493620871e-03
2.102993655197112730e+02 -1.827634501838606290e-02 1.150106782323327996e-03 0.000000000000000000e+00 1.963495408493620871e-03
2.104303449201492242e+02 -1.766775570903505316e-02 1.152413301889262422e-03 0.000000000000000000e+00 1.963495408493620871e-03
2.106922960127761257e+02 -1.681303670343307910e-02 1.156543482015098085e-03 0.000000000000000000e+00 1.963495408493620871e-03
2.108232603406287637e+02 -1.658308999603772677e-02 1.159017294415245905e-03 0.000000000000000000e+00 1.963495408493620871e-03
2.110851659656281356e+02 -1.676433762263742494e-02 1.166904972391971055e-03 0.000000000000000000e+00 1.963495408493620871e-03
2.112160966063955811e+02 -1.742146918380534787e-02 1.171029845378709824e-03 0.000000000000000000e+00 1.963495408493620871e-03
2.114779112172249427e+02 -1.997723264446392422e-02 1.175446649728045584e-03 0.000000000000000000e+00 1.963495408493620871e-03
2.116087836288986637e+02 -2.201173312856902209e-02 1.177378450517259758e-03 0.000000000000000000e+00 1.963495408493620871e-03
2.118704672139346030e+02 -2.750550858356985012e-02 1.186023632964171119e-03 0.000000000000000000e+00 1.963495408493620871e-03
2.120012745375068732e+02 -3.097069276423519701e-02 1.190573466537893062e-03 0.000000000000000000e+00 1.963495408493620871e-03
2.122628503924244114e+02 -3.882707721868228212e-02 1.193068113774845267e-03 0.000000000000000000e+00 1.963495408493620871e-03
2.123936294020985258e+02 -4.294263131360986918e-02 1.193441573336446841e-03 0.000000000000000000e+00 1.963495408493620871e-03
2.126552001255057860e+02 -5.099689097617769729e-02 1.200424696863448739e-03 0.000000000000000000e+00 1.963495408493620871e-03
2.127860012960089193e+02 -5.465588268566236307e-02 1.204297977132851635e-03 0.000000000000000000e+00 1.963495408493620871e-03
2.130476488115990037e+02 -6.100804662792577715e-02 1.203740985223834391e-03 0.000000000000000000e+00 1.963495408493620871e-03
2.131784929167271514e+02 -6.364596169412328752e-02 1.202242502537023564e-03 0.000000000000000000e+00 1.963495408493620871e-03
2.134402295400481648e+02 -6.763565793619236155e-02 1.206576577789940895e-03 0.000000000000000000e+00 1.963495408493620871e-03
2.135711168435069851e+02 -6.892545494892129976e-02 1.209292677021082041e-03 0.000000000000000000e+00 1.963495408493620871e-03
2.138329310883335381e+02 -7.022570856853890819e-02 1.205413520400022134e-03 0.000000000000000000e+00 1.963495408493620871e-03
2.139638488318352074e+02 -7.041168041495965424e-02 1.202076345744032201e-03 0.000000000000000000e+00 1.963495408493620871e-03
2.142257051233368941e+02 -7.014346980913997720e-02 1.203489462231919485e-03 0.000000000000000000e+00 1.963495408493620871e-03
2.143566333740882897e+02 -6.995334260767605006e-02 1.204974208610123682e-03 0.000000000000000000e+00 1.963495408493620871e-03
2.146184896272396827e+02 -6.958417083649603985e-02 1.198615860626869563e-03 0.000000000000000000e+00 1.963495408493620871e-03
2.147494073822500411e+02 -6.955036171964502911e-02 1.194157818164603502e-03 0.000000000000000000e+00 1.963495408493620871e-03
2.150112243234891594e+02 -6.983412435747393676e-02 1.193945390144660361e-03 0.000000000000000000e+00 1.963495408493620871e-03
2.151421151103087652e+02 -7.025489985557953343e-02 1.194977634962443363e-03 0.000000000000000000e+00 1.963495408493620871e-03
2.154038700609193882e+02 -7.158496899830502080e-02 1.188640682155348190e-03 0.000000000000000000e+00 1.963495408493620871e-03
2.155347302547839377e+02 -7.251822584104661296e-02 1.184463108265418081e-03 0.000000000000000000e+00 1.963495408493620871e-03
2.157964306091442666e+02 -7.476681687966066359e-02 1.184709872752723542e-03 0.000000000000000000e+00 1.963495408493620871e-03
2.159272705071624614e+02 -7.605278191098191476e-02 1.186158482990913197e-03 0.000000000000000000e+00 1.963495408493620871e-03
2.161889365027856797e+02 -7.934657039556404501e-02 1.181776811653044738e-03 0.000000000000000000e+00 1.963495408493620871e-03
2.163197567255631668e+02 -8.171054001721839155e-02 1.178819082886402823e-03 0.000000000000000000e+00 1.963495408493620871e-03
2.165813831359880623e+02 -8.830918509409281525e-02 1.180997438231664969e-03 0.000000000000000000e+00 1.963495408493620871e-03
2.167121873810720274e+02 -9.288691384261814343e-02 1.183504035317259036e-03 0.000000000000000000e+00 1.963495408493620871e-03
2.169738320490556873e+02 -1.022179717426649204e-01 1.182495696754460104e-03 0.000000000000000000e+00 1.963495408493620871e-03
2.171046995774377706e+02 -1.053688255583542926e-01 1.181403386064768185e-03 0.000000000000000000e+00 1.963495408493620871e-03
2.173665145298262473e+02 -1.089855649893428369e-01 1.186258195998044114e-03 0.000000000000000000e+00 1.963495408493620871e-03
2.174974417375198357e+02 -1.099064639220628109e-01 1.189980775545261679e-03 0.000000000000000000e+00 1.963495408493620871e-03
2.177593155848824154e+02 -1.110255849627145852e-01 1.192470194623725284e-03 0.000000000000000000e+00 1.963495408493620871e-03
2.178902393550746694e+02 -1.119961315078328440e-01 1.193091726459456900e-03 0.000000000000000000e+00 1.963495408493620871e-03
2.181520583994865490e+02 -1.150351428472670967e-01 1.199361445299469741e-03 0.000000000000000000e+00 1.963495408493620871e-03
2.182829433709563318e+02 -1.173139440133377231e-01 1.203349241953837866e-03 0.000000000000000000e+00 1.963495408493620871e-03
2.185446773305505701e+02 -1.229479715810939400e-01 1.207425099019410544e-03 0.000000000000000000e+00 1.963495408493620871e-03
2.186755256354202288e+02 -1.260620410478218156e-01 1.208760331852998769e-03 0.000000000000000000e+00 1.963495408493620871e-03
2.189372088472269411e+02 -1.323113762127913484e-01 1.214245641615979612e-03 0.000000000000000000e+00 1.963495408493620871e-03
2.190680498808816594e+02 -1.351495989054361802e-01 1.217345655593814798e-03 0.000000000000000000e+00 1.963495408493620871e-03
2.193297568951529115e+02 -1.398118693499598719e-01 1.220693820811698249e-03 0.000000000000000000e+00 1.963495408493620871e-03
2.194606300394176230e+02 -1.414317854353097093e-01 1.221574985919760773e-03 0.000000000000000000e+00 1.963495408493620871e-03
2.197224327286155301e+02 -1.430982317094796619e-01 1.223910962013510448e-03 0.000000000000000000e+00 1.963495408493620871e-03
2.198533631687827778e+02 -1.431336600520107527e-01 1.225012373688183194e-03 0.000000000000000000e+00 1.963495408493620871e-03
2.201152859559402657e+02 -1.418347293544328092e-01 1.225876004665117126e-03 0.000000000000000000e+00 1.963495408493620871e-03
2.202462703711134395e+02 -1.407360785024728833e-01 1.225664599312473570e-03 0.000000000000000000e+00 1.963495408493620871e-03
2.205082767409855933e+02 -1.381530551295770404e-01 1.224047894921137438e-03 0.000000000000000000e+00 1.963495408493620871e-03
2.206392829534165401e+02 -1.370845414401060391e-01 1.223001119054655927e-03 0.000000000000000000e+00 1.963495408493620871e-03
2.209012858834711892e+02 -1.360249565596323151e-01 1.221641447537276642e-03 0.000000000000000000e+00 1.963495408493620871e-03
2.210322625724087118e+02 -1.365185150066453024e-01 1.220730417016002841e-03 0.000000000000000000e+00 1.963495408493620871e-03
2.212941631159370388e+02 -1.395756693215490229e-01 1.216442316312765131e-03 0.000000000000000000e+00 1.963495408493620871e-03
2.214250757688903377e+02 -1.422008841011133118e-01 1.214074419317515488e-03 0.000000000000000000e+00 1.963495408493620871e-03
2.216868398921094467e+02 -1.488224057337438344e-01 1.212260132213145974e-03 0.000000000000000000e+00 1.963495408493620871e-03
2.218176914720101252e+02 -1.523313057215684996e-01 1.211673164707632649e-03 0.000000000000000000e+00 1.963495408493620871e-03
2.220793587216390961e+02 -1.589916182992612836e-01 1.207330674595910982e-03 0.000000000000000000e+00 1.963495408493620871e-03
2.222101813353567366e+02 -1.617401994360126993e-01 1.205032611264580814e-03 0.000000000000000000e+00 1.963495408493620871e-03
2.224718457381047472e+02 -1.653550012176609740e-01 1.205074134727640925e-03 0.000000000000000000e+00 1.963495408493620871e-03
2.226027053054274916e+02 -1.658298175728415147e-01 1.205670024627612715e-03 0.000000000000000000e+00 1.963495408493620871e-03
2.228645018368565331e+02 -1.639184349302741373e-01 1.202130189949905019e-03 0.000000000000000000e+00 1.963495408493620871e-03
2.229954428921161593e+02 -1.615029574027504189e-01 1.199954332219998077e-03 0.000000000000000000e+00 1.963495408493620871e-03
2.232574152026678576e+02 -1.540381029014978309e-01 1.201414340258359290e-03 0.000000000000000000e+00 1.963495408493620871e-03
2.233884390607041439e+02 -1.492666986256289685e-01 1.202946007442157010e-03 0.000000000000000000e+00 1.963495408493620871e-03
2.236505489338943562e+02 -1.382638722297816203e-01 1.200535562583202867e-03 0.000000000000000000e+00 1.963495408493620871e-03
2.237816159938510339e+02 -1.325184323624377103e-01 1.198858929060924458e-03 0.000000000000000000e+00 1.963495408493620871e-03
2.240437462855650494e+02 -1.215408731357569549e-01 1.202109664651446978e-03 0.000000000000000000e+00 1.963495408493620871e-03
2.241747811725615520e+02 -1.170440666747887409e-01 1.204691768572572260e-03 0.000000000000000000e+00 1.963495408493620871e-03
2.244367774917041913e+02 -1.103155737825099736e-01 1.204048626634927205e-03 0.000000000000000000e+00 1.963495408493620871e-03
2.245677218046657231e+02 -1.083059518343620770e-01 1.203186140707636484e-03 0.000000000000000000e+00 1.963495408493620871e-03
2.248295056523014637e+02 -1.065788704694951433e-01 1.208099947035917807e-03 0.000000000000000000e+00 1.963495408493620871e-03
2.249603381004668847e+02 -1.066476485701875893e-01 1.211477662496145483e-03 0.000000000000000000e+00 1.963495408493620871e-03
2.252219199489214816e+02 -1.075408198073277560e-01 1.212246018849286438e-03 0.000000000000000000e+00 1.963495408493620871e-03
2.253526844726368097e+02 -1.076990600798740094e-01 1.211920608168148665e-03 0.000000000000000000e+00 1.963495408493620871e-03
2.256142141613837850e+02 -1.064721921462367660e-01 1.217357845107716304e-03 0.000000000000000000e+00 1.963495408493620871e-03
2.257450051310351569e+02 -1.045413343141148588e-01 1.220874092298022571e-03 0.000000000000000000e+00 1.963495408493620871e-03
2.260066823875867499e+02 -9.743557878625955238e-02 1.222045061096131355e-03 0.000000000000000000e+00 1.963495408493620871e-03
2.261375865831115846e+02 -9.195337244418975986e-02 1.221734107396948033e-03 0.000000000000000000e+00 1.963495408493620871e-03
2.263995315208310899e+02 -7.745277805867291365e-02 1.226113768697741991e-03 0.000000000000000000e+00 1.963495408493620871e-03
2.265305644871057495e+02 -6.875862462856970059e-02 1.228883047562433434e-03 0.000000000000000000e+00 1.963495408493620871e-03
2.267927231408261548e+02 -4.966187668927071752e-02 1.229183926609069217e-03 0.000000000000000000e+00 1.963495408493620871e-03
2.269238195455959612e+02 -4.013206444497489922e-02 1.228357678569878689e-03 0.000000000000000000e+00 1.963495408493620871e-03
2.271859971831962923e+02 -2.333491731950522105e-02 1.230158809990984951e-03 0.000000000000000000e+00 1.963495408493620871e-03
2.273170363550211164e+02 -1.761480178594287960e-02 1.231293327425738273e-03 0.000000000000000000e+00 1.963495408493620871e-03
2.275789742372288060e+02 -1.418196113737162783e-02 1.229183840889820894e-03 0.000000000000000000e+00 1.963495408493620871e-03
2.277098377189155087e+02 -1.823027536463421930e-02 1.227179476289474991e-03 0.000000000000000000e+00 1.963495408493620871e-03
2.279713934418610393e+02 -3.456189449577831696e-02 1.225263014273388984e-03 0.000000000000000000e+00 1.963495408493620871e-03
2.281021051767797019e+02 -4.455010177192759990e-02 1.224420767561140450e-03 0.000000000000000000e+00 1.963495408493620871e-03
2.283634238529995457e+02 -6.585427921810610430e-02 1.219954434233238866e-03 0.000000000000000000e+00 1.963495408493620871e-03
2.284940378565638071e+02 -7.586810022385734320e-02 1.217087749030102859e-03 0.000000000000000000e+00 1.963495408493620871e-03
2.287552558628865143e+02 -9.304867330589239316e-02 1.212581745572204354e-03 0.000000000000000000e+00 1.963495408493620871e-03
2.288859054159195807e+02 -9.929394848557793196e-02 1.210587187522727546e-03 0.000000000000000000e+00 1.963495408493620871e-03
2.291473602926637341e+02 -1.060910273176459973e-01 1.205924345647503169e-03 0.000000000000000000e+00 1.963495408493620871e-03
2.292782043748606213e+02 -1.060843789822098482e-01 1.203469134852640536e-03 0.000000000000000000e+00 1.963495408493620871e-03
2.295401296117152583e+02 -9.900017891232082423e-02 1.199041667600651059e-03 0.000000000000000000e+00 1.963495408493620871e-03
2.296712003867587839e+02 -9.185998382477517099e-02 1.197108305311145619e-03 0.000000000000000000e+00 1.963495408493620871e-03
2.299335196796685352e+02 -7.211167031085075063e-02 1.193933915576861609e-03 0.000000000000000000e+00 1.963495408493620871e-03
2.300647319033062104e+02 -6.079598280648924880e-02 1.192429167056782962e-03 0.000000000000000000e+00 1.963495408493620871e-03
2.303272007661100247e+02 -3.709762126169317831e-02 1.188702747462393227e-03 0.000000000000000000e+00 1.963495408493620871e-03
2.304584080238862782e+02 -2.595431646105158738e-02 1.187049058206675941e-03 0.000000000000000000e+00 1.963495408493620871e-03
2.307206976779189631e+02 -8.153755925433776863e-03 1.186018796558606240e-03 0.000000000000000000e+00 1.963495408493620871e-03
2.308517250294289909e+02 -3.583098603358505791e-03 1.185873861719656183e-03 0.000000000000000000e+00 1.963495408493620871e-03
2.311135212182058183e+02 -4.993157959628870962e-03 1.183856725829397077e-03 0.000000000000000000e+00 1.963495408493620871e-03
2.312442679638708114e+02 -1.218987519749623744e-02 1.182928590294878490e-03 0.000000000000000000e+00 1.963495408493620871e-03
2.315054833994128387e+02 -3.455588013753304460e-02 1.184252337721780884e-03 0.000000000000000000e+00 1.963495408493620871e-03
2.316359601720857881e+02 -4.636740118495052965e-02 1.185342826381856644e-03 0.000000000000000000e+00 1.963495408493620871e-03
2.318968096634185940e+02 -6.902657686561530781e-02 1.184608576531089551e-03 0.000000000000000000e+00 1.963495408493620871e-03
2.320272813005890100e+02 -7.862685705107640144e-02 1.184077133768161438e-03 0.000000000000000000e+00 1.963495408493620871e-03
2.322884517862325993e+02 -9.138904095226024760e-02 1.187033420259178684e-03 0.000000000000000000e+00 1.963495408493620871e-03
2.324192268057526292e+02 -9.263568842752631372e-02 1.189053819171765822e-03 0.000000000000000000e+00 1.963495408493620871e-03
2.326811448414428298e+02 -8.424400981244545283e-02 1.189114001082761281e-03 0.000000000000000000e+00 1.963495408493620871e-03
2.328122642776316411e+02 -7.438610437512538365e-02 1.188658832261488881e-03 0.000000000000000000e+00 1.963495408493620871e-03
2.330747790789199883e+02 -4.604449150906035626e-02 1.191973826441991699e-03 0.000000000000000000e+00 1.963495408493620871e-03
2.332061343294772655e+02 -2.956904707766677687e-02 1.194103050318508870e-03 0.000000000000000000e+00 1.963495408493620871e-03
2.334689508697470615e+02 5.200186753202926115e-03 1.193763482069853683e-03 0.000000000000000000e+00 1.963495408493620871e-03
2.336003430963283733e+02 2.163589772045058923e-02 1.192954492792185073e-03 0.000000000000000000e+00 1.963495408493620871e-03
2.338629832534492721e+02 4.938659288812324855e-02 1.195481085763429752e-03 0.000000000000000000e+00 1.963495408493620871e-03
2.339941491719087878e+02 5.855091477498855501e-02 1.197086267549737340e-03 0.000000000000000000e+00 1.963495408493620871e-03
2.342561001635504283e+02 6.348204860626102675e-02 1.195507297424930121e-03 0.000000000000000000e+00 1.963495408493620871e-03
2.343868314624961613e+02 5.664771415237494778e-02 1.194106013750045056e-03 0.000000000000000000e+00 1.963495408493620871e-03
2.346478047393498514e+02 2.832682309840493101e-02 1.195652340916016727e-03 0.000000000000000000e+00 1.963495408493620871e-03
2.347780396639504659e+02 9.494198929708545093e-03 1.196903528485769499e-03 0.000000000000000000e+00 1.963495408493620871e-03
2.350382982159690641e+02 -2.988616669080210869e-02 1.194953176693120756e-03 0.000000000000000000e+00 1.963495408493620871e-03
2.351685138098901291e+02 -4.539075328843717588e-02 1.193204492255198852e-03 0.000000000000000000e+00 1.963495408493620871e-03
2.354292687168749865e+02 -6.671461173489891261e-02 1.193054272765473652e-03 0.000000000000000000e+00 1.963495408493620871e-03
2.355598906463187632e+02 -7.207659838964686205e-02 1.193255666666187369e-03 0.000000000000000000e+00 1.963495408493620871e-03
2.358217091368583453e+02 -6.860840606125506724e-02 1.189299329292918669e-03 0.000000000000000000e+00 1.963495408493620871e-03
2.359529506970817465e+02 -5.730526660388829407e-02 1.186517758861064696e-03 0.000000000000000000e+00 1.963495408493620871e-03
2.362158712043594164e+02 -2.208981692816659043e-02 1.184230918071931503e-03 0.000000000000000000e+00 1.963495408493620871e-03
2.363473763897232232e+02 -3.079053043844065963e-03 1.183481927987036723e-03 0.000000000000000000e+00 1.963495408493620871e-03
2.366105042563314669e+02 3.801917974378965503e-02 1.178518227470751580e-03 0.000000000000000000e+00 1.963495408493620871e-03
2.367421493545772648e+02 6.058433170056054529e-02 1.175250802291706240e-03 0.000000000000000000e+00 1.963495408493620871e-03
2.370054029043809862e+02 1.037457945529609293e-01 1.170259115048687040e-03 0.000000000000000000e+00 1.963495408493620871e-03
2.371368632273107551e+02 1.201104327650811265e-01 1.167585396613335120e-03 0.000000000000000000e+00 1.963495408493620871e-03
2.373992014298818560e+02 1.355137642064687398e-01 1.158927657584122271e-03 0.000000000000000000e+00 1.963495408493620871e-03
2.375299093296163164e+02 1.300835898170870086e-01 1.153937166918333384e-03 0.000000000000000000e+00 1.963495408493620871e-03
2.377905158963172312e+02 9.697242452950638469e-02 1.145597107004846975e-03 0.000000000000000000e+00 1.963495408493620871e-03
2.379204933091341161e+02 7.220776412403198674e-02 1.141774763919156145e-03 0.000000000000000000e+00 1.963495408493620871e-03
2.381801060591075725e+02 1.579820405729542854e-02 1.133365168105923389e-03 0.000000000000000000e+00 1.963495408493620871e-03
2.383099369976723381e+02 -9.628043524174428880e-03 1.129161039395152341e-03 0.000000000000000000e+00 1.963495408493620871e-03
2.385698280440120982e+02 -5.403286773225332573e-02 1.122061568019342434e-03 0.000000000000000000e+00 1.963495408493620871e-03
2.386999937452223435e+02 -7.289543377492170573e-02 1.119049555555271056e-03 0.000000000000000000e+00 1.963495408493620871e-03
2.389610234674178741e+02 -9.623799946798705651e-02 1.113673126306557581e-03 0.000000000000000000e+00 1.963495408493620871e-03
2.390920540570074024e+02 -9.526093169028745922e-02 1.111112968926961271e-03 0.000000000000000000e+00 1.963495408493620871e-03
2.393549633305378848e+02 -7.162092612538399627e-02 1.105543179432747587e-03 0.000000000000000000e+00 1.963495408493620871e-03
2.394866862233766085e+02 -5.212013787012205468e-02 1.102952921917707465e-03 0.000000000000000000e+00 1.963495408493620871e-03
2.397504380316650838e+02 -4.832951162395628456e-03 1.099664970003925036e-03 0.000000000000000000e+00 1.963495408493620871e-03
2.398823077831058299e+02 1.813490199664217345e-02 1.098312187030089709e-03 0.000000000000000000e+00 1.963495408493620871e-03
2.401458967903540440e+02 6.144481761852904622e-02 1.093974356168083686e-03 0.000000000000000000e+00 1.963495408493620871e-03
2.402775234680296990e+02 8.124069564092409323e-02 1.091605249372918631e-03 0.000000000000000000e+00 1.963495408493620871e-03
2.405402292052240796e+02 1.091342817734739790e-01 1.088443950623024662e-03 0.000000000000000000e+00 1.963495408493620871e-03
2.406711604587780187e+02 1.117931912082245349e-01 1.086723383853020275e-03 0.000000000000000000e+00 1.963495408493620871e-03
2.409320638821238845e+02 9.482609986859247275e-02 1.080117625255958783e-03 0.000000000000000000e+00 1.963495408493620871e-03
2.410619538579299785e+02 7.558847416183200885e-02 1.076307458546658848e-03 0.000000000000000000e+00 1.963495408493620871e-03
2.413212708315409998e+02 3.075068694676964809e-02 1.070990798442664378e-03 0.000000000000000000e+00 1.963495408493620871e-03
2.414511521350032126e+02 1.550179773821690893e-02 1.068240009531911967e-03 0.000000000000000000e+00 1.963495408493620871e-03
2.417113685671648966e+02 -2.050010728041385538e-03 1.058422659475154876e-03 0.000000000000000000e+00 1.963495408493620871e-03
2.418416653304078068e+02 -6.224709835731376609e-03 1.052571545515779659e-03 0.000000000000000000e+00 1.963495408493620871e-03
2.421026629258135472e+02 -7.908429242920201122e-03 1.043294584591024842e-03 0.000000000000000000e+00 1.963495408493620871e-03
2.422333777958955636e+02 -7.206918003967731183e-03 1.038744423540373428e-03 0.000000000000000000e+00 1.963495408493620871e-03
2.424953219816261765e+02 -8.644958642662815438e-04 1.025661010919621087e-03 0.000000000000000000e+00 1.963495408493620871e-03
2.426265995692253910e+02 6.275988792997283863e-03 1.018435895071159161e-03 0.000000000000000000e+00 1.963495408493620871e-03
2.428894451728509978e+02 2.361956987551910858e-02 1.007494573921758263e-03 0.000000000000000000e+00 1.963495408493620871e-03
2.430207731291308164e+02 3.007685165262305449e-02 1.002437859600771326e-03 0.000000000000000000e+00 1.963495408493620871e-03
2.432831890460694808e+02 3.625797307918510182e-02 9.883243349471492866e-04 0.000000000000000000e+00 1.963495408493620871e-03
2.434142512838781442e+02 3.459185350957823257e-02 9.807759243671725687e-04 0.000000000000000000e+00 1.963495408493620871e-03
2.436762601619161046e+02 2.684543757884323700e-02 9.700215363503527505e-04 0.000000000000000000e+00 1.963495408493620871e-03
2.438073214998713922e+02 2.440069499490987032e-02 9.655545074880875558e-04 0.000000000000000000e+00 1.963495408493620871e-03
2.440696317096296468e+02 2.742957234025783508e-02 9.539608965321213357e-04 0.000000000000000000e+00 1.963495408493620871e-03
2.442009125884133596e+02 3.603736514526843793e-02 9.482840780204008797e-04 0.000000000000000000e+00 1.963495408493620871e-03
2.444633437794967392e+02 6.105488118880071646e-02 9.421804917891581522e-04 0.000000000000000000e+00 1.963495408493620871e-03
2.445942185171231245e+02 7.272062346290771029e-02 9.403657652800152204e-04 0.000000000000000000e+00 1.963495408493620871e-03
2.448552338752371611e+02 8.939552450644605575e-02 9.346713929135159419e-04 0.000000000000000000e+00 1.963495408493620871e-03
2.449853500565866682e+02 9.128400671287847934e-02 9.320953334106100736e-04 0.000000000000000000e+00 1.963495408493620871e-03
2.452453924250210662e+02 8.837495989893282000e-02 9.317716157841010854e-04 0.000000000000000000e+00 1.963495408493620871e-03
2.453757269306822479e+02 8.804746156901452347e-02 9.325871756344869014e-04 0.000000000000000000e+00 1.963495408493620871e-03
2.456370358269831797e+02 8.774282812277667265e-02 9.310395199631669658e-04 0.000000000000000000e+00 1.963495408493620871e-03
2.457679757432925953e+02 8.596375542945257353e-02 9.297854969427914174e-04 0.000000000000000000e+00 1.963495408493620871e-03
2.460302960451469687e+02 8.235257482773172821e-02 9.304080549349634521e-04 0.000000000000000000e+00 1.963495408493620871e-03
2.461615818326444582e+02 8.309458374711134465e-02 9.312401259656147377e-04 0.000000000000000000e+00 1.963495408493620871e-03
2.464242618310223065e+02 8.726944030022756871e-02 9.300489738926112464e-04 0.000000000000000000e+00 1.963495408493620871e-03
2.465555513749557406e+02 8.858828353924452781e-02 9.288718540357485381e-04 0.000000000000000000e+00 1.963495408493620871e-03
2.468183000250901671e+02 9.381723328923202709e-02 9.285681790035314569e-04 0.000000000000000000e+00 1.963495408493620871e-03
2.469499480327805827e+02 1.007095823238409182e-01 9.285833554893519002e-04 0.000000000000000000e+00 1.963495408493620871e-03
2.472134384689655064e+02 1.203422496893418181e-01 9.258656216791839345e-04 0.000000000000000000e+00 1.963495408493620871e-03
2.473450127012714574e+02 1.309207037393889939e-01 9.235255475197846290e-04 0.000000000000000000e+00 1.963495408493620871e-03
2.476077106538205612e+02 1.527210144541157055e-01 9.179955896409777629e-04 0.000000000000000000e+00 1.963495408493620871e-03
2.477387703678186597e+02 1.634354543136981031e-01 9.142265865095132362e-04 0.000000000000000000e+00 1.963495408493620871e-03
2.480002516742625289e+02 1.802159727392573518e-01 9.031701726054121825e-04 0.000000000000000000e+00 1.963495408493620871e-03
2.481306331418598177e+02 1.834081895950034069e-01 8.962217624710448489e-04 0.000000000000000000e+00 1.963495408493620871e-03
2.483912187077225724e+02 1.834036677840203133e-01 8.802896359627087382e-04 0.000000000000000000e+00 1.963495408493620871e-03
2.485217981260045690e+02 1.831883755421175874e-01 8.714623819486247858e-04 0.000000000000000000e+00 1.963495408493620871e-03
2.487829182869253088e+02 1.734897065695836238e-01 8.528260006569340305e-04 0.000000000000000000e+00 1.963495408493620871e-03
2.489129847266055435e+02 1.574609273537919130e-01 8.429837812613070070e-04 0.000000000000000000e+00 1.963495408493620871e-03
2.491726081407455240e+02 1.095922497552478947e-01 8.220041649667040196e-04 0.000000000000000000e+00 1.963495408493620871e-03
2.493025349880142301e+02 8.283951382094059679e-02 8.114111416218435392e-04 0.000000000000000000e+00 1.963495408493620871e-03
2.495630381952820471e+02 3.813068935888846989e-02 7.918194799492338145e-04 0.000000000000000000e+00 1.963495408493620871e-03
2.496938748921606077e+02 3.015323306835057671e-02 7.823170267990376368e-04 0.000000000000000000e+00 1.963495408493620871e-03
2.499565089068464374e+02 3.897469800472876111e-02 7.622811653939019858e-04 0.000000000000000000e+00 1.963495408493620871e-03
2.500881209666825953e+02 5.178139437664810996e-02 7.524263270137752663e-04 0.000000000000000000e+00 1.963495408493620871e-03
2.503511799314897814e+02 7.652395874191876557e-02 7.358259502921128594e-04 0.000000000000000000e+00 1.963495408493620871e-03
2.504821005479054179e+02 7.623755247264371593e-02 7.284264343875919857e-04 0.000000000000000000e+00 1.963495408493620871e-03
2.507432245936602726e+02 5.781400586122650842e-02 7.124453230956896612e-04 0.000000000000000000e+00 1.963495408493620871e-03
2.508738128968388139e+02 4.584818369624732437e-02 7.049077751235882042e-04 0.000000000000000000e+00 1.963495408493620871e-03
2.511351345261587937e+02 2.039336552727932447e-02 6.948556497479588603e-04 0.000000000000000000e+00 1.963495408493620871e-03
2.512659004061801511e+02 9.254444619178974277e-03 6.910940370613480842e-04 0.000000000000000000e+00 1.963495408493620871e-03
2.515279956305313647e+02 -1.180602940580873384e-03 6.816650452756845956e-04 0.000000000000000000e+00 1.963495408493620871e-03
2.516595665811182698e+02 5.516677053492030462e-03 6.773229458622036150e-04 0.000000000000000000e+00 1.963495408493620871e-03
2.519232430093561561e+02 3.138503093849476233e-02 6.740353725053979672e-04 0.000000000000000000e+00 1.963495408493620871e-03
2.520549544213750721e+02 4.181961142307715623e-02 6.734692257075556177e-04 0.000000000000000000e+00 1.963495408493620871e-03
2.523175084088529161e+02 4.910486344408453163e-02 6.690799823170303934e-04 0.000000000000000000e+00 1.963495408493620871e-03
2.524479407949568497e+02 4.053615214388023302e-02 6.672060515080535138e-04 0.000000000000000000e+00 1.963495408493620871e-03
2.527075802246673391e+02 7.947905097374637767e-03 6.703690938180971491e-04 0.000000000000000000e+00 1.963495408493620871e-03
2.528371338914647595e+02 -9.457851944096637431e-03 6.734011165429502161e-04 0.000000000000000000e+00 1.963495408493620871e-03
2.530962321781089770e+02 -3.781738810845425292e-02 6.750610916080583990e-04 0.000000000000000000e+00 1.963495408493620871e-03
2.532261021800323988e+02 -4.330327318523910507e-02 6.755937234313548001e-04 0.000000000000000000e+00 1.963495408493620871e-03
2.534867199397979789e+02 -3.946549501924180581e-02 6.841136983512149375e-04 0.000000000000000000e+00 1.963495408493620871e-03
2.536175987909616936e+02 -3.272039230901407914e-02 6.898323767423895957e-04 0.000000000000000000e+00 1.963495408493620871e-03
2.538804688397496534e+02 -7.183547895254502672e-03 6.946721734523454966e-04 0.000000000000000000e+00 1.963495408493620871e-03
2.540124265399740295e+02 1.366393520407301401e-02 6.960238923362551669e-04 0.000000000000000000e+00 1.963495408493620871e-03
2.542766150954920192e+02 5.868706280813996284e-02 7.051662123475995912e-04 0.000000000000000000e+00 1.963495408493620871e-03
2.544082953122725712e+02 7.354962690524154134e-02 7.103557894026486883e-04 0.000000000000000000e+00 1.963495408493620871e-03
2.546711888835312436e+02 9.342419217161078426e-02 7.127316165684964306e-04 0.000000000000000000e+00 1.963495408493620871e-03
2.548026934773348557e+02 1.029825229593804292e-01 7.124935196816493000e-04 0.000000000000000000e+00 1.963495408493620871e-03
2.550656572626809862e+02 1.196363766952819041e-01 7.183642430065455319e-04 0.000000000000000000e+00 1.963495408493620871e-03
2.551969728684631775e+02 1.251209045428929023e-01 7.213941079759419745e-04 0.000000000000000000e+00 1.963495408493620871e-03
2.554592503919362798e+02 1.265621985725494392e-01 7.173082214815320592e-04 0.000000000000000000e+00 1.963495408493620871e-03
2.555902001666208605e+02 1.198920274488682602e-01 7.134294705263887013e-04 0.000000000000000000e+00 1.963495408493620871e-03
2.558517242483376606e+02 1.014738862389611973e-01 7.126442763010219002e-04 0.000000000000000000e+00 1.963495408493620871e-03
2.559822773182161200e+02 9.632729042266786890e-02 7.125181203362358599e-04 0.000000000000000000e+00 1.963495408493620871e-03
2.562435455896081749e+02 1.015484231695935602e-01 7.016354066250920368e-04 0.000000000000000000e+00 1.963495408493620871e-03
2.563746694716619459e+02 1.166803493208699305e-01 6.941375300466937634e-04 0.000000000000000000e+00 1.963495408493620871e-03
2.566377345223401676e+02 1.621047004990691931e-01 6.865241930966718871e-04 0.000000000000000000e+00 1.963495408493620871e-03
2.567695187985328289e+02 1.850219433872692942e-01 6.830957374103468604e-04 0.000000000000000000e+00 1.963495408493620871e-03
2.570330116727307086e+02 2.217231266028235059e-01 6.662600491653856375e-04 0.000000000000000000e+00 1.963495408493620871e-03
2.571643216883708192e+02 2.294511811043918048e-01 6.567851456227967065e-04 0.000000000000000000e+00 1.963495408493620871e-03
2.574260889106150216e+02 2.269061184657283070e-01 6.477540450419546009e-04 0.000000000000000000e+00 1.963495408493620871e-03
2.575565826888885113e+02 2.191542053868793527e-01 6.448469743575721905e-04 0.000000000000000000e+00 1.963495408493620871e-03
2.578166735343586993e+02 1.849867508752072454e-01 6.317864355228729320e-04 0.000000000000000000e+00 1.963495408493620871e-03
2.579461853087784107e+02 1.544467944149015559e-01 6.253386391307673214e-04 0.000000000000000000e+00 1.963495408493620871e-03
2.582050738180799954e+02 8.718002917778965022e-02 6.243943995840132424e-04 0.000000000000000000e+00 1.963495408493620871e-03
2.583350978385537928e+02 6.507070487744145981e-02 6.263179668429311696e-04 0.000000000000000000e+00 1.963495408493620871e-03
2.585963709957157448e+02 4.597518753503836847e-02 6.225678132924845508e-04 0.000000000000000000e+00 1.963495408493620871e-03
2.587276034290036364e+02 4.922685821841953080e-02 6.200544234572473315e-04 0.000000000000000000e+00 1.963495408493620871e-03
2.589910130804683490e+02 7.694718641637628143e-02 6.258407781386548683e-04 0.000000000000000000e+00 1.963495408493620871e-03
2.591230071115699616e+02 9.831124666659048217e-02 6.306739734457466424e-04 0.000000000000000000e+00 1.963495408493620871e-03
2.593873960084732744e+02 1.453107028842011150e-01 6.313035190791181726e-04 0.000000000000000000e+00 1.963495408493620871e-03
2.595196699759985677e+02 1.635313430765134579e-01 6.307673543987887040e-04 0.000000000000000000e+00 1.963495408493620871e-03
2.597839990747297065e+02 1.867582258778221482e-01 6.398180225536716096e-04 0.000000000000000000e+00 1.963495408493620871e-03
2.599157881926340110e+02 1.904242226072224708e-01 6.450976180312954864e-04 0.000000000000000000e+00 1.963495408493620871e-03
2.601787245083167477e+02 1.882958728816012117e-01 6.445754871314957187e-04 0.000000000000000000e+00 1.963495408493620871e-03
2.603099506535867818e+02 1.866456992346207377e-01 6.425928281119207145e-04 0.000000000000000000e+00 1.963495408493620871e-03
2.605717385499785905e+02 1.822377255942976837e-01 6.461684322498107303e-04 0.000000000000000000e+00 1.963495408493620871e-03
2.607021630714875755e+02 1.789569667137401177e-01 6.476623221192683456e-04 0.000000000000000000e+00 1.963495408493620871e-03
2.609618116219132276e+02 1.613851903717761771e-01 6.385447738851625539e-04 0.000000000000000000e+00 1.963495408493620871e-03
2.610908703864432141e+02 1.414077508178041842e-01 6.318988656951485825e-04 0.000000000000000000e+00 1.963495408493620871e-03
2.613485413894444491e+02 9.269787322963095322e-02 6.258702794310087641e-04 0.000000000000000000e+00 1.963495408493620871e-03
2.614779148729028293e+02 7.386155860940767093e-02 6.231993731172009348e-04 0.000000000000000000e+00 1.963495408493620871e-03
2.617376104499650182e+02 5.038649020979998200e-02 6.073246114350210100e-04 0.000000000000000000e+00 1.963495408493620871e-03
2.618677672270811172e+02 4.711283886677505861e-02 5.974822571507145503e-04 0.000000000000000000e+00 1.963495408493620871e-03
2.621291300196170937e+02 5.827883478548422092e-02 5.873551189059608322e-04 0.000000000000000000e+00 1.963495408493620871e-03
2.622606447819825348e+02 7.286919893939529380e-02 5.837543524719827209e-04 0.000000000000000000e+00 1.963495408493620871e-03
2.625253483079272883e+02 1.181830647694946529e-01 5.663391792286741246e-04 0.000000000000000000e+00 1.963495408493620871e-03
2.626585017229291452e+02 1.473925165425858663e-01 5.565059844046061147e-04 0.000000000000000000e+00 1.963495408493620871e-03
2.629257488864430456e+02 2.118808436708997656e-01 5.485005327418871141e-04 0.000000000000000000e+00 1.963495408493620871e-03
2.630593725202649580e+02 2.423955293823748525e-01 5.461171073256633739e-04 0.000000000000000000e+00 1.963495408493620871e-03
2.633257372683673907e+02 2.858794405451392517e-01 5.319500321975715413e-04 0.000000000000000000e+00 1.963495408493620871e-03
2.634579054936800162e+02 2.898151158770334024e-01 5.250459402600640615e-04 0.000000000000000000e+00 1.963495408493620871e-03
2.637201505632367571e+02 2.714876865603234046e-01 5.239262655815407795e-04 0.000000000000000000e+00 1.963495408493620871e-03
2.638501923642467091e+02 2.546248013845250902e-01 5.248368136778756073e-04 0.000000000000000000e+00 1.963495408493620871e-03
2.641084728712549463e+02 2.047560657041929688e-01 5.177171863035645930e-04 0.000000000000000000e+00 1.963495408493620871e-03
2.642369681113315778e+02 1.717425337334520241e-01 5.141663021473964409e-04 0.000000000000000000e+00 1.963495408493620871e-03
2.644932446498558534e+02 9.568513705264321267e-02 5.189732445567910978e-04 0.000000000000000000e+00 1.963495408493620871e-03
2.646214127261540057e+02 5.684614367630314025e-02 5.232456851237285650e-04 0.000000000000000000e+00 1.963495408493620871e-03
2.648789463890605020e+02 -3.842219681099334067e-03 5.225311125714715826e-04 0.000000000000000000e+00 1.963495408493620871e-03
2.650090804979907944e+02 -1.285425935860462499e-02 5.211318580140777371e-04 0.000000000000000000e+00 1.963495408493620871e-03
2.652717942987105175e+02 6.121464008556434279e-03 5.304443436699845388e-04 0.000000000000000000e+00 1.963495408493620871e-03
2.654040825433071973e+02 2.853626371108708773e-02 5.369783943100363581e-04 0.000000000000000000e+00 1.963495408493620871e-03
2.656696917590003295e+02 8.555255844287476541e-02 5.380129462169104190e-04 0.000000000000000000e+00 1.963495408493620871e-03
2.658024392042614181e+02 1.108508937212943635e-01 5.364033404944673318e-04 0.000000000000000000e+00 1.963495408493620871e-03
2.660682516815452345e+02 1.637216841185174521e-01 5.416539446796071224e-04 0.000000000000000000e+00 1.963495408493620871e-03
2.662016502539827343e+02 1.978774245009661814e-01 5.445536468938286809e-04 0.000000000000000000e+00 1.963495408493620871e-03
2.664689982691715500e+02 2.717062108905159423e-01 5.390405259675398828e-04 0.000000000000000000e+00 1.963495408493620871e-03
2.666026033849034889e+02 3.043961827582659652e-01 5.354643855915268424e-04 0.000000000000000000e+00 1.963495408493620871e-03
2.668681297897171589e+02 3.479368046245697177e-01 5.387427770782997512e-04 0.000000000000000000e+00 1.963495408493620871e-03
2.669990128668674743e+02 3.491525963469231941e-01 5.404335373633865295e-04 0.000000000000000000e+00 1.963495408493620871e-03
2.672569458664082163e+02 2.995263556829931284e-01 5.329376091672979139e-04 0.000000000000000000e+00 1.963495408493620871e-03
2.673840713211758953e+02 2.439150077131501393e-01 5.281662883905351375e-04 0.000000000000000000e+00 1.963495408493620871e-03
2.676371665143515770e+02 1.135806527495165225e-01 5.265455384706203140e-04 0.000000000000000000e+00 1.963495408493620871e-03
2.677648380837010222e+02 6.684950482551789419e-02 5.256080458965387394e-04 0.000000000000000000e+00 1.963495408493620871e-03
2.680228186645094866e+02 1.508175258442065979e-02 5.107180655537451154e-04 0.000000000000000000e+00 1.963495408493620871e-03
2.681532654894479037e+02 1.128750977654715583e-02 5.003380234714521237e-04 0.000000000000000000e+00 1.963495408493620871e-03
2.684162379912232268e+02 2.331620178076758074e-02 4.875408902386908815e-04 0.000000000000000000e+00 1.963495408493620871e-03
2.685481388762834172e+02 2.107569235562169879e-02 4.813610409128349973e-04 0.000000000000000000e+00 1.963495408493620871e-03
2.688124307914584392e+02 4.902489895237898028e-03 4.563293338307284697e-04 0.000000000000000000e+00 1.963495408493620871e-03
2.689446237154963342e+02 -4.225694074918144930e-03 4.421451015424557752e-04 0.000000000000000000e+00 1.963495408493620871e-03
2.692092230769072785e+02 -1.314551816524887895e-02 4.251969755543586220e-04 0.000000000000000000e+00 1.963495408493620871e-03
2.693417045227419067e+02 -5.985253218401459518e-03 4.182628644204410169e-04 0.000000000000000000e+00 1.963495408493620871e-03
2.696071277526531844e+02 3.028083724934296783e-02 3.949450028384706227e-04 0.000000000000000000e+00 1.963495408493620871e-03
2.697401175707587413e+02 5.819549698077952637e-02 3.834751425220595672e-04 0.000000000000000000e+00 1.963495408493620871e-03
2.700048229525956458e+02 1.080088690674076424e-01 3.742592359966342855e-04 0.000000000000000000e+00 1.963495408493620871e-03
2.701352687655243017e+02 1.127997242804002487e-01 3.718810524517216897e-04 0.000000000000000000e+00 1.963495408493620871e-03
2.703928879686050095e+02 8.621850807469759459e-02 3.603313632252434784e-04 0.000000000000000000e+00 1.963495408493620871e-03
2.705205260292176490e+02 5.920202932473907220e-02 3.555926667847388121e-04 0.000000000000000000e+00 1.963495408493620871e-03
2.707746913545461780e+02 -1.295985139951604317e-02 3.596437935465872046e-04 0.000000000000000000e+00 1.963495408493620871e-03
2.709020700561379158e+02 -5.164975041423250368e-02 3.644788550078910958e-04 0.000000000000000000e+00 1.963495408493620871e-03
2.711581788863700240e+02 -1.211010757489545675e-01 3.665557039515311981e-04 0.000000000000000000e+00 1.963495408493620871e-03
2.712873865701211571e+02 -1.429365672254994113e-01 3.670021656961968966e-04 0.000000000000000000e+00 1.963495408493620871e-03
2.715486610596501009e+02 -1.521690437315099120e-01 3.804282139627676801e-04 0.000000000000000000e+00 1.963495408493620871e-03
2.716810753470576287e+02 -1.341336249359841581e-01 3.896217102125688111e-04 0.000000000000000000e+00 1.963495408493620871e-03
2.719483157511722879e+02 -6.787594138398853061e-02 3.965678138923165114e-04 0.000000000000000000e+00 1.963495408493620871e-03
2.720822778952693284e+02 -3.115153528914778314e-02 3.983418972476308753e-04 0.000000000000000000e+00 1.963495408493620871e-03
2.723503639904404281e+02 4.290390805753787479e-02 4.130997180346838993e-04 0.000000000000000000e+00 1.963495408493620871e-03
2.724841761312982271e+02 7.635771635881193065e-02 4.215320362382446798e-04 0.000000000000000000e+00 1.963495408493620871e-03
2.727508020948154694e+02 1.230896835630989061e-01 4.268150341023752058e-04 0.000000000000000000e+00 1.963495408493620871e-03
2.728832691636862933e+02 1.282906017914267338e-01 4.283675887142093536e-04 0.000000000000000000e+00 1.963495408493620871e-03
2.731457833585165531e+02 1.069759478224469595e-01 4.411289906632778605e-04 0.000000000000000000e+00 1.963495408493620871e-03
2.732752955830205224e+02 8.192624987539376402e-02 4.470352223555581518e-04 0.000000000000000000e+00 1.963495408493620871e-03
2.735319834438066664e+02 1.707505588553172998e-02 4.454813553385181171e-04 0.000000000000000000e+00 1.963495408493620871e-03
2.736600039533116160e+02 -1.279843662806461058e-02 4.424556101379329798e-04 0.000000000000000000e+00 1.963495408493620871e-03
2.739164127201808583e+02 -5.736045398203393209e-02 4.440319610468995639e-04 0.000000000000000000e+00 1.963495408493620871e-03
2.740454460388783104e+02 -6.564956226254051175e-02 4.447535987961099614e-04 0.000000000000000000e+00 1.963495408493620871e-03
2.743052600487558266e+02 -5.894012685801397478e-02 4.329274323560066795e-04 0.000000000000000000e+00 1.963495408493620871e-03
2.744360588878159888e+02 -4.777138379545974034e-02 4.242779520297839226e-04 0.000000000000000000e+00 1.963495408493620871e-03
2.746990587394624299e+02 -1.410323770963894940e-02 4.156368743678123009e-04 0.000000000000000000e+00 1.963495408493620871e-03
2.748309732590349768e+02 5.557084317181326671e-03 4.117329974246473185e-04 0.000000000000000000e+00 1.963495408493620871e-03
2.750956105446537663e+02 5.335432307664998708e-02 3.913003328316466537e-04 0.000000000000000000e+00 1.963495408493620871e-03
2.752283299476045499e+02 8.357187014497474697e-02 3.790265708574434280e-04 0.000000000000000000e+00 1.963495408493620871e-03
2.754942208097650109e+02 1.504904289532223438e-01 3.642522288594505098e-04 0.000000000000000000e+00 1.963495408493620871e-03
2.756271347231466962e+02 1.827100283095980660e-01 3.583082007443660075e-04 0.000000000000000000e+00 1.963495408493620871e-03
2.758920307711152304e+02 2.292521922433632398e-01 3.391922301507427438e-04 0.000000000000000000e+00 1.963495408493620871e-03
2.760234231940636960e+02 2.335365899784891952e-01 3.306047858593851832e-04 0.000000000000000000e+00 1.963495408493620871e-03
2.762841478956407286e+02 2.067657682649592654e-01 3.270929309104642926e-04 0.000000000000000000e+00 1.963495408493620871e-03
2.764135358100512008e+02 1.777385829258470995e-01 3.280585505747692023e-04 0.000000000000000000e+00 1.963495408493620871e-03
2.766709558815879291e+02 1.019336122598686611e-01 3.248562473984133278e-04 0.000000000000000000e+00 1.963495408493620871e-03
2.767993692384131919e+02 6.366761863089488716e-02 3.242397097506576975e-04 0.000000000000000000e+00 1.963495408493620871e-03
2.770561355489512039e+02 -7.405138234134446551e-03 3.352026792996340063e-04 0.000000000000000000e+00 1.963495408493620871e-03
2.771848368403779546e+02 -3.638174358390633412e-02 3.431482725378011802e-04 0.000000000000000000e+00 1.963495408493620871e-03
2.774432131419031862e+02 -7.420432468933732539e-02 3.516448453515708854e-04 0.000000000000000000e+00 1.963495408493620871e-03
2.775731093582582503e+02 -7.819407773583192389e-02 3.547268470795470548e-04 0.000000000000000000e+00 1.963495408493620871e-03
2.778342375084965852e+02 -6.382777088889879380e-02 3.685854558406485891e-04 0.000000000000000000e+00 1.963495408493620871e-03
2.779653779300404040e+02 -5.178178003779008998e-02 3.761486731275386574e-04 0.000000000000000000e+00 1.963495408493620871e-03
2.782287617750905042e+02 -2.428427339710535066e-02 3.791010288571069315e-04 0.000000000000000000e+00 1.963495408493620871e-03
2.783609594894798533e+02 -1.325557032761594950e-02 3.770391533498752444e-04 0.000000000000000000e+00 1.963495408493620871e-03
2.786258984765307787e+02 1.404172480980973338e-03 3.763129609763354107e-04 0.000000000000000000e+00 1.963495408493620871e-03
2.787582950376099689e+02 4.168492730949118277e-03 3.750275735340382948e-04 0.000000000000000000e+00 1.963495408493620871e-03
2.790228270731905695e+02 2.140470271373082645e-03 3.610272989873424638e-04 0.000000000000000000e+00 1.963495408493620871e-03
2.791548929839900666e+02 -1.672046168893003698e-03 3.516290815683653474e-04 0.000000000000000000e+00 1.963495408493620871e-03
2.794183719782719777e+02 -1.670780837121183665e-02 3.385872052026508267e-04 0.000000000000000000e+00 1.963495408493620871e-03
2.795496015817780631e+02 -2.941024732534303077e-02 3.325540044082532639e-04 0.000000000000000000e+00 1.963495408493620871e-03
2.798103792434891375e+02 -6.966292088474282385e-02 3.145667897830528776e-04 0.000000000000000000e+00 1.963495408493620871e-03
2.799394899367949847e+02 -1.005580968479341808e-01 3.060866489225421219e-04 0.000000000000000000e+00 1.963495408493620871e-03
2.801967396689652787e+02 -1.627092940222357731e-01 3.002411979296451408e-04 0.000000000000000000e+00 1.963495408493620871e-03
2.803260045951138864e+02 -1.788504979905305992e-01 3.009659564518352018e-04 0.000000000000000000e+00 1.963495408493620871e-03
2.805863772181032232e+02 -1.762440762036266984e-01 3.030773668796470630e-04 0.000000000000000000e+00 1.963495408493620871e-03
2.807178027305288310e+02 -1.552202356560726249e-01 3.062980309833200090e-04 0.000000000000000000e+00 1.963495408493620871e-03
2.809831902660368996e+02 -7.009349583802326755e-02 3.240676676106242124e-04 0.000000000000000000e+00 1.963495408493620871e-03
2.811171648096955096e+02 -3.524664079152425335e-03 3.359960192171592493e-04 0.000000000000000000e+00 1.963495408493620871e-03
2.813876308331442146e+02 1.777304313682266934e-01 3.569387646681481405e-04 0.000000000000000000e+00 1.963495408493620871e-03
2.815240735650922375e+02 2.920313579410038773e-01 3.673807117397208670e-04 0.000000000000000000e+00 1.963495408493620871e-03
2.817986869374124694e+02 5.535634678437194589e-01 3.919380186209580610e-04 0.000000000000000000e+00 1.963495408493620871e-03
2.819363786123649902e+02 6.912400204677860982e-01 4.026507019678452360e-04 0.000000000000000000e+00 1.963495408493620871e-03
2.822123068225130282e+02 9.770216301967420414e-01 4.142054868183122881e-04 0.000000000000000000e+00 1.963495408493620871e-03
2.823504133463120525e+02 1.123422892173650656e+00 4.169900081545401438e-04 0.000000000000000000e+00 1.963495408493620871e-03
2.826247211482498756e+02 1.385178566206217488e+00 4.188493345837951865e-04 0.000000000000000000e+00 1.963495408493620871e-03
2.827594674427938912e+02 1.479440775437175670e+00 4.160369841140494195e-04 0.000000000000000000e+00 1.963495408493620871e-03
