# q:1.000000e+00, m:1.836000e+03, N:480 - x,px,py,pz,w
1.884945864653038825e+02 -2.220212775239828851e+00 9.349431461392720532e-04 0.000000000000000000e+00 1.963495408493620871e-03
1.886448908897724834e+02 -2.025576844703384616e+00 9.370915070135361121e-04 0.000000000000000000e+00 1.963495408493620871e-03
1.889563782671403942e+02 -1.522454032324619622e+00 9.427984435596713144e-04 0.000000000000000000e+00 1.963495408493620871e-03
1.891095371344473790e+02 -1.285288915379100505e+00 9.393728082805591871e-04 0.000000000000000000e+00 1.963495408493620871e-03
1.894088871656760205e+02 -8.599922658341099257e-01 9.381998806057406919e-04 0.000000000000000000e+00 1.963495408493620871e-03
1.895550298992463354e+02 -6.755406905224919933e-01 9.420897997729541472e-04 0.000000000000000000e+00 1.963495408493620871e-03
1.898422276369555277e+02 -3.599158487562028053e-01 9.430747168221054882e-04 0.000000000000000000e+00 1.963495408493620871e-03
1.899846922366699005e+02 -2.293019114538080161e-01 9.411698824384666460e-04 0.000000000000000000e+00 1.963495408493620871e-03
1.902669959167763523e+02 -2.479103829180984847e-02 9.435086734625945225e-04 0.000000000000000000e+00 1.963495408493620871e-03
1.904064151531307232e+02 4.898471105787079172e-02 9.459131128731468590e-04 0.000000000000000000e+00 1.963495408493620871e-03
1.906811305586927574e+02 1.456579769915365974e-01 9.465662390507720465e-04 0.000000000000000000e+00 1.963495408493620871e-03
1.908159602219015198e+02 1.712915386181005917e-01 9.462501075406574112e-04 0.000000000000000000e+00 1.963495408493620871e-03
1.910806891913566403e+02 1.819298949710986268e-01 9.475888355047177875e-04 0.000000000000000000e+00 1.963495408493620871e-03
1.912106484837403286e+02 1.696164948885499069e-01 9.486210554724031161e-04 0.000000000000000000e+00 1.963495408493620871e-03
1.914676610669555146e+02 1.246835687351483257e-01 9.501778530750886170e-04 0.000000000000000000e+00 1.963495408493620871e-03
1.915960057244075756e+02 1.026459035998465164e-01 9.506081093655666548e-04 0.000000000000000000e+00 1.963495408493620871e-03
1.918530531058419797e+02 6.317228194465648872e-02 9.505337881880189087e-04 0.000000000000000000e+00 1.963495408493620871e-03
1.919821170848790928e+02 4.772794834597014757e-02 9.507493795391337103e-04 0.000000000000000000e+00 1.963495408493620871e-03
1.922408484556702604e+02 2.268322573020557786e-02 9.536183194621583765e-04 0.000000000000000000e+00 1.963495408493620871e-03
1.923701366702339328e+02 1.068518993404204975e-02 9.550127616969319652e-04 0.000000000000000000e+00 1.963495408493620871e-03
1.926288806757088707e+02 -9.192400968396959721e-03 9.540424924832583819e-04 0.000000000000000000e+00 1.963495408493620871e-03
1.927585810266778026e+02 -1.471554549579236551e-02 9.532741572191361958e-04 0.000000000000000000e+00 1.963495408493620871e-03
1.930185280024077201e+02 -2.239597711841592037e-02 9.563444437513891807e-04 0.000000000000000000e+00 1.963495408493620871e-03
1.931486648633628249e+02 -2.861827066719771495e-02 9.582932772394948517e-04 0.000000000000000000e+00 1.963495408493620871e-03
1.934092115737833524e+02 -4.523945137371183922e-02 9.564959057431184422e-04 0.000000000000000000e+00 1.963495408493620871e-03
1.935395786228682198e+02 -5.494983819585952389e-02 9.549628095597798450e-04 0.000000000000000000e+00 1.963495408493620871e-03
1.938005661684202607e+02 -7.359916130225160891e-02 9.585923935717460213e-04 0.000000000000000000e+00 1.963495408493620871e-03
1.939312233296821546e+02 -8.011719469491312973e-02 9.612743033075848032e-04 0.000000000000000000e+00 1.963495408493620871e-03
1.941928675599606038e+02 -8.775327740243962782e-02 9.591665915771880723e-04 0.000000000000000000e+00 1.963495408493620871e-03
1.943238410489307171e+02 -8.930435648890955314e-02 9.570604883058853388e-04 0.000000000000000000e+00 1.963495408493620871e-03
1.945861474093468928e+02 -8.914134451977470674e-02 9.607956822933819141e-04 0.000000000000000000e+00 1.963495408493620871e-03
1.947175079128280402e+02 -8.839136522104007465e-02 9.638063454886979745e-04 0.000000000000000000e+00 1.963495408493620871e-03
1.949805343553191506e+02 -8.900571304228670211e-02 9.616378176698137971e-04 0.000000000000000000e+00 1.963495408493620871e-03
1.951121069228247222e+02 -9.281543489883062326e-02 9.594637718068536967e-04 0.000000000000000000e+00 1.963495408493620871e-03
1.953751771265245623e+02 -1.058479280244301046e-01 9.636180324573346331e-04 0.000000000000000000e+00 1.963495408493620871e-03
1.955065327259373475e+02 -1.138923472268298376e-01 9.668034231137690847e-04 0.000000000000000000e+00 1.963495408493620871e-03
1.957688159312715186e+02 -1.313099891818249043e-01 9.647479729954879565e-04 0.000000000000000000e+00 1.963495408493620871e-03
1.958996933175125719e+02 -1.396839075259895258e-01 9.626888177512056815e-04 0.000000000000000000e+00 1.963495408493620871e-03
1.961606830182332715e+02 -1.587628092979373462e-01 9.670307785258846177e-04 0.000000000000000000e+00 1.963495408493620871e-03
1.962906221039294508e+02 -1.716462525471400546e-01 9.703684869730457539e-04 0.000000000000000000e+00 1.963495408493620871e-03
1.965499401807312836e+02 -1.960453338023999126e-01 9.691356928143090525e-04 0.000000000000000000e+00 1.963495408493620871e-03
1.966797013638699241e+02 -2.018423420968210591e-01 9.673004249232321650e-04 0.000000000000000000e+00 1.963495408493620871e-03
1.969399297654764780e+02 -1.964063046579317129e-01 9.711864331860210926e-04 0.000000000000000000e+00 1.963495408493620871e-03
1.970707042283013379e+02 -1.828470196451602858e-01 9.744542700553659054e-04 0.000000000000000000e+00 1.963495408493620871e-03
1.973331285300535569e+02 -1.460468452908500470e-01 9.739354564717013583e-04 0.000000000000000000e+00 1.963495408493620871e-03
1.974644223282273572e+02 -1.317958165155014849e-01 9.724729918441212071e-04 0.000000000000000000e+00 1.963495408493620871e-03
1.977270998728212703e+02 -1.110557368160416669e-01 9.761354382546360772e-04 0.000000000000000000e+00 1.963495408493620871e-03
1.978584492202641911e+02 -1.033731183652175922e-01 9.791040908808867557e-04 0.000000000000000000e+00 1.963495408493620871e-03
1.981210945910561634e+02 -9.202333678102805892e-02 9.792698199248244927e-04 0.000000000000000000e+00 1.963495408493620871e-03
1.982523268047386864e+02 -8.754886957728391650e-02 9.783628499110638178e-04 0.000000000000000000e+00 1.963495408493620871e-03
1.985145662215548725e+02 -8.420186495477666178e-02 9.814308044880769993e-04 0.000000000000000000e+00 1.963495408493620871e-03
1.986455314660096860e+02 -8.783536144248550726e-02 9.838086714365765553e-04 0.000000000000000000e+00 1.963495408493620871e-03
1.989071087677783112e+02 -1.067085108423860423e-01 9.845870982919321945e-04 0.000000000000000000e+00 1.963495408493620871e-03
1.990376813668090392e+02 -1.224694577978280297e-01 9.842027328150842157e-04 0.000000000000000000e+00 1.963495408493620871e-03
1.992986494280978036e+02 -1.573462653868587247e-01 9.862095075202279276e-04 0.000000000000000000e+00 1.963495408493620871e-03
1.994292184043477789e+02 -1.698015701766740770e-01 9.877648931278261695e-04 0.000000000000000000e+00 1.963495408493620871e-03
1.996904590796936816e+02 -1.873598341046435189e-01 9.889057499607252413e-04 0.000000000000000000e+00 1.963495408493620871e-03
1.998210524366662071e+02 -1.950148761250779517e-01 9.889565818129112534e-04 0.000000000000000000e+00 1.963495408493620871e-03
2.000822662530887044e+02 -2.094327511720948110e-01 9.897647062685156413e-04 0.000000000000000000e+00 1.963495408493620871e-03
2.002129348379365865e+02 -2.171150790503210137e-01 9.904227681710412335e-04 0.000000000000000000e+00 1.963495408493620871e-03
2.004744878420304985e+02 -2.306126954585634437e-01 9.918694393182571605e-04 0.000000000000000000e+00 1.963495408493620871e-03
2.006054225673663893e+02 -2.343464534482450623e-01 9.924130502144180594e-04 0.000000000000000000e+00 1.963495408493620871e-03
2.008674894508122009e+02 -2.380479868669942434e-01 9.921916973728913281e-04 0.000000000000000000e+00 1.963495408493620871e-03
2.009985194019050709e+02 -2.399024237457383357e-01 9.920359576320294994e-04 0.000000000000000000e+00 1.963495408493620871e-03
2.012606568266308784e+02 -2.418754755275693002e-01 9.939713093560793421e-04 0.000000000000000000e+00 1.963495408493620871e-03
2.013918187241773694e+02 -2.406714957633785124e-01 9.950955498272213897e-04 0.000000000000000000e+00 1.963495408493620871e-03
2.016542990735774197e+02 -2.340517153160625030e-01 9.939822946671338175e-04 0.000000000000000000e+00 1.963495408493620871e-03
2.017855786617505203e+02 -2.289399620823075465e-01 9.930673429631949913e-04 0.000000000000000000e+00 1.963495408493620871e-03
2.020482591787304614e+02 -2.138603148568268275e-01 9.954439719897793977e-04 0.000000000000000000e+00 1.963495408493620871e-03
2.021796795788885959e+02 -2.030628057407096732e-01 9.970814850983880304e-04 0.000000000000000000e+00 1.963495408493620871e-03
2.024427154174103123e+02 -1.740433437740275258e-01 9.952638541743644065e-04 0.000000000000000000e+00 1.963495408493620871e-03
2.025743400392689182e+02 -1.553298673144233866e-01 9.937935696221647346e-04 0.000000000000000000e+00 1.963495408493620871e-03
2.028377510570186075e+02 -1.115756642261029052e-01 9.966576790133771773e-04 0.000000000000000000e+00 1.963495408493620871e-03
2.029694875723990890e+02 -8.809815051248115481e-02 9.986806036933397294e-04 0.000000000000000000e+00 1.963495408493620871e-03
2.032330492175919403e+02 -3.911292203095811937e-02 9.962432309968589656e-04 0.000000000000000000e+00 1.963495408493620871e-03
2.033648840370416622e+02 -1.434049501249652810e-02 9.944277900042512372e-04 0.000000000000000000e+00 1.963495408493620871e-03
2.036284664116511181e+02 2.958582659949784283e-02 9.979150134478897635e-04 0.000000000000000000e+00 1.963495408493620871e-03
2.037600682723460466e+02 4.460661813658634012e-02 1.000267684511493491e-03 0.000000000000000000e+00 1.963495408493620871e-03
2.040229466044428648e+02 6.135746454056953403e-02 9.974655133645085690e-04 0.000000000000000000e+00 1.963495408493620871e-03
2.041542567579609226e+02 6.368537696524775860e-02 9.954780371244638208e-04 0.000000000000000000e+00 1.963495408493620871e-03
2.044166314188059630e+02 5.971283114702935491e-02 9.993828448914296534e-04 0.000000000000000000e+00 1.963495408493620871e-03
2.045476848881162368e+02 5.539117627888047457e-02 1.001994076792722763e-03 0.000000000000000000e+00 1.963495408493620871e-03
2.048094820800562275e+02 4.257712534219099121e-02 9.993393634379315726e-04 0.000000000000000000e+00 1.963495408493620871e-03
2.049401849783964451e+02 3.416015480594215836e-02 9.973718079835487086e-04 0.000000000000000000e+00 1.963495408493620871e-03
2.052009849309486924e+02 1.041757605541061490e-02 1.001354259162739535e-03 0.000000000000000000e+00 1.963495408493620871e-03
2.053309226944759303e+02 -6.902234424596988792e-03 1.004025679545417302e-03 0.000000000000000000e+00 1.963495408493620871e-03
2.055904642244861691e+02 -4.349216822332240689e-02 1.001435513054255936e-03 0.000000000000000000e+00 1.963495408493620871e-03
2.057204754035992096e+02 -5.657620224598446101e-02 9.992524846638196640e-04 0.000000000000000000e+00 1.963495408493620871e-03
2.059810625016141898e+02 -7.322451086275000298e-02 1.002563869724938054e-03 0.000000000000000000e+00 1.963495408493620871e-03
2.061116525902287151e+02 -7.791985531585748914e-02 1.005255629024732079e-03 0.000000000000000000e+00 1.963495408493620871e-03
2.063731499933909390e+02 -8.523909988828524964e-02 1.003675459855283073e-03 0.000000000000000000e+00 1.963495408493620871e-03
2.065038508300507658e+02 -9.146211882440480334e-02 1.002180687879802683e-03 0.000000000000000000e+00 1.963495408493620871e-03
2.067651841651126858e+02 -1.077389766441584074e-01 1.006777203383246591e-03 0.000000000000000000e+00 1.963495408493620871e-03
2.068958389451995572e+02 -1.166965109940778234e-01 1.010168624535358415e-03 0.000000000000000000e+00 1.963495408493620871e-03
2.071572085560136713e+02 -1.334614778850785610e-01 1.010283746201058467e-03 0.000000000000000000e+00 1.963495408493620871e-03
2.072879666725496008e+02 -1.395039478630797636e-01 1.009350206399377845e-03 0.000000000000000000e+00 1.963495408493620871e-03
2.075496181175974471e+02 -1.477605727572447181e-01 1.013310107233739371e-03 0.000000000000000000e+00 1.963495408493620871e-03
2.076804870924816271e+02 -1.507843626846179785e-01 1.016106082759523970e-03 0.000000000000000000e+00 1.963495408493620871e-03
2.079423033728666041e+02 -1.550771781618987544e-01 1.016297312122267909e-03 0.000000000000000000e+00 1.963495408493620871e-03
2.080732338945143454e+02 -1.566766033972670502e-01 1.015540441450778382e-03 0.000000000000000000e+00 1.963495408493620871e-03
2.083351543566490420e+02 -1.583838836362139457e-01 1.018518590733727067e-03 0.000000000000000000e+00 1.963495408493620871e-03
2.084661427167656598e+02 -1.582733913384371249e-01 1.020692216217573486e-03 0.000000000000000000e+00 1.963495408493620871e-03
2.087281628937360836e+02 -1.565655400608797765e-01 1.021189513412977968e-03 0.000000000000000000e+00 1.963495408493620871e-03
2.088591729750871764e+02 -1.553695840086030677e-01 1.020806608398775774e-03 0.000000000000000000e+00 1.963495408493620871e-03
2.091212212958066061e+02 -1.517979581323704308e-01 1.023073039985886125e-03 0.000000000000000000e+00 1.963495408493620871e-03
2.092522676802309149e+02 -1.491311839575641118e-01 1.024722776996724819e-03 0.000000000000000000e+00 1.963495408493620871e-03
2.095143966896879704e+02 -1.424339141248051610e-01 1.025762498710424244e-03 0.000000000000000000e+00 1.963495408493620871e-03
2.096454601641049180e+02 -1.387775140829215770e-01 1.025876734072216209e-03 0.000000000000000000e+00 1.963495408493620871e-03
2.099076066528389504e+02 -1.305871269850553129e-01 1.027657087805764142e-03 0.000000000000000000e+00 1.963495408493620871e-03
2.100386931555641468e+02 -1.259236778569743365e-01 1.028892117726479824e-03 0.000000000000000000e+00 1.963495408493620871e-03
2.103008804968727645e+02 -1.161724341951602957e-01 1.030659874317145551e-03 0.000000000000000000e+00 1.963495408493620871e-03
2.104319599598850630e+02 -1.116564598180302126e-01 1.031325809420427422e-03 0.000000000000000000e+00 1.963495408493620871e-03
2.106940996526557228e+02 -1.030306908303513097e-01 1.032650978902256754e-03 0.000000000000000000e+00 1.963495408493620871e-03
2.108251549604423474e+02 -9.874707912088456774e-02 1.033467454914976718e-03 0.000000000000000000e+00 1.963495408493620871e-03
2.110872252723583244e+02 -9.066601408317082056e-02 1.035900233374671990e-03 0.000000000000000000e+00 1.963495408493620871e-03
2.112182202134972044e+02 -8.725168263634626442e-02 1.037077177227367728e-03 0.000000000000000000e+00 1.963495408493620871e-03
2.114801266946052181e+02 -8.158282582861019205e-02 1.037985219331879864e-03 0.000000000000000000e+00 1.963495408493620871e-03
2.116110248855840155e+02 -7.932123652473614672e-02 1.038394471853251776e-03 0.000000000000000000e+00 1.963495408493620871e-03
2.118727221101025862e+02 -7.578157119444484113e-02 1.041229706421352690e-03 0.000000000000000000e+00 1.963495408493620871e-03
2.120035171315825835e+02 -7.447150590571825768e-02 1.042757015381588857e-03 0.000000000000000000e+00 1.963495408493620871e-03
2.122650425682288073e+02 -7.230560778433108016e-02 1.043233528762065564e-03 0.000000000000000000e+00 1.963495408493620871e-03
2.123957901071867980e+02 -7.120664739814872024e-02 1.043260280666703484e-03 0.000000000000000000e+00 1.963495408493620871e-03
2.126573021933053553e+02 -6.825092663269427540e-02 1.046276725373272796e-03 0.000000000000000000e+00 1.963495408493620871e-03
2.127880852704598169e+02 -6.599444800579977455e-02 1.048035012220360686e-03 0.000000000000000000e+00 1.963495408493620871e-03
2.130497220313259845e+02 -5.996281449182464668e-02 1.048144726770842711e-03 0.000000000000000000e+00 1.963495408493620871e-03
2.131805727928166050e+02 -5.632260851435801075e-02 1.047844220062258379e-03 0.000000000000000000e+00 1.963495408493620871e-03
2.134423488697066205e+02 -4.770821005428667327e-02 1.050838788613094000e-03 0.000000000000000000e+00 1.963495408493620871e-03
2.135732684812790865e+02 -4.274445050672692065e-02 1.052690107737880038e-03 0.000000000000000000e+00 1.963495408493620871e-03
2.138351680488805471e+02 -3.179538298880968394e-02 1.052484544093172441e-03 0.000000000000000000e+00 1.963495408493620871e-03
2.139661337500861578e+02 -2.608903480388954921e-02 1.051917814983809691e-03 0.000000000000000000e+00 1.963495408493620871e-03
2.142280884530172500e+02 -1.457406851869961183e-02 1.054610047825088387e-03 0.000000000000000000e+00 1.963495408493620871e-03
2.143590599830308747e+02 -9.072698294400594748e-03 1.056378034162199072e-03 0.000000000000000000e+00 1.963495408493620871e-03
2.146209901215817126e+02 1.412406360597470018e-03 1.056028949698513929e-03 0.000000000000000000e+00 1.963495408493620871e-03
2.147519364304733074e+02 6.334403392959746942e-03 1.055373084118645935e-03 0.000000000000000000e+00 1.963495408493620871e-03
2.150137887299201225e+02 1.527853138806290617e-02 1.057714325647587201e-03 0.000000000000000000e+00 1.963495408493620871e-03
2.151446810531767539e+02 1.904771891153483887e-02 1.059315876910010444e-03 0.000000000000000000e+00 1.963495408493620871e-03
2.154064102452553300e+02 2.525242300937841772e-02 1.058985376567126791e-03 0.000000000000000000e+00 1.963495408493620871e-03
2.155372439281466654e+02 2.767901329809823591e-02 1.058339846611824854e-03 0.000000000000000000e+00 1.963495408493620871e-03
2.157988684410653093e+02 3.127941909699229195e-02 1.060149367352456644e-03 0.000000000000000000e+00 1.963495408493620871e-03
2.159296600301522631e+02 3.244417350258090027e-02 1.061476912481628667e-03 0.000000000000000000e+00 1.963495408493620871e-03
2.161912011615769416e+02 3.312302506524203438e-02 1.061402402584290909e-03 0.000000000000000000e+00 1.963495408493620871e-03
2.163219376273862906e+02 3.229900891032698451e-02 1.060946528234947865e-03 0.000000000000000000e+00 1.963495408493620871e-03
2.165833418521918929e+02 2.765661722930876087e-02 1.062222708038893177e-03 0.000000000000000000e+00 1.963495408493620871e-03
2.167139981944987142e+02 2.333707082829714063e-02 1.063206189031794691e-03 0.000000000000000000e+00 1.963495408493620871e-03
2.169753324971597124e+02 1.297443968192001085e-02 1.063448043321797145e-03 0.000000000000000000e+00 1.963495408493620871e-03
2.171060773608160162e+02 8.470302951959263887e-03 1.063267109130142758e-03 0.000000000000000000e+00 1.963495408493620871e-03
2.173677020087098413e+02 2.874167061903982329e-04 1.064144446735139924e-03 0.000000000000000000e+00 1.963495408493620871e-03
2.174985492502393356e+02 -3.967285633952389798e-03 1.064864831450284492e-03 0.000000000000000000e+00 1.963495408493620871e-03
2.177602698705825333e+02 -1.359324141142053549e-02 1.065749441716662763e-03 0.000000000000000000e+00 1.963495408493620871e-03
2.178911030023124624e+02 -1.954405706267180881e-02 1.066015529237326290e-03 0.000000000000000000e+00 1.963495408493620871e-03
2.181527126150626543e+02 -3.352323947470548654e-02 1.066534689070469579e-03 0.000000000000000000e+00 1.963495408493620871e-03
2.182834781079255890e+02 -4.144607291600504312e-02 1.066931227440802432e-03 0.000000000000000000e+00 1.963495408493620871e-03
2.185449642896327020e+02 -5.779158460879021270e-02 1.068475935950888127e-03 0.000000000000000000e+00 1.963495408493620871e-03
2.186756966621262563e+02 -6.535529357452186938e-02 1.069238222114703282e-03 0.000000000000000000e+00 1.963495408493620871e-03
2.189371808943050155e+02 -7.832241491847094506e-02 1.069446616533566109e-03 0.000000000000000000e+00 1.963495408493620871e-03
2.190679476160284196e+02 -8.322216590066326691e-02 1.069482059246359192e-03 0.000000000000000000e+00 1.963495408493620871e-03
2.193295664559985880e+02 -8.951413292857733628e-02 1.071419382843950656e-03 0.000000000000000000e+00 1.963495408493620871e-03
2.194604300690159846e+02 -9.079004470034411634e-02 1.072504290817131393e-03 0.000000000000000000e+00 1.963495408493620871e-03
2.197222803499208510e+02 -8.990881208422554782e-02 1.072109150205880195e-03 0.000000000000000000e+00 1.963495408493620871e-03
2.198532638499022482e+02 -8.805593834517827512e-02 1.071679542108828175e-03 0.000000000000000000e+00 1.963495408493620871e-03
2.201153404289454727e+02 -8.199473499409369592e-02 1.073954831733931088e-03 0.000000000000000000e+00 1.963495408493620871e-03
2.202464163584140238e+02 -7.816785397477414576e-02 1.075383321526390433e-03 0.000000000000000000e+00 1.963495408493620871e-03
2.205086186646888109e+02 -6.917885955745479987e-02 1.074486891389938789e-03 0.000000000000000000e+00 1.963495408493620871e-03
2.206397166940779755e+02 -6.424537658560396103e-02 1.073664611739991994e-03 0.000000000000000000e+00 1.963495408493620871e-03
2.209018729378838657e+02 -5.414344785927377446e-02 1.076310056129858818e-03 0.000000000000000000e+00 1.963495408493620871e-03
2.210328976138022483e+02 -4.948395495614683198e-02 1.078080127408876775e-03 0.000000000000000000e+00 1.963495408493620871e-03
2.212948359054112473e+02 -4.110091516797029915e-02 1.076898993320006071e-03 0.000000000000000000e+00 1.963495408493620871e-03
2.214257366600677415e+02 -3.752552319491117561e-02 1.075797746727866254e-03 0.000000000000000000e+00 1.963495408493620871e-03
2.216874329179792085e+02 -3.098103351780489081e-02 1.078658648316671532e-03 0.000000000000000000e+00 1.963495408493620871e-03
2.218182385895701429e+02 -2.765222620892426528e-02 1.080616297044688931e-03 0.000000000000000000e+00 1.963495408493620871e-03
2.220798104115514775e+02 -2.012322242964065949e-02 1.078976830635043323e-03 0.000000000000000000e+00 1.963495408493620871e-03
2.222105947622599444e+02 -1.550668895935411462e-02 1.077495709548834980e-03 0.000000000000000000e+00 1.963495408493620871e-03
2.224722244566229676e+02 -3.678679535045739288e-03 1.080244888369505081e-03 0.000000000000000000e+00 1.963495408493620871e-03
2.226031006850412837e+02 4.042321970851119745e-03 1.082283608474867353e-03 0.000000000000000000e+00 1.963495408493620871e-03
2.228650027154069164e+02 2.317462174298810101e-02 1.080349259144138853e-03 0.000000000000000000e+00 1.963495408493620871e-03
2.229960325346634704e+02 3.452146037751177565e-02 1.078649012109546539e-03 0.000000000000000000e+00 1.963495408493620871e-03
2.232582452029135425e+02 6.016731523131207959e-02 1.081389309478893558e-03 0.000000000000000000e+00 1.963495408493620871e-03
2.233894123092347002e+02 7.396992259182541551e-02 1.083483997956081590e-03 0.000000000000000000e+00 1.963495408493620871e-03
2.236518361756500326e+02 1.020151833288663878e-01 1.081365386644547906e-03 0.000000000000000000e+00 1.963495408493620871e-03
2.237830597114590603e+02 1.151717861762775463e-01 1.079593864496889008e-03 0.000000000000000000e+00 1.963495408493620871e-03
2.240454701454941926e+02 1.382734410863231678e-01 1.082544056863634415e-03 0.000000000000000000e+00 1.963495408493620871e-03
2.241766058474389069e+02 1.471987307544100620e-01 1.084809233214204622e-03 0.000000000000000000e+00 1.963495408493620871e-03
2.244387161203347603e+02 1.600340685434362697e-01 1.083126856184483565e-03 0.000000000000000000e+00 1.963495408493620871e-03
2.245696668707169579e+02 1.640794714286676337e-01 1.081565907272646595e-03 0.000000000000000000e+00 1.963495408493620871e-03
2.248313723031076279e+02 1.678126240461127183e-01 1.084483707389974523e-03 0.000000000000000000e+00 1.963495408493620871e-03
2.249621248555239106e+02 1.676665377559164449e-01 1.086618877227164739e-03 0.000000000000000000e+00 1.963495408493620871e-03
2.252234892542124385e+02 1.640552201028403767e-01 1.084893069275451013e-03 0.000000000000000000e+00 1.963495408493620871e-03
2.253541301140154189e+02 1.609816828118162679e-01 1.083256476493063645e-03 0.000000000000000000e+00 1.963495408493620871e-03
2.256154178096856810e+02 1.540140094697636797e-01 1.085506637639325426e-03 0.000000000000000000e+00 1.963495408493620871e-03
2.257461119108322691e+02 1.512023193414175626e-01 1.087309165866570540e-03 0.000000000000000000e+00 1.963495408493620871e-03
2.260076934193486409e+02 1.500151358739318097e-01 1.085521850283832808e-03 0.000000000000000000e+00 1.963495408493620871e-03
2.261386298837635707e+02 1.536415155462295956e-01 1.083893892969087398e-03 0.000000000000000000e+00 1.963495408493620871e-03
2.264007816072449373e+02 1.680704322038172049e-01 1.085595607322524048e-03 0.000000000000000000e+00 1.963495408493620871e-03
2.265319720823966634e+02 1.777533881037554053e-01 1.087097576292310941e-03 0.000000000000000000e+00 1.963495408493620871e-03
2.267945146703430339e+02 2.000666191087299428e-01 1.085466942138663951e-03 0.000000000000000000e+00 1.963495408493620871e-03
2.269258095746950517e+02 2.113271037153789944e-01 1.084046084657757552e-03 0.000000000000000000e+00 1.963495408493620871e-03
2.271883338729607260e+02 2.312090328188926014e-01 1.085424007579284186e-03 0.000000000000000000e+00 1.963495408493620871e-03
2.273194776835815105e+02 2.378992494640629896e-01 1.086691066759286339e-03 0.000000000000000000e+00 1.963495408493620871e-03
2.275814112565703908e+02 2.412441460245607350e-01 1.085650643732575344e-03 0.000000000000000000e+00 1.963495408493620871e-03
2.277121154341590739e+02 2.355752692970323747e-01 1.084697066300892429e-03 0.000000000000000000e+00 1.963495408493620871e-03
2.279731184568506137e+02 2.128619021161834435e-01 1.086053057504438079e-03 0.000000000000000000e+00 1.963495408493620871e-03
2.281034931466637943e+02 1.981525049124280846e-01 1.087218914911490574e-03 0.000000000000000000e+00 1.963495408493620871e-03
2.283640759226980492e+02 1.647378924519226351e-01 1.086960209515843573e-03 0.000000000000000000e+00 1.963495408493620871e-03
2.284943248088405880e+02 1.475948474867834481e-01 1.086457296411853920e-03 0.000000000000000000e+00 1.963495408493620871e-03
2.287548815411391558e+02 1.157087270219893937e-01 1.087696302013092461e-03 0.000000000000000000e+00 1.963495408493620871e-03
2.288852745746947335e+02 1.030530179884849296e-01 1.088720795624945319e-03 0.000000000000000000e+00 1.963495408493620871e-03
2.291464032122441949e+02 8.647222502165113900e-02 1.089148727915489456e-03 0.000000000000000000e+00 1.963495408493620871e-03
2.292771997870463281e+02 8.383240959565484152e-02 1.089068564104340390e-03 0.000000000000000000e+00 1.963495408493620871e-03
2.295392584909806715e+02 8.975846529184206002e-02 1.090122659121621224e-03 0.000000000000000000e+00 1.963495408493620871e-03
2.296705045247273063e+02 9.806985930102213311e-02 1.090917149274627440e-03 0.000000000000000000e+00 1.963495408493620871e-03
2.299333319273056020e+02 1.222806843694554113e-01 1.091858514252739372e-03 0.000000000000000000e+00 1.963495408493620871e-03
2.300648337608863017e+02 1.359335793823057137e-01 1.092131406691371643e-03 0.000000000000000000e+00 1.963495408493620871e-03
2.303278948673456057e+02 1.633803377156721748e-01 1.092709516108887700e-03 0.000000000000000000e+00 1.963495408493620871e-03
2.304593658015106996e+02 1.752181894530417117e-01 1.093078449103723109e-03 0.000000000000000000e+00 1.963495408493620871e-03
2.307220419601007961e+02 1.918590021305695004e-01 1.094181500162626870e-03 0.000000000000000000e+00 1.963495408493620871e-03
2.308531412137012637e+02 1.945092924115289501e-01 1.094623030117429898e-03 0.000000000000000000e+00 1.963495408493620871e-03
2.311147736657530061e+02 1.861561433589973835e-01 1.094377774575435803e-03 0.000000000000000000e+00 1.963495408493620871e-03
2.312452425552421573e+02 1.736562941097477275e-01 1.094138466916332996e-03 0.000000000000000000e+00 1.963495408493620871e-03
2.315056493422029291e+02 1.380325928705414817e-01 1.094813140382235820e-03 0.000000000000000000e+00 1.963495408493620871e-03
2.316356892078865712e+02 1.189514052639784325e-01 1.095134912988444823e-03 0.000000000000000000e+00 1.963495408493620871e-03
2.318957022599522588e+02 8.322304113488770971e-02 1.093832948974749354e-03 0.000000000000000000e+00 1.963495408493620871e-03
2.320258372722920797e+02 6.968318285747239493e-02 1.092921102064910947e-03 0.000000000000000000e+00 1.963495408493620871e-03
2.322865618958438745e+02 5.369189924063409725e-02 1.093030162755797164e-03 0.000000000000000000e+00 1.963495408493620871e-03
2.324172658317968683e+02 5.262608579668250075e-02 1.093232086409103585e-03 0.000000000000000000e+00 1.963495408493620871e-03
2.326793711522414299e+02 6.566532482527490111e-02 1.090977656346285183e-03 0.000000000000000000e+00 1.963495408493620871e-03
2.328107626110564752e+02 8.053036744057995300e-02 1.089492124609381688e-03 0.000000000000000000e+00 1.963495408493620871e-03
2.330740827439007319e+02 1.223924272567951804e-01 1.089303828473882178e-03 0.000000000000000000e+00 1.963495408493620871e-03
2.332059003442550988e+02 1.459935316010693429e-01 1.089406369427341811e-03 0.000000000000000000e+00 1.963495408493620871e-03
2.334696555203368575e+02 1.923894017812680657e-01 1.085904405412138705e-03 0.000000000000000000e+00 1.963495408493620871e-03
2.336014544385098759e+02 2.111042457972235886e-01 1.083681069307993123e-03 0.000000000000000000e+00 1.963495408493620871e-03
2.338647073562381706e+02 2.370252741694104937e-01 1.082728048565558725e-03 0.000000000000000000e+00 1.963495408493620871e-03
2.339960309705382713e+02 2.427282887382705701e-01 1.082643948895298377e-03 0.000000000000000000e+00 1.963495408493620871e-03
2.342579018483249627e+02 2.380584707208733830e-01 1.079140981085237707e-03 0.000000000000000000e+00 1.963495408493620871e-03
2.343883306776629070e+02 2.265996797123421835e-01 1.077159893760312997e-03 0.000000000000000000e+00 1.963495408493620871e-03
2.346483113610235591e+02 1.886732692503872988e-01 1.077035750547496390e-03 0.000000000000000000e+00 1.963495408493620871e-03
2.347779476440313999e+02 1.642832689647833189e-01 1.077407547810550238e-03 0.000000000000000000e+00 1.963495408493620871e-03
2.350369730490101574e+02 1.112122235655157443e-01 1.074352862874447664e-03 0.000000000000000000e+00 1.963495408493620871e-03
2.351666636428186905e+02 8.688180638958825641e-02 1.072402028217401583e-03 0.000000000000000000e+00 1.963495408493620871e-03
2.354266474435163161e+02 4.962669771278597347e-02 1.072780267143051127e-03 0.000000000000000000e+00 1.963495408493620871e-03
2.355570817174792637e+02 4.135978260829184516e-02 1.073768889620101011e-03 0.000000000000000000e+00 1.963495408493620871e-03
2.358189925110461047e+02 4.827220895093735364e-02 1.072325570557078637e-03 0.000000000000000000e+00 1.963495408493620871e-03
2.359505584376419165e+02 6.488827961540274969e-02 1.071410722162930221e-03 0.000000000000000000e+00 1.963495408493620871e-03
2.362144720409659726e+02 1.136004638669838307e-01 1.074932733774933841e-03 0.000000000000000000e+00 1.963495408493620871e-03
2.363464889730225025e+02 1.377029178552972577e-01 1.077735500668247550e-03 0.000000000000000000e+00 1.963495408493620871e-03
2.366106263306701294e+02 1.820266932768769275e-01 1.079669263956209869e-03 0.000000000000000000e+00 1.963495408493620871e-03
2.367427487095481808e+02 2.004683562480033543e-01 1.080043176861474616e-03 0.000000000000000000e+00 1.963495408493620871e-03
2.370068277530772605e+02 2.274613178686090420e-01 1.083662172424044870e-03 0.000000000000000000e+00 1.963495408493620871e-03
2.371385837090503514e+02 2.343411132331142954e-01 1.085424385896617159e-03 0.000000000000000000e+00 1.963495408493620871e-03
2.374011011961042925e+02 2.295387233754174472e-01 1.084391683114349896e-03 0.000000000000000000e+00 1.963495408493620871e-03
2.375315738457809402e+02 2.141738216566822506e-01 1.083190970975206422e-03 0.000000000000000000e+00 1.963495408493620871e-03
2.377911304787735958e+02 1.600234275424157193e-01 1.083996024486320571e-03 0.000000000000000000e+00 1.963495408493620871e-03
2.379203472609573566e+02 1.231457814988237559e-01 1.084598545819637520e-03 0.000000000000000000e+00 1.963495408493620871e-03
2.381782654130635706e+02 4.255764430220571048e-02 1.081934217790584286e-03 0.000000000000000000e+00 1.963495408493620871e-03
2.383073593272218034e+02 7.325986201353331187e-03 1.079675824156311548e-03 0.000000000000000000e+00 1.963495408493620871e-03
2.385659997792087950e+02 -5.387576047744870034e-02 1.076836892513713612e-03 0.000000000000000000e+00 1.963495408493620871e-03
2.386956372461684168e+02 -8.119271925048615612e-02 1.075370136827104740e-03 0.000000000000000000e+00 1.963495408493620871e-03
2.389559407632158354e+02 -1.232643523142449848e-01 1.068850442452575324e-03 0.000000000000000000e+00 1.963495408493620871e-03
2.390868703967649651e+02 -1.336296562109198782e-01 1.064811599038641317e-03 0.000000000000000000e+00 1.963495408493620871e-03
2.393501109979955572e+02 -1.270588181732398292e-01 1.059487239785796052e-03 0.000000000000000000e+00 1.963495408493620871e-03
2.394822662600680303e+02 -1.057757729140330893e-01 1.057257813656086766e-03 0.000000000000000000e+00 1.963495408493620871e-03
2.397472661101312781e+02 -3.693938410755046031e-02 1.049785962932850555e-03 0.000000000000000000e+00 1.963495408493620871e-03
2.398798404220110001e+02 2.830160607667035581e-03 1.045478605594626605e-03 0.000000000000000000e+00 1.963495408493620871e-03
2.401448709872921370e+02 8.551465469894969917e-02 1.039117098473893311e-03 0.000000000000000000e+00 1.963495408493620871e-03
2.402771543458945871e+02 1.238471331080184812e-01 1.036225077802920133e-03 0.000000000000000000e+00 1.963495408493620871e-03
2.405407708486493448e+02 1.800720953406154679e-01 1.028322711005877788e-03 0.000000000000000000e+00 1.963495408493620871e-03
2.406717763957624072e+02 1.886359102477243033e-01 1.024098335166585870e-03 0.000000000000000000e+00 1.963495408493620871e-03
2.409322105041619011e+02 1.764302263795842485e-01 1.017382309409229843e-03 0.000000000000000000e+00 1.963495408493620871e-03
2.410616569091558006e+02 1.623356229974036724e-01 1.014356086062625454e-03 0.000000000000000000e+00 1.963495408493620871e-03
2.413200568575581144e+02 1.341263760447670983e-01 1.007320503508071525e-03 0.000000000000000000e+00 1.963495408493620871e-03
2.414497248781065082e+02 1.305453075240848027e-01 1.003640111012812962e-03 0.000000000000000000e+00 1.963495408493620871e-03
2.417098657534391180e+02 1.354111634277437304e-01 9.972190765240537304e-04 0.000000000000000000e+00 1.963495408493620871e-03
2.418401777973726325e+02 1.364347801188851572e-01 9.943105311554297377e-04 0.000000000000000000e+00 1.963495408493620871e-03
2.421012689542525891e+02 1.359398692315929025e-01 9.883936721730402723e-04 0.000000000000000000e+00 1.963495408493620871e-03
2.422320394887990176e+02 1.352834863624543527e-01 9.854989917410981147e-04 0.000000000000000000e+00 1.963495408493620871e-03
2.424941068533677537e+02 1.339014801418564327e-01 9.802791475074150527e-04 0.000000000000000000e+00 1.963495408493620871e-03
2.426254485213452199e+02 1.336172106888367794e-01 9.779420623503506677e-04 0.000000000000000000e+00 1.963495408493620871e-03
2.428882944443369922e+02 1.269753885774755342e-01 9.737651792244182095e-04 0.000000000000000000e+00 1.963495408493620871e-03
2.430194614978879031e+02 1.154919168815751740e-01 9.719066303562494315e-04 0.000000000000000000e+00 1.963495408493620871e-03
2.432813091681429114e+02 7.743183945287882008e-02 9.685565311226874714e-04 0.000000000000000000e+00 1.963495408493620871e-03
2.434120247133185160e+02 5.207646770647597623e-02 9.671769343487421865e-04 0.000000000000000000e+00 1.963495408493620871e-03
2.436733920977802086e+02 4.916764759370110746e-04 9.655002961483148509e-04 0.000000000000000000e+00 1.963495408493620871e-03
2.438042777342834881e+02 -1.743824353627639046e-02 9.647325439064941086e-04 0.000000000000000000e+00 1.963495408493620871e-03
2.440665681983090565e+02 -3.853842238571149326e-02 9.614963756054630169e-04 0.000000000000000000e+00 1.963495408493620871e-03
2.441980200318253651e+02 -4.337143201285391381e-02 9.595990853465830982e-04 0.000000000000000000e+00 1.963495408493620871e-03
2.444609458477756618e+02 -4.443249589754319495e-02 9.573852559697274521e-04 0.000000000000000000e+00 1.963495408493620871e-03
2.445919977833428902e+02 -4.233147920132278308e-02 9.563295317827082663e-04 0.000000000000000000e+00 1.963495408493620871e-03
2.448532065616387285e+02 -3.690609663214219904e-02 9.518203045657445092e-04 0.000000000000000000e+00 1.963495408493620871e-03
2.449833334374092999e+02 -3.642038794129121015e-02 9.491184110079012044e-04 0.000000000000000000e+00 1.963495408493620871e-03
2.452433771316933075e+02 -3.393085421479545560e-02 9.453393275032848098e-04 0.000000000000000000e+00 1.963495408493620871e-03
2.453738065385630023e+02 -2.755017164357456000e-02 9.433958676746657078e-04 0.000000000000000000e+00 1.963495408493620871e-03
2.456354057316462729e+02 -6.644505916125698075e-03 9.362097892348130498e-04 0.000000000000000000e+00 1.963495408493620871e-03
2.457664667500453675e+02 5.918594819448062469e-03 9.319482001074448716e-04 0.000000000000000000e+00 1.963495408493620871e-03
2.460290189499853852e+02 3.458058147390338788e-02 9.258358045876938485e-04 0.000000000000000000e+00 1.963495408493620871e-03
2.461604516052246368e+02 5.035146259783634948e-02 9.228983776272410133e-04 0.000000000000000000e+00 1.963495408493620871e-03
2.464233768162808929e+02 7.801072263711669730e-02 9.130958410612235402e-04 0.000000000000000000e+00 1.963495408493620871e-03
2.465546780937711162e+02 8.489644336294983884e-02 9.074085287642801468e-04 0.000000000000000000e+00 1.963495408493620871e-03
2.468174366769988808e+02 9.273350186549769725e-02 8.988803317740916114e-04 0.000000000000000000e+00 1.963495408493620871e-03
2.469492347583721994e+02 9.959886157787513350e-02 8.947714236548990740e-04 0.000000000000000000e+00 1.963495408493620871e-03
2.472131660896725123e+02 1.148094060418920204e-01 8.823304040695546888e-04 0.000000000000000000e+00 1.963495408493620871e-03
2.473449144544741216e+02 1.196381234305818886e-01 8.757476131522009578e-04 0.000000000000000000e+00 1.963495408493620871e-03
2.476079081035024956e+02 1.243266168717738207e-01 8.673573589186357215e-04 0.000000000000000000e+00 1.963495408493620871e-03
2.477391221023566175e+02 1.247124770277185241e-01 8.636322028545868890e-04 0.000000000000000000e+00 1.963495408493620871e-03
2.480008639436109092e+02 1.209756160080176085e-01 8.514465084319730159e-04 0.000000000000000000e+00 1.963495408493620871e-03
2.481313066215854235e+02 1.163039855427248637e-01 8.450562194207288276e-04 0.000000000000000000e+00 1.963495408493620871e-03
2.483919547744073668e+02 1.045081685774979785e-01 8.378501208400881625e-04 0.000000000000000000e+00 1.963495408493620871e-03
2.485225946034474305e+02 9.967817362607221676e-02 8.350787960372178624e-04 0.000000000000000000e+00 1.963495408493620871e-03
2.487836271095192444e+02 8.255599324348449064e-02 8.250449821357772572e-04 0.000000000000000000e+00 1.963495408493620871e-03
2.489133518766934117e+02 6.324687275276667797e-02 8.198228342961191677e-04 0.000000000000000000e+00 1.963495408493620871e-03
2.491718393513493766e+02 7.784107088745155500e-03 8.155216234213200337e-04 0.000000000000000000e+00 1.963495408493620871e-03
2.493010866469332711e+02 -2.456576687325102287e-02 8.144777605148026921e-04 0.000000000000000000e+00 1.963495408493620871e-03
2.495604330125437968e+02 -7.754472888437963229e-02 8.072926736428084546e-04 0.000000000000000000e+00 1.963495408493620871e-03
2.496910915643137230e+02 -8.313706720374300363e-02 8.029819446202085802e-04 0.000000000000000000e+00 1.963495408493620871e-03
2.499540793944204609e+02 -5.776661408809109777e-02 8.007004935855967665e-04 0.000000000000000000e+00 1.963495408493620871e-03
2.500861243916261856e+02 -3.246675016922617729e-02 8.006369985931094304e-04 0.000000000000000000e+00 1.963495408493620871e-03
2.503501169078303690e+02 2.402200911713858744e-02 7.946303268488255113e-04 0.000000000000000000e+00 1.963495408493620871e-03
2.504812295977083068e+02 4.187170193695798071e-02 7.910528098882454312e-04 0.000000000000000000e+00 1.963495408493620871e-03
2.507422345645729251e+02 5.572984658624290100e-02 7.905624975536127558e-04 0.000000000000000000e+00 1.963495408493620871e-03
2.508725663164143782e+02 5.193896118392290345e-02 7.912970106601041435e-04 0.000000000000000000e+00 1.963495408493620871e-03
2.511330893466192435e+02 2.550568541641181838e-02 7.864947141990473369e-04 0.000000000000000000e+00 1.963495408493620871e-03
2.512633870212527540e+02 4.686122835766623473e-03 7.833022955454885163e-04 0.000000000000000000e+00 1.963495408493620871e-03
2.515247408954760715e+02 -3.798309813721552353e-02 7.844560586616573447e-04 0.000000000000000000e+00 1.963495408493620871e-03
2.516562734667926406e+02 -4.974763643788034095e-02 7.863858878335936581e-04 0.000000000000000000e+00 1.963495408493620871e-03
2.519203006427748051e+02 -6.175619467568715937e-02 7.830127613909479336e-04 0.000000000000000000e+00 1.963495408493620871e-03
2.520522080267416243e+02 -6.829827812441172097e-02 7.802199618913393305e-04 0.000000000000000000e+00 1.963495408493620871e-03
2.523149661399569368e+02 -8.748023982209954252e-02 7.818134802708982638e-04 0.000000000000000000e+00 1.963495408493620871e-03
2.524452591417887390e+02 -1.032230360202955055e-01 7.834162052554106449e-04 0.000000000000000000e+00 1.963495408493620871e-03
2.527042890071013801e+02 -1.442409638940050087e-01 7.786095121629148198e-04 0.000000000000000000e+00 1.963495408493620871e-03
2.528334895934455631e+02 -1.673571818883245466e-01 7.748597674944710011e-04 0.000000000000000000e+00 1.963495408493620871e-03
2.530920103222489672e+02 -2.078533716593395919e-01 7.742535626218340246e-04 0.000000000000000000e+00 1.963495408493620871e-03
2.532218029918619777e+02 -2.175990892206036142e-01 7.749243594471513742e-04 0.000000000000000000e+00 1.963495408493620871e-03
2.534826707856281587e+02 -2.139876976714357726e-01 7.683199536324213487e-04 0.000000000000000000e+00 1.963495408493620871e-03
2.536138483171792757e+02 -1.997081326700012593e-01 7.634325298984504004e-04 0.000000000000000000e+00 1.963495408493620871e-03
2.538775945118967456e+02 -1.542808039628266181e-01 7.612607260808570454e-04 0.000000000000000000e+00 1.963495408493620871e-03
2.540100735953367632e+02 -1.300429209938629427e-01 7.614463039686325324e-04 0.000000000000000000e+00 1.963495408493620871e-03
2.542752209907431222e+02 -8.844592871954870539e-02 7.531028753929501452e-04 0.000000000000000000e+00 1.963495408493620871e-03
2.544071728005296791e+02 -7.708906830224074302e-02 7.475181107696477617e-04 0.000000000000000000e+00 1.963495408493620871e-03
2.546704343657953302e+02 -6.111131309110698351e-02 7.446172358565492869e-04 0.000000000000000000e+00 1.963495408493620871e-03
2.548022174315356096e+02 -4.746714116381138548e-02 7.442359112115356883e-04 0.000000000000000000e+00 1.963495408493620871e-03
2.550658230857061994e+02 -1.276784241711997198e-02 7.348939112189787704e-04 0.000000000000000000e+00 1.963495408493620871e-03
2.551974127481350081e+02 4.763467072442649497e-03 7.292072453843427820e-04 0.000000000000000000e+00 1.963495408493620871e-03
2.554599613619237175e+02 2.952243156020864512e-02 7.268258295851178939e-04 0.000000000000000000e+00 1.963495408493620871e-03
2.555907871772618876e+02 2.964429483542423832e-02 7.268700142176586377e-04 0.000000000000000000e+00 1.963495408493620871e-03
2.558518342368576839e+02 1.550414058212703020e-02 7.188192122389172947e-04 0.000000000000000000e+00 1.963495408493620871e-03
2.559822349490840452e+02 8.432473849461330495e-03 7.140308016520028559e-04 0.000000000000000000e+00 1.963495408493620871e-03
2.562435849533302417e+02 4.573729461741143053e-03 7.134519462492861040e-04 0.000000000000000000e+00 1.963495408493620871e-03
2.563750796628822854e+02 1.449026612677211528e-02 7.144888212256736123e-04 0.000000000000000000e+00 1.963495408493620871e-03
2.566392860634351223e+02 4.875735371152004061e-02 7.085011577254395326e-04 0.000000000000000000e+00 1.963495408493620871e-03
2.567716461413885440e+02 6.604124530299858298e-02 7.048170427871665485e-04 0.000000000000000000e+00 1.963495408493620871e-03
2.570360891583428611e+02 9.443655047559793014e-02 7.070609497299557272e-04 0.000000000000000000e+00 1.963495408493620871e-03
2.571676397949805732e+02 1.014261174551066985e-01 7.093496744468922839e-04 0.000000000000000000e+00 1.963495408493620871e-03
2.574294164504154878e+02 9.714699082754471582e-02 7.056259728789822166e-04 0.000000000000000000e+00 1.963495408493620871e-03
2.575596885500923463e+02 8.389951045975657662e-02 7.030350105194468251e-04 0.000000000000000000e+00 1.963495408493620871e-03
2.578187980320021211e+02 3.465616193184120619e-02 7.059172058334272585e-04 0.000000000000000000e+00 1.963495408493620871e-03
2.579474855394133215e+02 -1.991333024203756699e-03 7.079552023291935678e-04 0.000000000000000000e+00 1.963495408493620871e-03
2.582045788446970391e+02 -7.835144511107272614e-02 7.027703059273623497e-04 0.000000000000000000e+00 1.963495408493620871e-03
2.583339972242748672e+02 -1.034245927892978589e-01 6.984309034775388692e-04 0.000000000000000000e+00 1.963495408493620871e-03
2.585946743801875414e+02 -1.267747327579850369e-01 6.972062908668769359e-04 0.000000000000000000e+00 1.963495408493620871e-03
2.587259071773623305e+02 -1.259129785239387900e-01 6.973821866033081893e-04 0.000000000000000000e+00 1.963495408493620871e-03
2.589898907135117838e+02 -9.992739377382814370e-02 6.881757204745981302e-04 0.000000000000000000e+00 1.963495408493620871e-03
2.591224449290036205e+02 -7.527446152623457065e-02 6.820608714673267537e-04 0.000000000000000000e+00 1.963495408493620871e-03
2.593881493689863191e+02 -1.980774190525056572e-02 6.781277189588099611e-04 0.000000000000000000e+00 1.963495408493620871e-03
2.595209301323953923e+02 -1.074884801064118593e-03 6.769633113176255854e-04 0.000000000000000000e+00 1.963495408493620871e-03
2.597859281986149540e+02 2.101146646894428566e-02 6.654266009741766682e-04 0.000000000000000000e+00 1.963495408493620871e-03
2.599178656110731822e+02 2.672189807434580816e-02 6.586992277139269280e-04 0.000000000000000000e+00 1.963495408493620871e-03
2.601808501625319536e+02 3.029036538638380655e-02 6.538729098826401558e-04 0.000000000000000000e+00 1.963495408493620871e-03
2.603120565013877581e+02 2.991362328086613967e-02 6.519789660448932749e-04 0.000000000000000000e+00 1.963495408493620871e-03
2.605736682968779405e+02 1.977487883451854722e-02 6.389593565750564070e-04 0.000000000000000000e+00 1.963495408493620871e-03
2.607038945453620045e+02 6.577802332307525895e-03 6.315913457565797574e-04 0.000000000000000000e+00 1.963495408493620871e-03
2.609628491202404916e+02 -3.581506951936720695e-02 6.252594125418489603e-04 0.000000000000000000e+00 1.963495408493620871e-03
2.610913578105233341e+02 -6.512316776718808653e-02 6.229982464809547199e-04 0.000000000000000000e+00 1.963495408493620871e-03
2.613478732931533841e+02 -1.223375846862763405e-01 6.105100040955608936e-04 0.000000000000000000e+00 1.963495408493620871e-03
2.614768927789924646e+02 -1.379064443974934162e-01 6.034276314387567721e-04 0.000000000000000000e+00 1.963495408493620871e-03
2.617363350181449277e+02 -1.439152537108926433e-01 5.987238998445875218e-04 0.000000000000000000e+00 1.963495408493620871e-03
2.618665732145575475e+02 -1.362191948511508044e-01 5.977897240788026048e-04 0.000000000000000000e+00 1.963495408493620871e-03
2.621284990988410186e+02 -1.022053771127637845e-01 5.867901677153741519e-04 0.000000000000000000e+00 1.963495408493620871e-03
2.622604770835145587e+02 -7.817990772543820244e-02 5.798748146125878595e-04 0.000000000000000000e+00 1.963495408493620871e-03
2.625264172341908306e+02 -2.080562554480432785e-02 5.753480363569110200e-04 0.000000000000000000e+00 1.963495408493620871e-03
2.626603045489152919e+02 9.190934773184630466e-03 5.745749224561650607e-04 0.000000000000000000e+00 1.963495408493620871e-03
2.629291217955921525e+02 6.908812437605825474e-02 5.645162373796827919e-04 0.000000000000000000e+00 1.963495408493620871e-03
2.630634944744660402e+02 9.732475986317941363e-02 5.589664164888776075e-04 0.000000000000000000e+00 1.963495408493620871e-03
2.633309650766306618e+02 1.410511077674838354e-01 5.572762770776844678e-04 0.000000000000000000e+00 1.963495408493620871e-03
2.634632797006832448e+02 1.499483430947135543e-01 5.571642283919572228e-04 0.000000000000000000e+00 1.963495408493620871e-03
2.637252335739899536e+02 1.470328333996551162e-01 5.493236383945305969e-04 0.000000000000000000e+00 1.963495408493620871e-03
2.638549703037742802e+02 1.385156231964422835e-01 5.450450442851156917e-04 0.000000000000000000e+00 1.963495408493620871e-03
2.641122458171223002e+02 9.942222990326682330e-02 5.433757869556701380e-04 0.000000000000000000e+00 1.963495408493620871e-03
2.642400121406524818e+02 6.517303049311631846e-02 5.429309711500321985e-04 0.000000000000000000e+00 1.963495408493620871e-03
2.644945416318518596e+02 -2.097841851252134349e-02 5.352212717356862569e-04 0.000000000000000000e+00 1.963495408493620871e-03
2.646218028900729564e+02 -6.532053753808730878e-02 5.308380651782079393e-04 0.000000000000000000e+00 1.963495408493620871e-03
2.648779250265814653e+02 -1.373931110955695090e-01 5.299585134063443176e-04 0.000000000000000000e+00 1.963495408493620871e-03
2.650078772207479005e+02 -1.521073212308000078e-01 5.308185031472524443e-04 0.000000000000000000e+00 1.963495408493620871e-03
2.652711522012473893e+02 -1.418497275633089361e-01 5.251222757820679090e-04 0.000000000000000000e+00 1.963495408493620871e-03
2.654040588881397866e+02 -1.203980114408764457e-01 5.210694880710401615e-04 0.000000000000000000e+00 1.963495408493620871e-03
2.656712024184575967e+02 -6.082454782311901009e-02 5.204746914723829779e-04 0.000000000000000000e+00 1.963495408493620871e-03
2.658046055411448378e+02 -3.393119048686680378e-02 5.210839042144812692e-04 0.000000000000000000e+00 1.963495408493620871e-03
2.660717935901784585e+02 2.395445513759780765e-02 5.146443043656729385e-04 0.000000000000000000e+00 1.963495408493620871e-03
2.662061248271163549e+02 6.251766729055453775e-02 5.106763492417750946e-04 0.000000000000000000e+00 1.963495408493620871e-03
2.664754243060285148e+02 1.408091682755664986e-01 5.097334788881953275e-04 0.000000000000000000e+00 1.963495408493620871e-03
2.666097795642166943e+02 1.687460012650169316e-01 5.092773851148112802e-04 0.000000000000000000e+00 1.963495408493620871e-03
2.668761461158269412e+02 1.963908551608168351e-01 5.006399467126124809e-04 0.000000000000000000e+00 1.963495408493620871e-03
2.670069436638540310e+02 1.904120457611587769e-01 4.958393194488398652e-04 0.000000000000000000e+00 1.963495408493620871e-03
2.672635221455950045e+02 1.335042846450828491e-01 4.914931091073475788e-04 0.000000000000000000e+00 1.963495408493620871e-03
2.673893047963637741e+02 8.026032210345074303e-02 4.890928050601218643e-04 0.000000000000000000e+00 1.963495408493620871e-03
2.676393533120402140e+02 -3.933086790498047103e-02 4.780339744984165272e-04 0.000000000000000000e+00 1.963495408493620871e-03
2.677659728463018496e+02 -8.086012563200054015e-02 4.716081304171414841e-04 0.000000000000000000e+00 1.963495408493620871e-03
2.680228725207012985e+02 -1.240418542931259194e-01 4.637018470523770900e-04 0.000000000000000000e+00 1.963495408493620871e-03
2.681532955814298020e+02 -1.253223189654353864e-01 4.602549439662796020e-04 0.000000000000000000e+00 1.963495408493620871e-03
2.684166163304913084e+02 -1.141401428992964151e-01 4.476764473337425726e-04 0.000000000000000000e+00 1.963495408493620871e-03
2.685484242714703100e+02 -1.212582139871638265e-01 4.406533679808475592e-04 0.000000000000000000e+00 1.963495408493620871e-03
2.688121984662945465e+02 -1.528102072223151142e-01 4.326404269894902925e-04 0.000000000000000000e+00 1.963495408493620871e-03
2.689441447069620494e+02 -1.700287204428471144e-01 4.295178927862666556e-04 0.000000000000000000e+00 1.963495408493620871e-03
2.692085502279517186e+02 -1.941280649815844694e-01 4.177583938328428641e-04 0.000000000000000000e+00 1.963495408493620871e-03
2.693412474314645806e+02 -1.930190305736341483e-01 4.114069549625438407e-04 0.000000000000000000e+00 1.963495408493620871e-03
2.696077222796954516e+02 -1.595730278192546425e-01 4.046746437124188129e-04 0.000000000000000000e+00 1.963495408493620871e-03
2.697415352482564117e+02 -1.247130792761912826e-01 4.020369498546024541e-04 0.000000000000000000e+00 1.963495408493620871e-03
2.700078852857102447e+02 -4.459519729370139962e-02 3.922368491981863422e-04 0.000000000000000000e+00 1.963495408493620871e-03
2.701387440075646964e+02 -1.706807089113185349e-02 3.874469982738711765e-04 0.000000000000000000e+00 1.963495408493620871e-03
2.703963170560069784e+02 3.079393299444285921e-03 3.829967971490921006e-04 0.000000000000000000e+00 1.963495408493620871e-03
2.705235274563283383e+02 -6.784835765579141226e-03 3.815964585184229881e-04 0.000000000000000000e+00 1.963495408493620871e-03
2.707761961466847538e+02 -6.181449915655774785e-02 3.763587653078591627e-04 0.000000000000000000e+00 1.963495408493620871e-03
2.709026286584234526e+02 -1.033716197898735256e-01 3.738855334335206785e-04 0.000000000000000000e+00 1.963495408493620871e-03
2.711568682829426962e+02 -1.937718012024605141e-01 3.734577560267152434e-04 0.000000000000000000e+00 1.963495408493620871e-03
2.712854456707997315e+02 -2.278386802085775598e-01 3.742374892569465630e-04 0.000000000000000000e+00 1.963495408493620871e-03
2.715464060836325757e+02 -2.562224555121874747e-01 3.725557323371203621e-04 0.000000000000000000e+00 1.963495408493620871e-03
2.716793674380776906e+02 -2.382175141085648984e-01 3.711105092086991485e-04 0.000000000000000000e+00 1.963495408493620871e-03
2.719486074492984358e+02 -1.598365258681021528e-01 3.727359074769304756e-04 0.000000000000000000e+00 1.963495408493620871e-03
2.720836179351233000e+02 -1.177796325309512643e-01 3.743404503898335798e-04 0.000000000000000000e+00 1.963495408493620871e-03
2.723536802832140893e+02 -3.820123691894618256e-02 3.732615739392888387e-04 0.000000000000000000e+00 1.963495408493620871e-03
2.724882995523864793e+02 -6.340602761875255462e-03 3.722877117843631750e-04 0.000000000000000000e+00 1.963495408493620871e-03
2.727559769331311941e+02 3.535941333796711883e-02 3.741090223602362946e-04 0.000000000000000000e+00 1.963495408493620871e-03
2.728885608041993578e+02 4.120362581844572158e-02 3.748548042666916425e-04 0.000000000000000000e+00 1.963495408493620871e-03
2.731505519247126017e+02 2.225795086303858361e-02 3.713213209809226997e-04 0.000000000000000000e+00 1.963495408493620871e-03
2.732794300253122515e+02 -3.847227084890267931e-03 3.686991847548780105e-04 0.000000000000000000e+00 1.963495408493620871e-03
2.735345123278951860e+02 -7.152086175403843393e-02 3.653459471641076631e-04 0.000000000000000000e+00 1.963495408493620871e-03
2.736618425520109668e+02 -1.011025354110602070e-01 3.632014262512134242e-04 0.000000000000000000e+00 1.963495408493620871e-03
2.739172591502836553e+02 -1.439148509012007360e-01 3.542865533062270508e-04 0.000000000000000000e+00 1.963495408493620871e-03
2.740460912968860043e+02 -1.523296451327394441e-01 3.489072050712644117e-04 0.000000000000000000e+00 1.963495408493620871e-03
2.743060398158968383e+02 -1.454526042466066926e-01 3.409292952221215037e-04 0.000000000000000000e+00 1.963495408493620871e-03
2.744371302202181369e+02 -1.321000154112262348e-01 3.373889025714361446e-04 0.000000000000000000e+00 1.963495408493620871e-03
2.747010320875244815e+02 -9.325948153688934372e-02 3.275026751012898355e-04 0.000000000000000000e+00 1.963495408493620871e-03
2.748334651256999450e+02 -7.323410944110780862e-02 3.222117764040102923e-04 0.000000000000000000e+00 1.963495408493620871e-03
2.750992965117076778e+02 -3.063065222085981087e-02 3.149758473411586089e-04 0.000000000000000000e+00 1.963495408493620871e-03
2.752327114015002394e+02 -6.801860073092858006e-03 3.119025867284708989e-04 0.000000000000000000e+00 1.963495408493620871e-03
2.755001836147832819e+02 4.819925410963885049e-02 3.033729735424628405e-04 0.000000000000000000e+00 1.963495408493620871e-03
2.756339682348867655e+02 8.032780847995105167e-02 2.991362060786715194e-04 0.000000000000000000e+00 1.963495408493620871e-03
2.759002682848440031e+02 1.329159035315354287e-01 2.936076490693075611e-04 0.000000000000000000e+00 1.963495408493620871e-03
2.760318733197130427e+02 1.398877745329946132e-01 2.907864399611567708e-04 0.000000000000000000e+00 1.963495408493620871e-03
2.762921080133566534e+02 1.207687279940086733e-01 2.818995283471001801e-04 0.000000000000000000e+00 1.963495408493620871e-03
2.764208436147781072e+02 9.819196175490033096e-02 2.775340960703851162e-04 0.000000000000000000e+00 1.963495408493620871e-03
2.766764847383703909e+02 3.938702988209598355e-02 2.725476097917348389e-04 0.000000000000000000e+00 1.963495408493620871e-03
2.768039858050038902e+02 1.111288466335042316e-02 2.706271933859154722e-04 0.000000000000000000e+00 1.963495408493620871e-03
2.770590093526897704e+02 -4.016750777440514231e-02 2.644646792336443264e-04 0.000000000000000000e+00 1.963495408493620871e-03
2.771869585119013095e+02 -6.131788389365733921e-02 2.613187276417415863e-04 0.000000000000000000e+00 1.963495408493620871e-03
2.774442219168741417e+02 -8.873863238962602373e-02 2.587258860655656601e-04 0.000000000000000000e+00 1.963495408493620871e-03
2.775738629582647832e+02 -9.085281189756194697e-02 2.582048664063563235e-04 0.000000000000000000e+00 1.963495408493620871e-03
2.778350151546170537e+02 -7.584219731991499736e-02 2.545495513578913279e-04 0.000000000000000000e+00 1.963495408493620871e-03
2.779663739790307773e+02 -6.208373934920533022e-02 2.526560245619729268e-04 0.000000000000000000e+00 1.963495408493620871e-03
2.782304066374461513e+02 -2.827490874596281026e-02 2.535272346165845427e-04 0.000000000000000000e+00 1.963495408493620871e-03
2.783628784298740015e+02 -1.295744880567299695e-02 2.549177571018911210e-04 0.000000000000000000e+00 1.963495408493620871e-03
2.786281850583056894e+02 1.356612948267032354e-02 2.547777398420334794e-04 0.000000000000000000e+00 1.963495408493620871e-03
2.787606351687603592e+02 2.463119632921573210e-02 2.545553853644125859e-04 0.000000000000000000e+00 1.963495408493620871e-03
2.790250421574704660e+02 4.154017901039327998e-02 2.577959257249395290e-04 0.000000000000000000e+00 1.963495408493620871e-03
2.791569486611260800e+02 4.672386967423820814e-02 2.596113770069694579e-04 0.000000000000000000e+00 1.963495408493620871e-03
2.794198980748239478e+02 4.573191687109118275e-02 2.585590339088186806e-04 0.000000000000000000e+00 1.963495408493620871e-03
2.795507396407310239e+02 3.632674282396544663e-02 2.571856357808836673e-04 0.000000000000000000e+00 1.963495408493620871e-03
2.798104243007941250e+02 -8.249400729940590659e-04 2.572780749369139321e-04 0.000000000000000000e+00 1.963495408493620871e-03
2.799387705855817785e+02 -2.936897994598454062e-02 2.573044729408326841e-04 0.000000000000000000e+00 1.963495408493620871e-03
2.801945496748196547e+02 -8.370647230021249774e-02 2.528794700288863255e-04 0.000000000000000000e+00 1.963495408493620871e-03
2.803234627093253266e+02 -9.343906774375525248e-02 2.498227053173349404e-04 0.000000000000000000e+00 1.963495408493620871e-03
2.805839603754957921e+02 -7.733508182192011526e-02 2.472112007185549515e-04 0.000000000000000000e+00 1.963495408493620871e-03
2.807158719375769920e+02 -5.270654772926020720e-02 2.465335964755597056e-04 0.000000000000000000e+00 1.963495408493620871e-03
2.809832226802263904e+02 3.342808392616439250e-02 2.416769157058785500e-04 0.000000000000000000e+00 1.963495408493620871e-03
2.811187834307670528e+02 9.787625467207008989e-02 2.390627650450356865e-04 0.000000000000000000e+00 1.963495408493620871e-03
2.813937575048091162e+02 2.809840411587765652e-01 2.395577667347282224e-04 0.000000000000000000e+00 1.963495408493620871e-03
2.815331910262340784e+02 4.068321608413421053e-01 2.406120776872652778e-04 0.000000000000000000e+00 1.963495408493620871e-03
2.818148503912571528e+02 7.090714418044069545e-01 2.390292753020014965e-04 0.000000000000000000e+00 1.963495408493620871e-03
2.819563267822216517e+02 8.735245985533989233e-01 2.386477092862296107e-04 0.000000000000000000e+00 1.963495408493620871e-03
2.822401345627953333e+02 1.216684614822135746e+00 2.418415533093402035e-04 0.000000000000000000e+00 1.963495408493620871e-03
2.823822507118616159e+02 1.390702493811910134e+00 2.423830580612938235e-04 0.000000000000000000e+00 1.963495408493620871e-03
2.826636929911900893e+02 1.700173585656695296e+00 2.390004563398242003e-04 0.000000000000000000e+00 1.963495408493620871e-03
2.828010168560436455e+02 1.813136497073053022e+00 2.380913286478277642e-04 0.000000000000000000e+00 1.963495408493620871e-03
