# q:1.000000e+00, m:1.836000e+03, N:480 - x,px,py,pz,w
1.885930740240667660e+02 -1.631809377810657491e+00 7.490886990599909595e-04 0.000000000000000000e+00 1.963495408493620871e-03
1.887346273901676739e+02 -1.479057045357834443e+00 8.496604915577041749e-04 0.000000000000000000e+00 1.963495408493620871e-03
1.890232770514766116e+02 -1.084253449703072025e+00 1.019277892035487651e-03 0.000000000000000000e+00 1.963495408493620871e-03
1.891658551709142841e+02 -9.030998554190998728e-01 1.085642873562130562e-03 0.000000000000000000e+00 1.963495408493620871e-03
1.894466565734066705e+02 -5.870663630656549614e-01 1.148145720050994679e-03 0.000000000000000000e+00 1.963495408493620871e-03
1.895848115590100065e+02 -4.523448755429442247e-01 1.150539304790985755e-03 0.000000000000000000e+00 1.963495408493620871e-03
1.898581009465237059e+02 -2.180161138422320732e-01 1.146789645766050064e-03 0.000000000000000000e+00 1.963495408493620871e-03
1.899943379087328026e+02 -1.102829992018079242e-01 1.136857397013162595e-03 0.000000000000000000e+00 1.963495408493620871e-03
1.902659586860224863e+02 8.241042957448541095e-02 1.078582589696475916e-03 0.000000000000000000e+00 1.963495408493620871e-03
1.904011906367418590e+02 1.634987834524651851e-01 1.045068557256786631e-03 0.000000000000000000e+00 1.963495408493620871e-03
1.906700251813196019e+02 2.844564915644351988e-01 1.023680045893760483e-03 0.000000000000000000e+00 1.963495408493620871e-03
1.908032935432970874e+02 3.170981019227985254e-01 1.032296633021718632e-03 0.000000000000000000e+00 1.963495408493620871e-03
1.910673776097090411e+02 3.312364670739740835e-01 1.078072746694747281e-03 0.000000000000000000e+00 1.963495408493620871e-03
1.911980914855191713e+02 3.156089404854542924e-01 1.120653148249488307e-03 0.000000000000000000e+00 1.963495408493620871e-03
1.914578802121459091e+02 2.572951630528925726e-01 1.259890011242102790e-03 0.000000000000000000e+00 1.963495408493620871e-03
1.915876588505341260e+02 2.266916469307637128e-01 1.346407251118772463e-03 0.000000000000000000e+00 1.963495408493620871e-03
1.918473467653934108e+02 1.702248023416865763e-01 1.524658250225438593e-03 0.000000000000000000e+00 1.963495408493620871e-03
1.919774418493476276e+02 1.485382681951453732e-01 1.609989853341599244e-03 0.000000000000000000e+00 1.963495408493620871e-03
1.922378802766569095e+02 1.118871072807083034e-01 1.753366297358845138e-03 0.000000000000000000e+00 1.963495408493620871e-03
1.923680220304599970e+02 9.211512950960837331e-02 1.814344374916768057e-03 0.000000000000000000e+00 1.963495408493620871e-03
1.926282958196124753e+02 5.383372393299014347e-02 1.924462753355354275e-03 0.000000000000000000e+00 1.963495408493620871e-03
1.927585354670328570e+02 3.853787680173255403e-02 1.971615471561793433e-03 0.000000000000000000e+00 1.963495408493620871e-03
1.930192535267656808e+02 1.556473884481186787e-02 2.043452056261284115e-03 0.000000000000000000e+00 1.963495408493620871e-03
1.931497367410629238e+02 7.504157169980391756e-03 2.069557300251347737e-03 0.000000000000000000e+00 1.963495408493620871e-03
1.934109438055036208e+02 -1.863161587287660240e-03 2.106970105312736506e-03 0.000000000000000000e+00 1.963495408493620871e-03
1.935416518793912530e+02 -3.299070550988857271e-03 2.112289370278119197e-03 0.000000000000000000e+00 1.963495408493620871e-03
1.938032580888826999e+02 -1.206450926087515889e-03 2.075436786825298873e-03 0.000000000000000000e+00 1.963495408493620871e-03
1.939341340466695556e+02 1.151601572689797855e-03 2.034467503378830679e-03 0.000000000000000000e+00 1.963495408493620871e-03
1.941960124303496684e+02 7.194165729788971203e-03 1.911690009020869732e-03 0.000000000000000000e+00 1.963495408493620871e-03
1.943269933868027124e+02 9.973510038310332004e-03 1.826990219319408679e-03 0.000000000000000000e+00 1.963495408493620871e-03
1.945890621351595655e+02 1.699514020353070504e-02 1.600888372762628454e-03 0.000000000000000000e+00 1.963495408493620871e-03
1.947201588430341701e+02 2.263102468107558440e-02 1.469970349378657212e-03 0.000000000000000000e+00 1.963495408493620871e-03
1.949824712366038852e+02 3.818054526004700799e-02 1.208742429333271688e-03 0.000000000000000000e+00 1.963495408493620871e-03
1.951136726624040136e+02 4.792185027569843825e-02 1.075716913423542097e-03 0.000000000000000000e+00 1.963495408493620871e-03
1.953761062852829298e+02 6.797791514116827138e-02 7.956350781282909949e-04 0.000000000000000000e+00 1.963495408493620871e-03
1.955072882775539824e+02 7.587389330703044055e-02 6.586778958977356456e-04 0.000000000000000000e+00 1.963495408493620871e-03
1.957695304064801860e+02 8.557964808467419249e-02 4.244957955071764020e-04 0.000000000000000000e+00 1.963495408493620871e-03
1.959005489197930387e+02 8.624523639576575640e-02 3.244149634067852034e-04 0.000000000000000000e+00 1.963495408493620871e-03
1.961622779582142471e+02 7.668546519927989247e-02 1.488720199886009237e-04 0.000000000000000000e+00 1.963495408493620871e-03
1.962929106470715226e+02 6.471790406903990545e-02 7.806032181700199666e-05 0.000000000000000000e+00 1.963495408493620871e-03
1.965539048856332158e+02 3.269481058893651537e-02 -1.467228709987064908e-05 0.000000000000000000e+00 1.963495408493620871e-03
1.966843967495436232e+02 1.704895953329539637e-02 -4.123150814076867156e-05 0.000000000000000000e+00 1.963495408493620871e-03
1.969455280897547311e+02 -8.470267330215115742e-03 -7.003467496961860914e-05 0.000000000000000000e+00 1.963495408493620871e-03
1.970762586236650122e+02 -1.523442679586463518e-02 -6.840683902975957804e-05 0.000000000000000000e+00 1.963495408493620871e-03
1.973379509604803843e+02 -1.902236373524439708e-02 -1.972833431986025952e-05 0.000000000000000000e+00 1.963495408493620871e-03
1.974688266845602982e+02 -1.796626463543353480e-02 2.774474864532585765e-05 0.000000000000000000e+00 1.963495408493620871e-03
1.977306405874098800e+02 -1.088831763830267266e-02 1.703842241366035240e-04 0.000000000000000000e+00 1.963495408493620871e-03
1.978615785887388654e+02 -5.451374095152062595e-03 2.609802850556317802e-04 0.000000000000000000e+00 1.963495408493620871e-03
1.981234910306677364e+02 7.477653134241007971e-03 4.648714442426069493e-04 0.000000000000000000e+00 1.963495408493620871e-03
1.982544379721296082e+02 1.371173797662508798e-02 5.752218958198894059e-04 0.000000000000000000e+00 1.963495408493620871e-03
1.985163360082227371e+02 2.613137863031052971e-02 8.026682739477118255e-04 0.000000000000000000e+00 1.963495408493620871e-03
1.986472957169020219e+02 3.262563321666783756e-02 9.172801786309554319e-04 0.000000000000000000e+00 1.963495408493620871e-03
1.989092187963137235e+02 4.466387581985931110e-02 1.139722410518569573e-03 0.000000000000000000e+00 1.963495408493620871e-03
1.990401595564516981e+02 4.903223845596672847e-02 1.252613197873739823e-03 0.000000000000000000e+00 1.963495408493620871e-03
1.993020094898681691e+02 5.359477764874129302e-02 1.499105486474911928e-03 0.000000000000000000e+00 1.963495408493620871e-03
1.994329179634017066e+02 5.318869241219539856e-02 1.626810005477824592e-03 0.000000000000000000e+00 1.963495408493620871e-03
1.996947118360734237e+02 4.829025862006877667e-02 1.871016552856942603e-03 0.000000000000000000e+00 1.963495408493620871e-03
1.998255947765986775e+02 4.467268432832335878e-02 1.986290882276731638e-03 0.000000000000000000e+00 1.963495408493620871e-03
2.000873665602113363e+02 3.876381773484491311e-02 2.199007471595202344e-03 0.000000000000000000e+00 1.963495408493620871e-03
2.002182701877079580e+02 3.890337846188714199e-02 2.290477708462550308e-03 0.000000000000000000e+00 1.963495408493620871e-03
2.004801276860804933e+02 4.450148310256096806e-02 2.423179590520442139e-03 0.000000000000000000e+00 1.963495408493620871e-03
2.006110811629756938e+02 4.906186061805128951e-02 2.464028067599795604e-03 0.000000000000000000e+00 1.963495408493620871e-03
2.008730158635643477e+02 6.000262664979495730e-02 2.493403343464618230e-03 0.000000000000000000e+00 1.963495408493620871e-03
2.010039725253378720e+02 6.518117597047051737e-02 2.476314824952681980e-03 0.000000000000000000e+00 1.963495408493620871e-03
2.012658898452453116e+02 7.569765779390877358e-02 2.359520498993478849e-03 0.000000000000000000e+00 1.963495408493620871e-03
2.013968608693780311e+02 8.157264702067121287e-02 2.267903098804121068e-03 0.000000000000000000e+00 1.963495408493620871e-03
2.016588241415593075e+02 9.413533274287991248e-02 2.045631700358572364e-03 0.000000000000000000e+00 1.963495408493620871e-03
2.017898037581910842e+02 1.004041370600128047e-01 1.911677365060843181e-03 0.000000000000000000e+00 1.963495408493620871e-03
2.020517689128425900e+02 1.131061664795988964e-01 1.586981947812065273e-03 0.000000000000000000e+00 1.963495408493620871e-03
2.021827531036049947e+02 1.196244674315868617e-01 1.404821334005179525e-03 0.000000000000000000e+00 1.963495408493620871e-03
2.024447395492968269e+02 1.332926347912700704e-01 1.029623268470485336e-03 0.000000000000000000e+00 1.963495408493620871e-03
2.025757429525244788e+02 1.405612050744982078e-01 8.372967390178872107e-04 0.000000000000000000e+00 1.963495408493620871e-03
2.028377639575178080e+02 1.555386171120927419e-01 4.456091879115517927e-04 0.000000000000000000e+00 1.963495408493620871e-03
2.029687679231668653e+02 1.628598231715677191e-01 2.554634181733046218e-04 0.000000000000000000e+00 1.963495408493620871e-03
2.032307847719019946e+02 1.777562387739411720e-01 -8.296612752057837097e-05 0.000000000000000000e+00 1.963495408493620871e-03
2.033618048144286661e+02 1.856906096716989529e-01 -2.250290552880117344e-04 0.000000000000000000e+00 1.963495408493620871e-03
2.036238540909872654e+02 2.017432997118955296e-01 -4.343079550370384265e-04 0.000000000000000000e+00 1.963495408493620871e-03
2.037548638056718175e+02 2.092082204816173019e-01 -5.021570990346074835e-04 0.000000000000000000e+00 1.963495408493620871e-03
2.040168722243643913e+02 2.235008225145275751e-01 -5.663444757958182012e-04 0.000000000000000000e+00 1.963495408493620871e-03
2.041478764084560567e+02 2.306365216560728459e-01 -5.567971785982548261e-04 0.000000000000000000e+00 1.963495408493620871e-03
2.044098682062558225e+02 2.437535723737805915e-01 -4.353328172587104389e-04 0.000000000000000000e+00 1.963495408493620871e-03
2.045408347885567650e+02 2.488533942937141419e-01 -3.348957611582782093e-04 0.000000000000000000e+00 1.963495408493620871e-03
2.048026961185960886e+02 2.549385186904888356e-01 -9.153328250173238100e-05 0.000000000000000000e+00 1.963495408493620871e-03
2.049335743581979443e+02 2.550973908209615004e-01 5.609120219376897282e-05 0.000000000000000000e+00 1.963495408493620871e-03
2.051951355173240756e+02 2.463628239673146814e-01 4.182017556365059388e-04 0.000000000000000000e+00 1.963495408493620871e-03
2.053257482122839406e+02 2.351846570035538431e-01 6.180662429054428449e-04 0.000000000000000000e+00 1.963495408493620871e-03
2.055868382719459930e+02 2.063136780891487998e-01 1.009012586411328453e-03 0.000000000000000000e+00 1.963495408493620871e-03
2.057174511694241232e+02 1.936358281111822399e-01 1.202052757876827379e-03 0.000000000000000000e+00 1.963495408493620871e-03
2.059788560575431688e+02 1.740040669406603957e-01 1.589074225086047889e-03 0.000000000000000000e+00 1.963495408493620871e-03
2.061096581657916147e+02 1.681087195564420211e-01 1.772234039667739281e-03 0.000000000000000000e+00 1.963495408493620871e-03
2.063713950908222046e+02 1.612553381413905640e-01 2.081414501949774461e-03 0.000000000000000000e+00 1.963495408493620871e-03
2.065022734607601649e+02 1.581024517212419045e-01 2.208679031715037565e-03 0.000000000000000000e+00 1.963495408493620871e-03
2.067640487652523973e+02 1.522171880107977271e-01 2.412984587393352670e-03 0.000000000000000000e+00 1.963495408493620871e-03
2.068949403426191793e+02 1.494955824737254080e-01 2.486904623444792604e-03 0.000000000000000000e+00 1.963495408493620871e-03
2.071567393847055598e+02 1.447681902962843492e-01 2.567795747267970045e-03 0.000000000000000000e+00 1.963495408493620871e-03
2.072876438252395133e+02 1.428729840509822824e-01 2.577952130696561754e-03 0.000000000000000000e+00 1.963495408493620871e-03
2.075494688182220102e+02 1.401147374885612362e-01 2.548392177169785805e-03 0.000000000000000000e+00 1.963495408493620871e-03
2.076803849398143882e+02 1.392294266141278491e-01 2.511834463247277025e-03 0.000000000000000000e+00 1.963495408493620871e-03
2.079422283287224786e+02 1.383903524588057099e-01 2.405753075335824876e-03 0.000000000000000000e+00 1.963495408493620871e-03
2.080731496301231971e+02 1.383193109757069050e-01 2.333198668051780864e-03 0.000000000000000000e+00 1.963495408493620871e-03
2.083349989921548229e+02 1.389020467728399599e-01 2.138891993175828007e-03 0.000000000000000000e+00 1.963495408493620871e-03
2.084659237729078995e+02 1.395045325222457056e-01 2.024373212640485399e-03 0.000000000000000000e+00 1.963495408493620871e-03
2.087277764956332646e+02 1.411406484389143290e-01 1.784809154145017545e-03 0.000000000000000000e+00 1.963495408493620871e-03
2.088586977621744154e+02 1.419655353674934006e-01 1.655777945119143307e-03 0.000000000000000000e+00 1.963495408493620871e-03
2.091205398160301456e+02 1.438069463274654625e-01 1.365882872786989503e-03 0.000000000000000000e+00 1.963495408493620871e-03
2.092514589128237787e+02 1.448835080994314850e-01 1.214528499160785931e-03 0.000000000000000000e+00 1.963495408493620871e-03
2.095132985907665386e+02 1.472251630598727934e-01 9.307480880122727222e-04 0.000000000000000000e+00 1.963495408493620871e-03
2.096442140781541070e+02 1.483205308294651137e-01 7.941863679717933375e-04 0.000000000000000000e+00 1.963495408493620871e-03
2.099060451936464062e+02 1.505143680192421729e-01 5.179301652445040573e-04 0.000000000000000000e+00 1.963495408493620871e-03
2.100369584529335611e+02 1.516535599161547565e-01 3.871300511956270174e-04 0.000000000000000000e+00 1.963495408493620871e-03
2.102987861646122951e+02 1.539408948625191897e-01 1.698224730281319922e-04 0.000000000000000000e+00 1.963495408493620871e-03
2.104296959253182706e+02 1.549539835367924612e-01 8.125657758240229823e-05 0.000000000000000000e+00 1.963495408493620871e-03
2.106915117491491287e+02 1.566987914153849248e-01 -6.252931787373232461e-05 0.000000000000000000e+00 1.963495408493620871e-03
2.108224124406714566e+02 1.573482717368473449e-01 -1.115558350806357299e-04 0.000000000000000000e+00 1.963495408493620871e-03
2.110842029491731466e+02 1.580948560352403998e-01 -1.432563694557392752e-04 0.000000000000000000e+00 1.963495408493620871e-03
2.112150868076188885e+02 1.580452975603106880e-01 -1.259177102176989630e-04 0.000000000000000000e+00 1.963495408493620871e-03
2.114768337523191519e+02 1.569333499812675670e-01 -2.480740162734770696e-05 0.000000000000000000e+00 1.963495408493620871e-03
2.116076899047649817e+02 1.556882687657773490e-01 5.483770000576673428e-05 0.000000000000000000e+00 1.963495408493620871e-03
2.118693748613099501e+02 1.518300746759130293e-01 2.585932199847950242e-04 0.000000000000000000e+00 1.963495408493620871e-03
2.120002005271237238e+02 1.491619656051440534e-01 3.819190387914230770e-04 0.000000000000000000e+00 1.963495408493620871e-03
2.122618371904305263e+02 1.427654724588575397e-01 6.688583350055257466e-04 0.000000000000000000e+00 1.963495408493620871e-03
2.123926528172235351e+02 1.392534019397231315e-01 8.215119016318278219e-04 0.000000000000000000e+00 1.963495408493620871e-03
2.126542959243011808e+02 1.321050607296669621e-01 1.108371732658768863e-03 0.000000000000000000e+00 1.963495408493620871e-03
2.127851261536962397e+02 1.287202853966714078e-01 1.244870029716803588e-03 0.000000000000000000e+00 1.963495408493620871e-03
2.130468125310176788e+02 1.224934546402063895e-01 1.511709814808764049e-03 0.000000000000000000e+00 1.963495408493620871e-03
2.131776655664416751e+02 1.196635397877067741e-01 1.631527156954463119e-03 0.000000000000000000e+00 1.963495408493620871e-03
2.134393971001732666e+02 1.146902053863992771e-01 1.808285708347923040e-03 0.000000000000000000e+00 1.963495408493620871e-03
2.135702710859805791e+02 1.125497120861643496e-01 1.871558035535985775e-03 0.000000000000000000e+00 1.963495408493620871e-03
2.138320397481159887e+02 1.088483093446779154e-01 1.969400732391248833e-03 0.000000000000000000e+00 1.963495408493620871e-03
2.139629289886406127e+02 1.071289223352001746e-01 1.997285669104867552e-03 0.000000000000000000e+00 1.963495408493620871e-03
2.142247204943553527e+02 1.038932796880796539e-01 1.988255393416208869e-03 0.000000000000000000e+00 1.963495408493620871e-03
2.143556166825392779e+02 1.022689502220316682e-01 1.961348182706888592e-03 0.000000000000000000e+00 1.963495408493620871e-03
2.146174130692696167e+02 9.886721332908379734e-02 1.896810311326084780e-03 0.000000000000000000e+00 1.963495408493620871e-03
2.147483072039911178e+02 9.692095786466563279e-02 1.856269103851225597e-03 0.000000000000000000e+00 1.963495408493620871e-03
2.150100916985245476e+02 9.250688168974675885e-02 1.748739266042870048e-03 0.000000000000000000e+00 1.963495408493620871e-03
2.151409768422213631e+02 8.995126738851905168e-02 1.687499094640301095e-03 0.000000000000000000e+00 1.963495408493620871e-03
2.154027407394616773e+02 8.420556406712345621e-02 1.569634130268728620e-03 0.000000000000000000e+00 1.963495408493620871e-03
2.155336166411006502e+02 8.098597695374229466e-02 1.512372670567326384e-03 0.000000000000000000e+00 1.963495408493620871e-03
2.157953675046651085e+02 7.409708884438517829e-02 1.399010657225304571e-03 0.000000000000000000e+00 1.963495408493620871e-03
2.159262417742343700e+02 7.052040908353093829e-02 1.341402976458928907e-03 0.000000000000000000e+00 1.963495408493620871e-03
2.161879999484053769e+02 6.388839486183116312e-02 1.219193044000952113e-03 0.000000000000000000e+00 1.963495408493620871e-03
2.163188835767237777e+02 6.129558202791238197e-02 1.158698097214862135e-03 0.000000000000000000e+00 1.963495408493620871e-03
2.165806687604648459e+02 5.778325090672117859e-02 1.052964700726885788e-03 0.000000000000000000e+00 1.963495408493620871e-03
2.167115678601436741e+02 5.690491195386954831e-02 1.003549788076197463e-03 0.000000000000000000e+00 1.963495408493620871e-03
2.169733848393205733e+02 5.651695338875710461e-02 8.973434039639047437e-04 0.000000000000000000e+00 1.963495408493620871e-03
2.171042983112296838e+02 5.665336483044389193e-02 8.484717248080206244e-04 0.000000000000000000e+00 1.963495408493620871e-03
2.173661377630270408e+02 5.736910134279911422e-02 7.862684406880066090e-04 0.000000000000000000e+00 1.963495408493620871e-03
2.174970572592869473e+02 5.774570281644661462e-02 7.661412547905065325e-04 0.000000000000000000e+00 1.963495408493620871e-03
2.177588966297213915e+02 5.832006178974503963e-02 7.246309687810425625e-04 0.000000000000000000e+00 1.963495408493620871e-03
2.178898090057662387e+02 5.830347745993044728e-02 7.119099504972622137e-04 0.000000000000000000e+00 1.963495408493620871e-03
2.181516221798449067e+02 5.757671726027512038e-02 7.320691034650810263e-04 0.000000000000000000e+00 1.963495408493620871e-03
2.182825171002197635e+02 5.674344109171031159e-02 7.554873378091382999e-04 0.000000000000000000e+00 1.963495408493620871e-03
2.185442913519501360e+02 5.426336317978810997e-02 7.967602718119105257e-04 0.000000000000000000e+00 1.963495408493620871e-03
2.186751679608419181e+02 5.263367688393097432e-02 8.214073127338463245e-04 0.000000000000000000e+00 1.963495408493620871e-03
2.189369123271057447e+02 4.891975343784327190e-02 9.018797578678513366e-04 0.000000000000000000e+00 1.963495408493620871e-03
2.190677802242457517e+02 4.697984683516190363e-02 9.471795667372602361e-04 0.000000000000000000e+00 1.963495408493620871e-03
2.193295221451839438e+02 4.332686223751586879e-02 1.011948728546873798e-03 0.000000000000000000e+00 1.963495408493620871e-03
2.194603978755372680e+02 4.179618306490533175e-02 1.038274421515647094e-03 0.000000000000000000e+00 1.963495408493620871e-03
2.197221706182587297e+02 3.956429182880818324e-02 1.102277493623054138e-03 0.000000000000000000e+00 1.963495408493620871e-03
2.198530671864136252e+02 3.893523605792829911e-02 1.132405008183054668e-03 0.000000000000000000e+00 1.963495408493620871e-03
2.201148870243254976e+02 3.862944193998691517e-02 1.163034798164483581e-03 0.000000000000000000e+00 1.963495408493620871e-03
2.202458062511277035e+02 3.885300375475032875e-02 1.170523326165116753e-03 0.000000000000000000e+00 1.963495408493620871e-03
2.205076638291116637e+02 3.980966602560460921e-02 1.193795133473863788e-03 0.000000000000000000e+00 1.963495408493620871e-03
2.206385943903319742e+02 4.030180693500495792e-02 1.205197755659781142e-03 0.000000000000000000e+00 1.963495408493620871e-03
2.209004560255632441e+02 4.094345757802256291e-02 1.212556902185749335e-03 0.000000000000000000e+00 1.963495408493620871e-03
2.210313771505493321e+02 4.077461987941904259e-02 1.212616320014553179e-03 0.000000000000000000e+00 1.963495408493620871e-03
2.212932010678874519e+02 3.927551621219269040e-02 1.219503020150562462e-03 0.000000000000000000e+00 1.963495408493620871e-03
2.214240969292551995e+02 3.776341344453055388e-02 1.224504188212423034e-03 0.000000000000000000e+00 1.963495408493620871e-03
2.216858636036758412e+02 3.333953566946631225e-02 1.231396840319390080e-03 0.000000000000000000e+00 1.963495408493620871e-03
2.218167314829518943e+02 3.044828278176433395e-02 1.233654184077161977e-03 0.000000000000000000e+00 1.963495408493620871e-03
2.220784491849380515e+02 2.368882387852645766e-02 1.237043704818589079e-03 0.000000000000000000e+00 1.963495408493620871e-03
2.222092997603266724e+02 2.000376019154086193e-02 1.239254371302811811e-03 0.000000000000000000e+00 1.963495408493620871e-03
2.224710055491363221e+02 1.274350560368795598e-02 1.248394429831921684e-03 0.000000000000000000e+00 1.963495408493620871e-03
2.226018670857105235e+02 9.576087066123424932e-03 1.252972152223233134e-03 0.000000000000000000e+00 1.963495408493620871e-03
2.228636217010052007e+02 4.524036965506215285e-03 1.254075692597607849e-03 0.000000000000000000e+00 1.963495408493620871e-03
2.229945158766939812e+02 2.777726282020914761e-03 1.253887190628186384e-03 0.000000000000000000e+00 1.963495408493620871e-03
2.232563444010406215e+02 8.194606507241179727e-04 1.263326886399612726e-03 0.000000000000000000e+00 1.963495408493620871e-03
2.233872748181748022e+02 5.005980397781240390e-04 1.268728621198184255e-03 0.000000000000000000e+00 1.963495408493620871e-03
2.236491658219426881e+02 7.964573662762527984e-04 1.266370296867909331e-03 0.000000000000000000e+00 1.963495408493620871e-03
2.237801169019196834e+02 1.071062188902302884e-03 1.262831010880602909e-03 0.000000000000000000e+00 1.963495408493620871e-03
2.240420221027418108e+02 1.251512362964360154e-03 1.265497574072916784e-03 0.000000000000000000e+00 1.963495408493620871e-03
2.241729630112918130e+02 6.719338843361637517e-04 1.266727382642620975e-03 0.000000000000000000e+00 1.963495408493620871e-03
2.244348185529756563e+02 -2.138396179682155313e-03 1.251989668657549478e-03 0.000000000000000000e+00 1.963495408493620871e-03
2.245657239053634839e+02 -4.627769678368934270e-03 1.240176237070961772e-03 0.000000000000000000e+00 1.963495408493620871e-03
2.248274936142120737e+02 -1.176683969443613823e-02 1.221807044422970178e-03 0.000000000000000000e+00 1.963495408493620871e-03
2.249583530401435212e+02 -1.647246653549631901e-02 1.210885106698038078e-03 0.000000000000000000e+00 1.963495408493620871e-03
2.252200390961244807e+02 -2.745590458362331954e-02 1.170686314958237434e-03 0.000000000000000000e+00 1.963495408493620871e-03
2.253508703676637026e+02 -3.332423417512522801e-02 1.146017938572010736e-03 0.000000000000000000e+00 1.963495408493620871e-03
2.256125351935486094e+02 -4.455984805924562142e-02 1.103303833887354706e-03 0.000000000000000000e+00 1.963495408493620871e-03
2.257433781087089528e+02 -4.916465727453540879e-02 1.082001391070273790e-03 0.000000000000000000e+00 1.963495408493620871e-03
2.260051072612488383e+02 -5.569739791318148447e-02 1.028319299068982664e-03 0.000000000000000000e+00 1.963495408493620871e-03
2.261360001548938214e+02 -5.730976154301059555e-02 1.000812773373112525e-03 0.000000000000000000e+00 1.963495408493620871e-03
2.263978484446801644e+02 -5.749739510619206184e-02 9.612807703958242949e-04 0.000000000000000000e+00 1.963495408493620871e-03
2.265287992114595284e+02 -5.636594186076530899e-02 9.465474977659019042e-04 0.000000000000000000e+00 1.963495408493620871e-03
2.267907469266793044e+02 -5.240733587760609824e-02 9.178146132998636717e-04 0.000000000000000000e+00 1.963495408493620871e-03
2.269217311126175218e+02 -5.016214880446330515e-02 9.074929131394750357e-04 0.000000000000000000e+00 1.963495408493620871e-03
2.271837077659141926e+02 -4.602161469655156878e-02 9.075443957024139068e-04 0.000000000000000000e+00 1.963495408493620871e-03
2.273146844596762435e+02 -4.477206344491505008e-02 9.149772578808852436e-04 0.000000000000000000e+00 1.963495408493620871e-03
2.275766012077921232e+02 -4.457517463116855705e-02 9.346270729029388345e-04 0.000000000000000000e+00 1.963495408493620871e-03
2.277075250235032797e+02 -4.611637833324068458e-02 9.482757718689443539e-04 0.000000000000000000e+00 1.963495408493620871e-03
2.279693058649996829e+02 -5.240516856704625914e-02 9.880778747567973454e-04 0.000000000000000000e+00 1.963495408493620871e-03
2.281001575868126281e+02 -5.714660461469249497e-02 1.011867559901094733e-03 0.000000000000000000e+00 1.963495408493620871e-03
2.283618019872357934e+02 -6.898905189690064665e-02 1.059209703897594917e-03 0.000000000000000000e+00 1.963495408493620871e-03
2.284925996049162791e+02 -7.559528473402923887e-02 1.082545733026479438e-03 0.000000000000000000e+00 1.963495408493620871e-03
2.287541833311002222e+02 -8.853398363015413386e-02 1.127811201355014741e-03 0.000000000000000000e+00 1.963495408493620871e-03
2.288849871614275457e+02 -9.384326785621219247e-02 1.148840370023036881e-03 0.000000000000000000e+00 1.963495408493620871e-03
2.291466550384994889e+02 -1.009308692516568684e-01 1.184592121766899018e-03 0.000000000000000000e+00 1.963495408493620871e-03
2.292775350649245354e+02 -1.020200818103784435e-01 1.198732480038221726e-03 0.000000000000000000e+00 1.963495408493620871e-03
2.295393909353603021e+02 -9.978024614383018687e-02 1.217529378105462268e-03 0.000000000000000000e+00 1.963495408493620871e-03
2.296703600009313107e+02 -9.692695206674004083e-02 1.222898798648323947e-03 0.000000000000000000e+00 1.963495408493620871e-03
2.299323693466984366e+02 -8.874145399328692285e-02 1.228049693279544821e-03 0.000000000000000000e+00 1.963495408493620871e-03
2.300633943327928819e+02 -8.414165447558624722e-02 1.227138028564893736e-03 0.000000000000000000e+00 1.963495408493620871e-03
2.303254663473510959e+02 -7.530747170522286704e-02 1.215977676167899913e-03 0.000000000000000000e+00 1.963495408493620871e-03
2.304564936176370509e+02 -7.205145311013315401e-02 1.207500735495691717e-03 0.000000000000000000e+00 1.963495408493620871e-03
2.307185024374180102e+02 -6.897335700403359193e-02 1.190778019476195588e-03 0.000000000000000000e+00 1.963495408493620871e-03
2.308494578659988008e+02 -6.992507252556129371e-02 1.181283753980003634e-03 0.000000000000000000e+00 1.963495408493620871e-03
2.311112683488855453e+02 -7.646201650226618074e-02 1.155823052591133538e-03 0.000000000000000000e+00 1.963495408493620871e-03
2.312421157417424524e+02 -8.183074346032014057e-02 1.141978868377082137e-03 0.000000000000000000e+00 1.963495408493620871e-03
2.315037079411294769e+02 -9.629120026309145874e-02 1.119195235862333699e-03 0.000000000000000000e+00 1.963495408493620871e-03
2.316344542468249870e+02 -1.051565026882022857e-01 1.108361567007878998e-03 0.000000000000000000e+00 1.963495408493620871e-03
2.318959038719534647e+02 -1.233842033763330459e-01 1.081401353640681906e-03 0.000000000000000000e+00 1.963495408493620871e-03
2.320266383656457094e+02 -1.309276668533668753e-01 1.067513445172605996e-03 0.000000000000000000e+00 1.963495408493620871e-03
2.322881920033573238e+02 -1.405749077327366758e-01 1.046589547583828004e-03 0.000000000000000000e+00 1.963495408493620871e-03
2.324190467506644779e+02 -1.412836136458482661e-01 1.037381287472614920e-03 0.000000000000000000e+00 1.963495408493620871e-03
2.326809066532743202e+02 -1.359989939678798720e-01 1.013964888774942326e-03 0.000000000000000000e+00 1.963495408493620871e-03
2.328118972909392141e+02 -1.312603535343020988e-01 1.002420953765027637e-03 0.000000000000000000e+00 1.963495408493620871e-03
2.330739834132947124e+02 -1.184039019742590959e-01 9.888705395474093381e-04 0.000000000000000000e+00 1.963495408493620871e-03
2.332050603549037646e+02 -1.108432886634954928e-01 9.844381081572475042e-04 0.000000000000000000e+00 1.963495408493620871e-03
2.334672582990532419e+02 -9.531145895170679838e-02 9.719374178381900205e-04 0.000000000000000000e+00 1.963495408493620871e-03
2.335983563376521204e+02 -8.866011997166969860e-02 9.666852415683155949e-04 0.000000000000000000e+00 1.963495408493620871e-03
2.338605089036313984e+02 -7.944487998978880250e-02 9.677036560330318140e-04 0.000000000000000000e+00 1.963495408493620871e-03
2.339915284841352729e+02 -7.813704483495059749e-02 9.712085586342550543e-04 0.000000000000000000e+00 1.963495408493620871e-03
2.342534206268333321e+02 -8.211943435852719908e-02 9.749730465121791631e-04 0.000000000000000000e+00 1.963495408493620871e-03
2.343842646705763855e+02 -8.740505608207488342e-02 9.777766802966359437e-04 0.000000000000000000e+00 1.963495408493620871e-03
2.346457671759872596e+02 -1.049021790803400800e-01 9.936727077956104479e-04 0.000000000000000000e+00 1.963495408493620871e-03
2.347764325901428322e+02 -1.174338857622444221e-01 1.003845889717945323e-03 0.000000000000000000e+00 1.963495408493620871e-03
2.350376758555799483e+02 -1.448494653268478927e-01 1.018888120670022280e-03 0.000000000000000000e+00 1.963495408493620871e-03
2.351683031001385018e+02 -1.562132873383032527e-01 1.025553972540880088e-03 0.000000000000000000e+00 1.963495408493620871e-03
2.354296680065166072e+02 -1.715636629164640214e-01 1.043297841380981484e-03 0.000000000000000000e+00 1.963495408493620871e-03
2.355604645560163135e+02 -1.739784214314780419e-01 1.051954161137026158e-03 0.000000000000000000e+00 1.963495408493620871e-03
2.358223034635536521e+02 -1.682217660334996978e-01 1.060410818436663839e-03 0.000000000000000000e+00 1.963495408493620871e-03
2.359533457239417089e+02 -1.602131813750682920e-01 1.061857203424425343e-03 0.000000000000000000e+00 1.963495408493620871e-03
2.362155960901779963e+02 -1.389955359657317202e-01 1.064916982458569746e-03 0.000000000000000000e+00 1.963495408493620871e-03
2.363467401865702584e+02 -1.293980326650772672e-01 1.064967180118287469e-03 0.000000000000000000e+00 1.963495408493620871e-03
2.366090707149219270e+02 -1.089076341655401403e-01 1.056755112959433841e-03 0.000000000000000000e+00 1.963495408493620871e-03
2.367402572897130142e+02 -9.551307339984729805e-02 1.050199698680337468e-03 0.000000000000000000e+00 1.963495408493620871e-03
2.370026240251011416e+02 -6.878376980467879043e-02 1.037954331343072774e-03 0.000000000000000000e+00 1.963495408493620871e-03
2.371337625745362061e+02 -6.008696100198891027e-02 1.031521079812809660e-03 0.000000000000000000e+00 1.963495408493620871e-03
2.373958423924861165e+02 -5.535405873102527269e-02 1.015581371561700887e-03 0.000000000000000000e+00 1.963495408493620871e-03
2.375267046726463036e+02 -6.133694701054430432e-02 1.007329405704581208e-03 0.000000000000000000e+00 1.963495408493620871e-03
2.377880973936875648e+02 -8.605848159144557918e-02 9.943190607355448674e-04 0.000000000000000000e+00 1.963495408493620871e-03
2.379186419093577740e+02 -1.020802968249135689e-01 9.892308480960035951e-04 0.000000000000000000e+00 1.963495408493620871e-03
2.381795511016090927e+02 -1.375570989588662807e-01 9.808190885879104065e-04 0.000000000000000000e+00 1.963495408493620871e-03
2.383099914969439794e+02 -1.546668350735489472e-01 9.775353419443242806e-04 0.000000000000000000e+00 1.963495408493620871e-03
2.385709762967398717e+02 -1.850828445904790509e-01 9.729694716582094113e-04 0.000000000000000000e+00 1.963495408493620871e-03
2.387016024268211822e+02 -1.967661296534909676e-01 9.717055691196303368e-04 0.000000000000000000e+00 1.963495408493620871e-03
2.389632004329730535e+02 -2.086331562744080381e-01 9.712736890495122545e-04 0.000000000000000000e+00 1.963495408493620871e-03
2.390942136546733821e+02 -2.058819299331371422e-01 9.713036494800552072e-04 0.000000000000000000e+00 1.963495408493620871e-03
2.393565784620429326e+02 -1.852095631131442932e-01 9.690245389260749610e-04 0.000000000000000000e+00 1.963495408493620871e-03
2.394878546269243600e+02 -1.691846304022646685e-01 9.672606037545666922e-04 0.000000000000000000e+00 1.963495408493620871e-03
2.397505265757646100e+02 -1.304855704522922544e-01 9.643776679310442270e-04 0.000000000000000000e+00 1.963495408493620871e-03
2.398818731802928141e+02 -1.110426127240197458e-01 9.620496833689367189e-04 0.000000000000000000e+00 1.963495408493620871e-03
2.401445277680345782e+02 -7.708469340436904793e-02 9.515498213352757174e-04 0.000000000000000000e+00 1.963495408493620871e-03
2.402757899363310230e+02 -6.592278920273611509e-02 9.451142528974106321e-04 0.000000000000000000e+00 1.963495408493620871e-03
2.405380903262466745e+02 -5.420418970376331830e-02 9.355912636485762181e-04 0.000000000000000000e+00 1.963495408493620871e-03
2.406690598114834927e+02 -5.280682060167685155e-02 9.311146784461900999e-04 0.000000000000000000e+00 1.963495408493620871e-03
2.409305111007981282e+02 -6.079468068413641790e-02 9.182227998891148019e-04 0.000000000000000000e+00 1.963495408493620871e-03
2.410609031225470460e+02 -7.167933288826414118e-02 9.119936919266887366e-04 0.000000000000000000e+00 1.963495408493620871e-03
2.413213724993305220e+02 -9.977452892104343718e-02 9.070003618814929079e-04 0.000000000000000000e+00 1.963495408493620871e-03
2.414516932792526518e+02 -1.117516358253071579e-01 9.060334240412822211e-04 0.000000000000000000e+00 1.963495408493620871e-03
2.417125441469392229e+02 -1.330356523957557102e-01 8.997998350930777600e-04 0.000000000000000000e+00 1.963495408493620871e-03
2.418430744085375750e+02 -1.438377971467271199e-01 8.967199523359789884e-04 0.000000000000000000e+00 1.963495408493620871e-03
2.421043888547534380e+02 -1.636647285227433579e-01 8.982261450124740497e-04 0.000000000000000000e+00 1.963495408493620871e-03
2.422351986023504367e+02 -1.711062807591612056e-01 9.002659020938639373e-04 0.000000000000000000e+00 1.963495408493620871e-03
2.424971997071172325e+02 -1.798216927373542384e-01 8.978505628879493092e-04 0.000000000000000000e+00 1.963495408493620871e-03
2.426284354220990735e+02 -1.804443238255967752e-01 8.956355080779159882e-04 0.000000000000000000e+00 1.963495408493620871e-03
2.428911127251650157e+02 -1.750908890865927048e-01 8.971597059022080184e-04 0.000000000000000000e+00 1.963495408493620871e-03
2.430223565434258148e+02 -1.698469596336693033e-01 8.981763543273813336e-04 0.000000000000000000e+00 1.963495408493620871e-03
2.432846345479269417e+02 -1.567354131027623720e-01 8.913335018520354182e-04 0.000000000000000000e+00 1.963495408493620871e-03
2.434156626396362242e+02 -1.506371168459162968e-01 8.865363177113748383e-04 0.000000000000000000e+00 1.963495408493620871e-03
2.436776193385242664e+02 -1.399952827706801017e-01 8.846278143688002856e-04 0.000000000000000000e+00 1.963495408493620871e-03
2.438086251883175635e+02 -1.358324731376520378e-01 8.847194217553487009e-04 0.000000000000000000e+00 1.963495408493620871e-03
2.440706915889067830e+02 -1.255105492445164894e-01 8.774463634792953153e-04 0.000000000000000000e+00 1.963495408493620871e-03
2.442017386699732242e+02 -1.164449868415968342e-01 8.730000870281419325e-04 0.000000000000000000e+00 1.963495408493620871e-03
2.444636446461193771e+02 -9.788741727231375922e-02 8.722672231973045264e-04 0.000000000000000000e+00 1.963495408493620871e-03
2.445943481059534292e+02 -9.379246633915980236e-02 8.728233999316281806e-04 0.000000000000000000e+00 1.963495408493620871e-03
2.448552468527321935e+02 -9.690467828141605122e-02 8.654392931652659000e-04 0.000000000000000000e+00 1.963495408493620871e-03
2.449854397103470376e+02 -1.043833802256625143e-01 8.604236928812449177e-04 0.000000000000000000e+00 1.963495408493620871e-03
2.452457397855080785e+02 -1.223468696191018779e-01 8.575189419532177216e-04 0.000000000000000000e+00 1.963495408493620871e-03
2.453761404947368590e+02 -1.267100520798512542e-01 8.567887081861915843e-04 0.000000000000000000e+00 1.963495408493620871e-03
2.456375146364212867e+02 -1.284325363242585505e-01 8.466506054644162404e-04 0.000000000000000000e+00 1.963495408493620871e-03
2.457685067216792731e+02 -1.279847756910873491e-01 8.395227181026720421e-04 0.000000000000000000e+00 1.963495408493620871e-03
2.460309398255664348e+02 -1.251390782513679689e-01 8.295183021672870773e-04 0.000000000000000000e+00 1.963495408493620871e-03
2.461622581827733711e+02 -1.230491169731982304e-01 8.242323196803050603e-04 0.000000000000000000e+00 1.963495408493620871e-03
2.464249747870642295e+02 -1.160390853198620120e-01 8.043385183158805948e-04 0.000000000000000000e+00 1.963495408493620871e-03
2.465562877670795672e+02 -1.101052716619937699e-01 7.920712224020057604e-04 0.000000000000000000e+00 1.963495408493620871e-03
2.468189578934808708e+02 -8.981872397184313683e-02 7.712425868578909501e-04 0.000000000000000000e+00 1.963495408493620871e-03
2.469504088994008839e+02 -7.313401720732172484e-02 7.610187316523823672e-04 0.000000000000000000e+00 1.963495408493620871e-03
2.472133193894242424e+02 -3.540180868123227881e-02 7.352331200449267572e-04 0.000000000000000000e+00 1.963495408493620871e-03
2.473446098463182352e+02 -2.065644953030697228e-02 7.220008165423194221e-04 0.000000000000000000e+00 1.963495408493620871e-03
2.476067988829562978e+02 2.415714029169960947e-04 7.022393872898333514e-04 0.000000000000000000e+00 1.963495408493620871e-03
2.477376592101802260e+02 6.542126591917999529e-03 6.942379808337947183e-04 0.000000000000000000e+00 1.963495408493620871e-03
2.479989464999181905e+02 7.170393013781767994e-03 6.775891960806561948e-04 0.000000000000000000e+00 1.963495408493620871e-03
2.481293961061006428e+02 -1.032327603139746031e-03 6.703486859212122711e-04 0.000000000000000000e+00 1.963495408493620871e-03
2.483902579068976308e+02 -2.315642286871462396e-02 6.623786789573731047e-04 0.000000000000000000e+00 1.963495408493620871e-03
2.485209095024965791e+02 -2.910292949664065182e-02 6.606113190620985405e-04 0.000000000000000000e+00 1.963495408493620871e-03
2.487822690342913745e+02 -3.867375822663382534e-02 6.581667744759518626e-04 0.000000000000000000e+00 1.963495408493620871e-03
2.489126762234166677e+02 -4.865575030598239675e-02 6.578294792529448039e-04 0.000000000000000000e+00 1.963495408493620871e-03
2.491732784186195886e+02 -7.402752358111153175e-02 6.600783198425909208e-04 0.000000000000000000e+00 1.963495408493620871e-03
2.493037281359479778e+02 -8.539954484783049415e-02 6.622217443974550821e-04 0.000000000000000000e+00 1.963495408493620871e-03
2.495650439816464541e+02 -9.911789727507819281e-02 6.667527147143463562e-04 0.000000000000000000e+00 1.963495408493620871e-03
2.496959649517078503e+02 -9.732019650562745428e-02 6.682843920927487857e-04 0.000000000000000000e+00 1.963495408493620871e-03
2.499581968991449514e+02 -7.774210916113760694e-02 6.669856180667179616e-04 0.000000000000000000e+00 1.963495408493620871e-03
2.500893985624344396e+02 -6.138669588722407006e-02 6.647331935857344991e-04 0.000000000000000000e+00 1.963495408493620871e-03
2.503516573246705832e+02 -3.138042759877850835e-02 6.593621619949527508e-04 0.000000000000000000e+00 1.963495408493620871e-03
2.504824942620413140e+02 -2.887577438186302720e-02 6.554608149110798757e-04 0.000000000000000000e+00 1.963495408493620871e-03
2.507439516428017328e+02 -4.197313608604084229e-02 6.419227662915255248e-04 0.000000000000000000e+00 1.963495408493620871e-03
2.508748422676688108e+02 -5.193420836043083355e-02 6.336616726007216361e-04 0.000000000000000000e+00 1.963495408493620871e-03
2.511368701869349991e+02 -7.170639078598914362e-02 6.193666222327103357e-04 0.000000000000000000e+00 1.963495408493620871e-03
2.512679263604505309e+02 -7.692763486923029359e-02 6.120236520564461147e-04 0.000000000000000000e+00 1.963495408493620871e-03
2.515303000250173966e+02 -7.379750402936610665e-02 5.924424328248517960e-04 0.000000000000000000e+00 1.963495408493620871e-03
2.516617438973507319e+02 -6.288714751449826779e-02 5.822668272663395362e-04 0.000000000000000000e+00 1.963495408493620871e-03
2.519248671751700499e+02 -3.160050549076518639e-02 5.681229567335332239e-04 0.000000000000000000e+00 1.963495408493620871e-03
2.520563314299410820e+02 -1.808130840420334867e-02 5.623066187916954482e-04 0.000000000000000000e+00 1.963495408493620871e-03
2.523186947540164624e+02 -5.858697745785943801e-03 5.471996169414382067e-04 0.000000000000000000e+00 1.963495408493620871e-03
2.524493431343892951e+02 -1.407739066142086638e-02 5.397966187050910053e-04 0.000000000000000000e+00 1.963495408493620871e-03
2.527098309375945462e+02 -5.100738378922663879e-02 5.312141561667150982e-04 0.000000000000000000e+00 1.963495408493620871e-03
2.528398623560406691e+02 -7.356941485457070551e-02 5.282797610497657302e-04 0.000000000000000000e+00 1.963495408493620871e-03
2.530998284099541422e+02 -1.174603551794145273e-01 5.189762684465163041e-04 0.000000000000000000e+00 1.963495408493620871e-03
2.532299674318799134e+02 -1.328311158001340142e-01 5.143878306977445799e-04 0.000000000000000000e+00 1.963495408493620871e-03
2.534907904619164469e+02 -1.468413970820763303e-01 5.123581172131494270e-04 0.000000000000000000e+00 1.963495408493620871e-03
2.536216161178745949e+02 -1.433923469215100943e-01 5.128080900782525965e-04 0.000000000000000000e+00 1.963495408493620871e-03
2.538839779092927529e+02 -1.165480787140217855e-01 5.086189950637728767e-04 0.000000000000000000e+00 1.963495408493620871e-03
2.540154108993732791e+02 -9.406680461335975574e-02 5.059143881942312036e-04 0.000000000000000000e+00 1.963495408493620871e-03
2.542783462274467468e+02 -4.407485881756744578e-02 5.060617082020340499e-04 0.000000000000000000e+00 1.963495408493620871e-03
2.544095465962373055e+02 -2.584366076842381510e-02 5.068778494418284871e-04 0.000000000000000000e+00 1.963495408493620871e-03
2.546717073892530436e+02 1.189752133985321619e-03 5.029906477802448435e-04 0.000000000000000000e+00 1.963495408493620871e-03
2.548028939278522671e+02 1.355112944078344997e-02 5.003006022663603362e-04 0.000000000000000000e+00 1.963495408493620871e-03
2.550653563627136009e+02 3.395671306167387382e-02 5.006195801208874162e-04 0.000000000000000000e+00 1.963495408493620871e-03
2.551965212979122555e+02 4.026893216230673089e-02 5.013014141065680503e-04 0.000000000000000000e+00 1.963495408493620871e-03
2.554587755744323090e+02 4.649392919438020966e-02 4.958184231767378755e-04 0.000000000000000000e+00 1.963495408493620871e-03
2.555899065004253714e+02 4.742802997835195156e-02 4.919223167086720890e-04 0.000000000000000000e+00 1.963495408493620871e-03
2.558520043343845884e+02 4.463290082447214646e-02 4.893875149320199656e-04 0.000000000000000000e+00 1.963495408493620871e-03
2.559828332215014370e+02 4.033302054201803877e-02 4.886884793831835746e-04 0.000000000000000000e+00 1.963495408493620871e-03
2.562443741998080213e+02 3.392357516204387580e-02 4.811662268580394006e-04 0.000000000000000000e+00 1.963495408493620871e-03
2.563753222170649906e+02 3.752461477240508214e-02 4.762088471387029278e-04 0.000000000000000000e+00 1.963495408493620871e-03
2.566376094415124385e+02 5.507505735806682290e-02 4.704155962611912068e-04 0.000000000000000000e+00 1.963495408493620871e-03
2.567689466401955656e+02 6.618076870432165748e-02 4.675991596579170614e-04 0.000000000000000000e+00 1.963495408493620871e-03
2.570316464073487168e+02 8.711831380695136962e-02 4.558158517972226396e-04 0.000000000000000000e+00 1.963495408493620871e-03
2.571627502270315517e+02 9.295232869205583004e-02 4.486842556661432878e-04 0.000000000000000000e+00 1.963495408493620871e-03
2.574244894521812057e+02 9.541036962806914712e-02 4.376986117877812790e-04 0.000000000000000000e+00 1.963495408493620871e-03
2.575551544382966540e+02 9.235497601895359399e-02 4.321073080820777949e-04 0.000000000000000000e+00 1.963495408493620871e-03
2.578161105471185124e+02 7.232402565178652765e-02 4.149699755863581760e-04 0.000000000000000000e+00 1.963495408493620871e-03
2.579464223301885681e+02 5.161378832737097133e-02 4.051306958656721241e-04 0.000000000000000000e+00 1.963495408493620871e-03
2.582070447801083901e+02 6.237096550781886378e-03 3.884221541007766565e-04 0.000000000000000000e+00 1.963495408493620871e-03
2.583375789892854755e+02 -6.050215695437036363e-03 3.806313810860044227e-04 0.000000000000000000e+00 1.963495408493620871e-03
2.585991223403904655e+02 -9.065003087497199019e-03 3.634671316823322694e-04 0.000000000000000000e+00 1.963495408493620871e-03
2.587301260739101849e+02 -3.639922901805463067e-04 3.548498289903912698e-04 0.000000000000000000e+00 1.963495408493620871e-03
2.589925648326633905e+02 3.225160360762813205e-02 3.404832775678870091e-04 0.000000000000000000e+00 1.963495408493620871e-03
2.591239697865540279e+02 5.242976258501927389e-02 3.342525473694890874e-04 0.000000000000000000e+00 1.963495408493620871e-03
2.593871540766255066e+02 9.468305133435808707e-02 3.214320100095104408e-04 0.000000000000000000e+00 1.963495408493620871e-03
2.595189292853025336e+02 1.128547188822288938e-01 3.156964150774778897e-04 0.000000000000000000e+00 1.963495408493620871e-03
2.597825358846822041e+02 1.411442222888305009e-01 3.082798964040462135e-04 0.000000000000000000e+00 1.963495408493620871e-03
2.599141413303464674e+02 1.499659312955127777e-01 3.063206282875202170e-04 0.000000000000000000e+00 1.963495408493620871e-03
2.601769729624168690e+02 1.618031716963053146e-01 3.052185800527428211e-04 0.000000000000000000e+00 1.963495408493620871e-03
2.603082166942122626e+02 1.679828163356477111e-01 3.060642530584539549e-04 0.000000000000000000e+00 1.963495408493620871e-03
2.605701765063482753e+02 1.747485638321184531e-01 3.106069813049273454e-04 0.000000000000000000e+00 1.963495408493620871e-03
2.607007652746922304e+02 1.710322304892174239e-01 3.142650729758729444e-04 0.000000000000000000e+00 1.963495408493620871e-03
2.609610446628534532e+02 1.445109043302036100e-01 3.241747995984072244e-04 0.000000000000000000e+00 1.963495408493620871e-03
2.610906658066050454e+02 1.186763541524646914e-01 3.299491443290820600e-04 0.000000000000000000e+00 1.963495408493620871e-03
2.613496027364104748e+02 6.008692363810991255e-02 3.415248647720386509e-04 0.000000000000000000e+00 1.963495408493620871e-03
2.614794264898529264e+02 4.010523498725349079e-02 3.476821646394848619e-04 0.000000000000000000e+00 1.963495408493620871e-03
2.617396698348766222e+02 1.616331167599940194e-02 3.618326403774638125e-04 0.000000000000000000e+00 1.963495408493620871e-03
2.618699571776935500e+02 9.166128101033482745e-03 3.687173884000235829e-04 0.000000000000000000e+00 1.963495408493620871e-03
2.621312245297613686e+02 9.399137326013062149e-03 3.790583569941789440e-04 0.000000000000000000e+00 1.963495408493620871e-03
2.622624652695126883e+02 1.981780929151276405e-02 3.832366760141811719e-04 0.000000000000000000e+00 1.963495408493620871e-03
2.625261913930846731e+02 5.731197939100640681e-02 3.918770945994117481e-04 0.000000000000000000e+00 1.963495408493620871e-03
2.626586655022670129e+02 8.109193483135117286e-02 3.952660805615113666e-04 0.000000000000000000e+00 1.963495408493620871e-03
2.629243355390036072e+02 1.376496235406514113e-01 3.960677156567261013e-04 0.000000000000000000e+00 1.963495408493620871e-03
2.630571734384231490e+02 1.698583741012996695e-01 3.947692704931912147e-04 0.000000000000000000e+00 1.963495408493620871e-03
2.633222833097965463e+02 2.284141208338734685e-01 3.927813125752496791e-04 0.000000000000000000e+00 1.963495408493620871e-03
2.634541848870244962e+02 2.455800389591881738e-01 3.899167185335953873e-04 0.000000000000000000e+00 1.963495408493620871e-03
2.637165181486503798e+02 2.532865557078206598e-01 3.745682575704089396e-04 0.000000000000000000e+00 1.963495408493620871e-03
2.638468554508024226e+02 2.426544632152576875e-01 3.649343283231934205e-04 0.000000000000000000e+00 1.963495408493620871e-03
2.641061580820771155e+02 1.989987601028445074e-01 3.492022248452199794e-04 0.000000000000000000e+00 1.963495408493620871e-03
2.642353263947845221e+02 1.703432754346277944e-01 3.410424146633754192e-04 0.000000000000000000e+00 1.963495408493620871e-03
2.644931768244310319e+02 1.057125053958878347e-01 3.182662673209071553e-04 0.000000000000000000e+00 1.963495408493620871e-03
2.646221780103249444e+02 7.391722831370134417e-02 3.059902249367384142e-04 0.000000000000000000e+00 1.963495408493620871e-03
2.648810428878471157e+02 2.667401480874258268e-02 2.871634012489968123e-04 0.000000000000000000e+00 1.963495408493620871e-03
2.650113793595128300e+02 2.169388924531725354e-02 2.785047022674378889e-04 0.000000000000000000e+00 1.963495408493620871e-03
2.652736665622315400e+02 4.247486416557434696e-02 2.556501040286456765e-04 0.000000000000000000e+00 1.963495408493620871e-03
2.654054261841525317e+02 6.237063842802877123e-02 2.441616099531931602e-04 0.000000000000000000e+00 1.963495408493620871e-03
2.656696541881738085e+02 1.108634136547222149e-01 2.309382574751300604e-04 0.000000000000000000e+00 1.963495408493620871e-03
2.658017603278415208e+02 1.326026491111401140e-01 2.264500313644628410e-04 0.000000000000000000e+00 1.963495408493620871e-03
2.660662362108531624e+02 1.762237337360427758e-01 2.122275483469171888e-04 0.000000000000000000e+00 1.963495408493620871e-03
2.661988194968425887e+02 2.021449732127306720e-01 2.057801075392047259e-04 0.000000000000000000e+00 1.963495408493620871e-03
2.664643577557907861e+02 2.616627441678501809e-01 2.042448225775740536e-04 0.000000000000000000e+00 1.963495408493620871e-03
2.665970598218085001e+02 2.941463553287305688e-01 2.055814509931281871e-04 0.000000000000000000e+00 1.963495408493620871e-03
2.668612437922122353e+02 3.440810176904145479e-01 2.025790873648447826e-04 0.000000000000000000e+00 1.963495408493620871e-03
2.669919989433545879e+02 3.478214081956072512e-01 2.018057250094431026e-04 0.000000000000000000e+00 1.963495408493620871e-03
2.672509787410713784e+02 3.086388085296685180e-01 2.105024451924332094e-04 0.000000000000000000e+00 1.963495408493620871e-03
2.673793678831241891e+02 2.645848369033012570e-01 2.160114613361994963e-04 0.000000000000000000e+00 1.963495408493620871e-03
2.676354564473300002e+02 1.622453246216457312e-01 2.190914180869434633e-04 0.000000000000000000e+00 1.963495408493620871e-03
2.677641856114866528e+02 1.272759939990868172e-01 2.198729996798917349e-04 0.000000000000000000e+00 1.963495408493620871e-03
2.680233042753968675e+02 9.223097961422588309e-02 2.299303638957834496e-04 0.000000000000000000e+00 1.963495408493620871e-03
2.681538140022718153e+02 9.206424093883981696e-02 2.359333447135358928e-04 0.000000000000000000e+00 1.963495408493620871e-03
2.684163332259349204e+02 1.155176260804075122e-01 2.386741867340940338e-04 0.000000000000000000e+00 1.963495408493620871e-03
2.685480367759188880e+02 1.311090388242792670e-01 2.379877088281956259e-04 0.000000000000000000e+00 1.963495408493620871e-03
2.688120323199712516e+02 1.643501144344003129e-01 2.418904150390698200e-04 0.000000000000000000e+00 1.963495408493620871e-03
2.689441297730783731e+02 1.785932240317862629e-01 2.437875614778043298e-04 0.000000000000000000e+00 1.963495408493620871e-03
2.692084727650416198e+02 2.046142745475346969e-01 2.383626917324393872e-04 0.000000000000000000e+00 1.963495408493620871e-03
2.693406849291129674e+02 2.180233706987313447e-01 2.338366004954954666e-04 0.000000000000000000e+00 1.963495408493620871e-03
2.696052566144381331e+02 2.482212746095580069e-01 2.295174497615183845e-04 0.000000000000000000e+00 1.963495408493620871e-03
2.697376513891180707e+02 2.664987018867237545e-01 2.272142519473780505e-04 0.000000000000000000e+00 1.963495408493620871e-03
2.700013954168671262e+02 2.899030416432895607e-01 2.154037861215566015e-04 0.000000000000000000e+00 1.963495408493620871e-03
2.701318640969016087e+02 2.812669756288864731e-01 2.087164612417643041e-04 0.000000000000000000e+00 1.963495408493620871e-03
2.703903784179116201e+02 2.322552706892385410e-01 2.006175479504860313e-04 0.000000000000000000e+00 1.963495408493620871e-03
2.705187511230101336e+02 1.987512166420154491e-01 1.970698672974700275e-04 0.000000000000000000e+00 1.963495408493620871e-03
2.707747894036621688e+02 1.208768874308712299e-01 1.851993721764720277e-04 0.000000000000000000e+00 1.963495408493620871e-03
2.709031838316398648e+02 8.159402098266917147e-02 1.789554899154609659e-04 0.000000000000000000e+00 1.963495408493620871e-03
2.711611227160412909e+02 1.483637178505613219e-02 1.726517921929820684e-04 0.000000000000000000e+00 1.963495408493620871e-03
2.712908954037977765e+02 -4.057705220386806019e-03 1.711042566712222472e-04 0.000000000000000000e+00 1.963495408493620871e-03
2.715523984883209891e+02 -4.894978240612211928e-03 1.657195544235509502e-04 0.000000000000000000e+00 1.963495408493620871e-03
2.716843568480940689e+02 1.801911306978173227e-02 1.630618857192974282e-04 0.000000000000000000e+00 1.963495408493620871e-03
2.719499099824062682e+02 9.595222159675667606e-02 1.632994494826593137e-04 0.000000000000000000e+00 1.963495408493620871e-03
2.720829156031527987e+02 1.399740396866019365e-01 1.653083452711197701e-04 0.000000000000000000e+00 1.963495408493620871e-03
2.723490300561840058e+02 2.289627004778165276e-01 1.694662850334608165e-04 0.000000000000000000e+00 1.963495408493620871e-03
2.724819269249727540e+02 2.682677397083297333e-01 1.724347763010702569e-04 0.000000000000000000e+00 1.963495408493620871e-03
2.727471280248209382e+02 3.281658848560979891e-01 1.825414558555997816e-04 0.000000000000000000e+00 1.963495408493620871e-03
2.728792514419652093e+02 3.435892012651287075e-01 1.887537946849370506e-04 0.000000000000000000e+00 1.963495408493620871e-03
2.731418336665830680e+02 3.426829638148818358e-01 2.008973355616375158e-04 0.000000000000000000e+00 1.963495408493620871e-03
2.732717940141070017e+02 3.237398283159581558e-01 2.068410209352796944e-04 0.000000000000000000e+00 1.963495408493620871e-03
2.735298858978770795e+02 2.632696717886532367e-01 2.186723953018028434e-04 0.000000000000000000e+00 1.963495408493620871e-03
2.736586290600092752e+02 2.319523754660925419e-01 2.244784569018488355e-04 0.000000000000000000e+00 1.963495408493620871e-03
2.739162309154957597e+02 1.781172109245134638e-01 2.355935553536719906e-04 0.000000000000000000e+00 1.963495408493620871e-03
2.740455481642657674e+02 1.625225934127542682e-01 2.405981683437945413e-04 0.000000000000000000e+00 1.963495408493620871e-03
2.743053708975045311e+02 1.536267967511996679e-01 2.483318016187567438e-04 0.000000000000000000e+00 1.963495408493620871e-03
2.744359552620397835e+02 1.595674359510343976e-01 2.512361284198057188e-04 0.000000000000000000e+00 1.963495408493620871e-03
2.746982065784632141e+02 1.864833738063236268e-01 2.554818111408000921e-04 0.000000000000000000e+00 1.963495408493620871e-03
2.748296690857004023e+02 2.032775859499299786e-01 2.561662402881974884e-04 0.000000000000000000e+00 1.963495408493620871e-03
2.750932225738104648e+02 2.423439576398874473e-01 2.528078681630207690e-04 0.000000000000000000e+00 1.963495408493620871e-03
2.752252896471528061e+02 2.639919885482698847e-01 2.494255126188976929e-04 0.000000000000000000e+00 1.963495408493620871e-03
2.754897744338883285e+02 3.077878872375381381e-01 2.414860660528601877e-04 0.000000000000000000e+00 1.963495408493620871e-03
2.756220214438759513e+02 3.272688503177628716e-01 2.370040187472927497e-04 0.000000000000000000e+00 1.963495408493620871e-03
2.758859974381917368e+02 3.522687836942040018e-01 2.269954034857860330e-04 0.000000000000000000e+00 1.963495408493620871e-03
2.760173628034305580e+02 3.514780993933253050e-01 2.215765761513734306e-04 0.000000000000000000e+00 1.963495408493620871e-03
2.762788579054277420e+02 3.229561040450183995e-01 2.104204549240575256e-04 0.000000000000000000e+00 1.963495408493620871e-03
2.764090082074707766e+02 2.953689203301940180e-01 2.049401495674651563e-04 0.000000000000000000e+00 1.963495408493620871e-03
2.766683989637954255e+02 2.216863537516505500e-01 1.948076532766592427e-04 0.000000000000000000e+00 1.963495408493620871e-03
2.767978247953598157e+02 1.809067397219882301e-01 1.901516919195207593e-04 0.000000000000000000e+00 1.963495408493620871e-03
2.770565073849657551e+02 9.996453792615107858e-02 1.815418289450668470e-04 0.000000000000000000e+00 1.963495408493620871e-03
2.771860104437737959e+02 6.531727713822846337e-02 1.780696847520080715e-04 0.000000000000000000e+00 1.963495408493620871e-03
2.774455251161857063e+02 1.279875675548677524e-02 1.747070335033538654e-04 0.000000000000000000e+00 1.963495408493620871e-03
2.775756536438431681e+02 -1.707192650316509581e-03 1.738808645414124270e-04 0.000000000000000000e+00 1.963495408493620871e-03
2.778366925076222742e+02 -1.081802469901214925e-02 1.704766377213459173e-04 0.000000000000000000e+00 1.963495408493620871e-03
2.779676149797749076e+02 -8.566077460329862836e-03 1.692727851274408051e-04 0.000000000000000000e+00 1.963495408493620871e-03
2.782302873409551580e+02 8.860441743241641993e-03 1.729361996828166674e-04 0.000000000000000000e+00 1.963495408493620871e-03
2.783620407086886530e+02 2.360265715131871361e-02 1.761116830470129476e-04 0.000000000000000000e+00 1.963495408493620871e-03
2.786260943013406859e+02 5.566931140826272828e-02 1.791263460298289146e-04 0.000000000000000000e+00 1.963495408493620871e-03
2.787581764011499672e+02 6.609617910085915926e-02 1.810745816868008129e-04 0.000000000000000000e+00 1.963495408493620871e-03
2.790222420203417641e+02 7.971957424675402137e-02 1.928620855919219754e-04 0.000000000000000000e+00 1.963495408493620871e-03
2.791540847864378065e+02 8.607307687590257106e-02 2.000649434644801664e-04 0.000000000000000000e+00 1.963495408493620871e-03
2.794171584224868070e+02 9.726559486352837069e-02 2.085032610235031786e-04 0.000000000000000000e+00 1.963495408493620871e-03
2.795482306252684452e+02 1.012472508669084309e-01 2.124848046378706359e-04 0.000000000000000000e+00 1.963495408493620871e-03
2.798091097118183370e+02 9.091223418510135934e-02 2.286122298181002591e-04 0.000000000000000000e+00 1.963495408493620871e-03
2.799386966810460535e+02 6.662083080131214752e-02 2.373158773857165843e-04 0.000000000000000000e+00 1.963495408493620871e-03
2.801972360600514094e+02 8.372573712522178753e-04 2.453148430121070644e-04 0.000000000000000000e+00 1.963495408493620871e-03
2.803269439528615976e+02 -2.550296206009031869e-02 2.484394618272078620e-04 0.000000000000000000e+00 1.963495408493620871e-03
2.805875800944033358e+02 -5.579188676734178620e-02 2.661393616992346715e-04 0.000000000000000000e+00 1.963495408493620871e-03
2.807186981287584899e+02 -5.423506019477436491e-02 2.766925122751456834e-04 0.000000000000000000e+00 1.963495408493620871e-03
2.809825170859959371e+02 -1.478334518158903182e-02 2.860507335830362631e-04 0.000000000000000000e+00 1.963495408493620871e-03
2.811151867130922710e+02 2.478777154759550030e-02 2.891512721980039067e-04 0.000000000000000000e+00 1.963495408493620871e-03
2.813819868365389425e+02 1.436012214323520719e-01 3.079359085372934787e-04 0.000000000000000000e+00 1.963495408493620871e-03
2.815160673340089375e+02 2.224906449405126829e-01 3.178806764041953894e-04 0.000000000000000000e+00 1.963495408493620871e-03
2.817852200510399712e+02 4.076087622787977205e-01 3.210401988507856938e-04 0.000000000000000000e+00 1.963495408493620871e-03
2.819200310455199201e+02 5.059274403367580719e-01 3.203554339665470288e-04 0.000000000000000000e+00 1.963495408493620871e-03
2.821899778612217915e+02 7.109994821808900411e-01 3.296653619452115771e-04 0.000000000000000000e+00 1.963495408493620871e-03
2.823250249257804398e+02 8.161454716763441031e-01 3.325680457983814630e-04 0.000000000000000000e+00 1.963495408493620871e-03
2.825938922893614631e+02 1.002126449826248100e+00 3.205629833176264730e-04 0.000000000000000000e+00 1.963495408493620871e-03
2.827267468391614216e+02 1.064528342996956312e+00 3.133311218252427368e-04 0.000000000000000000e+00 1.963495408493620871e-03
