# q:1.000000e+00, m:1.836000e+03, N:480 - x,px,py,pz,w
1.884362260045739390e+02 -2.420770722906805617e+00 9.729606787216671208e-04 0.000000000000000000e+00 1.963495408493620871e-03
1.885919279444532037e+02 -2.188022354126531788e+00 9.716680685340911301e-04 0.000000000000000000e+00 1.963495408493620871e-03
1.889172630737942313e+02 -1.595055909285742146e+00 9.720462652640057041e-04 0.000000000000000000e+00 1.963495408493620871e-03
1.890769782060213231e+02 -1.314782541852557163e+00 9.696601872760334494e-04 0.000000000000000000e+00 1.963495408493620871e-03
1.893880723706644460e+02 -8.190887639820167987e-01 9.658632089786791611e-04 0.000000000000000000e+00 1.963495408493620871e-03
1.895392880628587022e+02 -6.086735642929167467e-01 9.660383960589109375e-04 0.000000000000000000e+00 1.963495408493620871e-03
1.898350869194339055e+02 -2.608889726028290057e-01 9.645703332600429232e-04 0.000000000000000000e+00 1.963495408493620871e-03
1.899810369145747586e+02 -1.260529462032577708e-01 9.629568321939184321e-04 0.000000000000000000e+00 1.963495408493620871e-03
1.902686047365053810e+02 6.231426554568229859e-02 9.610182721309082007e-04 0.000000000000000000e+00 1.963495408493620871e-03
1.904097929517340901e+02 1.154744600445846425e-01 9.604503859302038725e-04 0.000000000000000000e+00 1.963495408493620871e-03
1.906866091518996882e+02 1.634008421914470155e-01 9.592280688804273071e-04 0.000000000000000000e+00 1.963495408493620871e-03
1.908219149322348756e+02 1.706599833145174827e-01 9.584588905869762671e-04 0.000000000000000000e+00 1.963495408493620871e-03
1.910866892017253065e+02 1.599457442019859843e-01 9.563979972149392033e-04 0.000000000000000000e+00 1.963495408493620871e-03
1.912163384811956348e+02 1.459891018964724618e-01 9.556905279991744721e-04 0.000000000000000000e+00 1.963495408493620871e-03
1.914724585818877642e+02 1.149366998878895429e-01 9.559265645600304069e-04 0.000000000000000000e+00 1.963495408493620871e-03
1.916004987125447769e+02 1.083872535715753593e-01 9.559228377608182912e-04 0.000000000000000000e+00 1.963495408493620871e-03
1.918570642540576614e+02 9.757291890003494395e-02 9.536872786109925042e-04 0.000000000000000000e+00 1.963495408493620871e-03
1.919858658330252013e+02 8.499175012191598211e-02 9.526309298962278276e-04 0.000000000000000000e+00 1.963495408493620871e-03
1.922439367182120407e+02 4.538265195997605306e-02 9.535736679903124638e-04 0.000000000000000000e+00 1.963495408493620871e-03
1.923727584696470672e+02 1.793910040970096709e-02 9.541409775275675950e-04 0.000000000000000000e+00 1.963495408493620871e-03
1.926305087459713548e+02 -3.668577868767684130e-02 9.515282440884583089e-04 0.000000000000000000e+00 1.963495408493620871e-03
1.927598274416973254e+02 -5.368534724796923674e-02 9.499024661013813139e-04 0.000000000000000000e+00 1.963495408493620871e-03
1.930191915038151365e+02 -7.551093503424603781e-02 9.508999919840433607e-04 0.000000000000000000e+00 1.963495408493620871e-03
1.931490798052427920e+02 -8.692201509213441646e-02 9.518859712200869634e-04 0.000000000000000000e+00 1.963495408493620871e-03
1.934091655894164887e+02 -1.142593869439282039e-01 9.492476169966174940e-04 0.000000000000000000e+00 1.963495408493620871e-03
1.935392867696365045e+02 -1.322467892447101723e-01 9.473674326103576505e-04 0.000000000000000000e+00 1.963495408493620871e-03
1.937998371053807602e+02 -1.689024721583545774e-01 9.487681553487670606e-04 0.000000000000000000e+00 1.963495408493620871e-03
1.939303649565404726e+02 -1.816881299104176339e-01 9.501946888459311593e-04 0.000000000000000000e+00 1.963495408493620871e-03
1.941918797429273411e+02 -1.990360456119916188e-01 9.474911557080499275e-04 0.000000000000000000e+00 1.963495408493620871e-03
1.943228091724775481e+02 -2.063455059096546973e-01 9.452928100654859646e-04 0.000000000000000000e+00 1.963495408493620871e-03
1.945850609670989115e+02 -2.153927745259179294e-01 9.466083246489449213e-04 0.000000000000000000e+00 1.963495408493620871e-03
1.947164081103453270e+02 -2.147774575241943873e-01 9.481424467910240083e-04 0.000000000000000000e+00 1.963495408493620871e-03
1.949794176118817859e+02 -2.059455434595143797e-01 9.454538417050422153e-04 0.000000000000000000e+00 1.963495408493620871e-03
1.951109732757381892e+02 -1.999710986461836204e-01 9.432352927384538704e-04 0.000000000000000000e+00 1.963495408493620871e-03
1.953740351748619730e+02 -1.841591046753288108e-01 9.443505141421123985e-04 0.000000000000000000e+00 1.963495408493620871e-03
1.955054260170582552e+02 -1.737751291917532248e-01 9.456794430563390634e-04 0.000000000000000000e+00 1.963495408493620871e-03
1.957678295484006128e+02 -1.512275828862779947e-01 9.429167580371853458e-04 0.000000000000000000e+00 1.963495408493620871e-03
1.958987674990613641e+02 -1.414027387712647188e-01 9.407674707154808219e-04 0.000000000000000000e+00 1.963495408493620871e-03
1.961597501590705406e+02 -1.293420467756989933e-01 9.414923745922792239e-04 0.000000000000000000e+00 1.963495408493620871e-03
1.962895341280647870e+02 -1.301748975244009510e-01 9.425567112299195697e-04 0.000000000000000000e+00 1.963495408493620871e-03
1.965484770723668646e+02 -1.377584994842553645e-01 9.399280972532978937e-04 0.000000000000000000e+00 1.963495408493620871e-03
1.966781891293243802e+02 -1.389771262277479658e-01 9.377642733372809798e-04 0.000000000000000000e+00 1.963495408493620871e-03
1.969386927962831066e+02 -1.284602447305713269e-01 9.375301614511159353e-04 0.000000000000000000e+00 1.963495408493620871e-03
1.970698400956653700e+02 -1.115979805190621954e-01 9.381808824557940317e-04 0.000000000000000000e+00 1.963495408493620871e-03
1.973332243582690921e+02 -6.454096954531025887e-02 9.357928352076042098e-04 0.000000000000000000e+00 1.963495408493620871e-03
1.974649162382656016e+02 -4.202959881631369854e-02 9.339466592103880509e-04 0.000000000000000000e+00 1.963495408493620871e-03
1.977282054829520348e+02 -4.435033661961899909e-03 9.335399084485509168e-04 0.000000000000000000e+00 1.963495408493620871e-03
1.978597690472539909e+02 7.292994152218373882e-03 9.339694062638380975e-04 0.000000000000000000e+00 1.963495408493620871e-03
1.981226297922735000e+02 1.404870142952715367e-02 9.324299494958266082e-04 0.000000000000000000e+00 1.963495408493620871e-03
1.982538391393605934e+02 7.458894227518074460e-03 9.312330904524103795e-04 0.000000000000000000e+00 1.963495408493620871e-03
1.985158481261289865e+02 -1.726108526923390840e-02 9.306756501496224552e-04 0.000000000000000000e+00 1.963495408493620871e-03
1.986466602956633665e+02 -2.938295351783225609e-02 9.307754418820654487e-04 0.000000000000000000e+00 1.963495408493620871e-03
1.989077690784245078e+02 -5.678902396669575914e-02 9.298760645962049574e-04 0.000000000000000000e+00 1.963495408493620871e-03
1.990379583022927079e+02 -7.525602123681501832e-02 9.291641206013081383e-04 0.000000000000000000e+00 1.963495408493620871e-03
1.992980813464668586e+02 -1.127505578759638860e-01 9.282158460558222191e-04 0.000000000000000000e+00 1.963495408493620871e-03
1.994283511827851214e+02 -1.250883449250664303e-01 9.279186224713153932e-04 0.000000000000000000e+00 1.963495408493620871e-03
1.996891860124286779e+02 -1.389491842319373061e-01 9.274553908610017570e-04 0.000000000000000000e+00 1.963495408493620871e-03
1.998196177726331939e+02 -1.425685895456635377e-01 9.271104022208029750e-04 0.000000000000000000e+00 1.963495408493620871e-03
2.000805439146300557e+02 -1.461392666300271870e-01 9.255037111923877964e-04 0.000000000000000000e+00 1.963495408493620871e-03
2.002110520539716276e+02 -1.482885597811873235e-01 9.246426363218995109e-04 0.000000000000000000e+00 1.963495408493620871e-03
2.004723274022729811e+02 -1.502064717388605641e-01 9.243987765036488103e-04 0.000000000000000000e+00 1.963495408493620871e-03
2.006032029060690718e+02 -1.475272912290401806e-01 9.244212086156132057e-04 0.000000000000000000e+00 1.963495408493620871e-03
2.008652582111341474e+02 -1.369273334769853800e-01 9.223320687562304096e-04 0.000000000000000000e+00 1.963495408493620871e-03
2.009962913064385361e+02 -1.307590591523198342e-01 9.210205410765171831e-04 0.000000000000000000e+00 1.963495408493620871e-03
2.012584900090497229e+02 -1.151234808882640875e-01 9.210913386204840504e-04 0.000000000000000000e+00 1.963495408493620871e-03
2.013897378158420111e+02 -1.044857903461220844e-01 9.214873475114598433e-04 0.000000000000000000e+00 1.963495408493620871e-03
2.016524797467199619e+02 -8.005222995785432616e-02 9.190608557897465489e-04 0.000000000000000000e+00 1.963495408493620871e-03
2.017839153271423527e+02 -6.832006713774196882e-02 9.174196038804593566e-04 0.000000000000000000e+00 1.963495408493620871e-03
2.020469799687859336e+02 -4.581956825240627446e-02 9.178626513316767190e-04 0.000000000000000000e+00 1.963495408493620871e-03
2.021786432723575047e+02 -3.497690127071462207e-02 9.185694009349167164e-04 0.000000000000000000e+00 1.963495408493620871e-03
2.024423372848878273e+02 -7.459625232080317747e-03 9.158151473685465643e-04 0.000000000000000000e+00 1.963495408493620871e-03
2.025744253711388296e+02 1.399760547091340179e-02 9.139052536143051336e-04 0.000000000000000000e+00 1.963495408493620871e-03
2.028389456942649360e+02 6.690340819546572448e-02 9.144978537461375973e-04 0.000000000000000000e+00 1.963495408493620871e-03
2.029712614031039948e+02 9.405508622394875839e-02 9.152697165560926950e-04 0.000000000000000000e+00 1.963495408493620871e-03
2.032359894599612744e+02 1.445486784068815700e-01 9.121579215152068355e-04 0.000000000000000000e+00 1.963495408493620871e-03
2.033683874880689757e+02 1.647054392093061093e-01 9.101509143266816194e-04 0.000000000000000000e+00 1.963495408493620871e-03
2.036328946158328677e+02 1.913228642626642606e-01 9.107912089710008645e-04 0.000000000000000000e+00 1.963495408493620871e-03
2.037647505647213677e+02 1.954213976115277696e-01 9.114302441822902390e-04 0.000000000000000000e+00 1.963495408493620871e-03
2.040277538160169399e+02 1.884887045690824547e-01 9.079216959047883406e-04 0.000000000000000000e+00 1.963495408493620871e-03
2.041589608448247191e+02 1.795524960122095726e-01 9.058206508182175664e-04 0.000000000000000000e+00 1.963495408493620871e-03
2.044209561969194340e+02 1.566485006564787286e-01 9.062338792373877527e-04 0.000000000000000000e+00 1.963495408493620871e-03
2.045518250880232358e+02 1.461340859163695327e-01 9.067506259329608485e-04 0.000000000000000000e+00 1.963495408493620871e-03
2.048132740612985572e+02 1.275480788438724256e-01 9.032580656732531760e-04 0.000000000000000000e+00 1.963495408493620871e-03
2.049438120115105164e+02 1.195149199026050990e-01 9.011924456670936025e-04 0.000000000000000000e+00 1.963495408493620871e-03
2.052041732948975152e+02 1.010448801693455967e-01 9.014670489281080730e-04 0.000000000000000000e+00 1.963495408493620871e-03
2.053337547867952821e+02 8.736901698734714228e-02 9.021492278651595600e-04 0.000000000000000000e+00 1.963495408493620871e-03
2.055925002842294873e+02 5.700943547224887609e-02 9.002020153684518571e-04 0.000000000000000000e+00 1.963495408493620871e-03
2.057222073151964423e+02 4.467542686709756461e-02 8.990588928135458558e-04 0.000000000000000000e+00 1.963495408493620871e-03
2.059823545789793684e+02 2.498370610669149033e-02 9.008277269027991155e-04 0.000000000000000000e+00 1.963495408493620871e-03
2.061127840946597019e+02 1.673026638014594308e-02 9.022516828497367889e-04 0.000000000000000000e+00 1.963495408493620871e-03
2.063739972526103656e+02 1.589633447992797391e-03 9.014958511058836742e-04 0.000000000000000000e+00 1.963495408493620871e-03
2.065045167642271906e+02 -6.622552396670912563e-03 9.006073104879394955e-04 0.000000000000000000e+00 1.963495408493620871e-03
2.067654592296637759e+02 -2.181321672177986143e-02 9.019177492703585580e-04 0.000000000000000000e+00 1.963495408493620871e-03
2.068959416337769994e+02 -2.702840283511965397e-02 9.030289964359022696e-04 0.000000000000000000e+00 1.963495408493620871e-03
2.071570275124917373e+02 -3.349264932028428454e-02 9.026159193739849863e-04 0.000000000000000000e+00 1.963495408493620871e-03
2.072876797478706408e+02 -3.550316834171748925e-02 9.019678031127616701e-04 0.000000000000000000e+00 1.963495408493620871e-03
2.075491837519674618e+02 -3.699479493987063716e-02 9.027225452403178554e-04 0.000000000000000000e+00 1.963495408493620871e-03
2.076800035482578721e+02 -3.642867903203614310e-02 9.034486249615016583e-04 0.000000000000000000e+00 1.963495408493620871e-03
2.079417626322205024e+02 -3.305978161042609498e-02 9.033092148966383877e-04 0.000000000000000000e+00 1.963495408493620871e-03
2.080726782659085359e+02 -3.060918220737405757e-02 9.029136312144960159e-04 0.000000000000000000e+00 1.963495408493620871e-03
2.083346047692182026e+02 -2.376822783213576248e-02 9.030671558150917509e-04 0.000000000000000000e+00 1.963495408493620871e-03
2.084656182903329977e+02 -1.915253702682313125e-02 9.033352654906822918e-04 0.000000000000000000e+00 1.963495408493620871e-03
2.087277191654011119e+02 -8.272312805912583611e-03 9.033032458276803092e-04 0.000000000000000000e+00 1.963495408493620871e-03
2.088587728439649709e+02 -2.618992037713488256e-03 9.030970795447298017e-04 0.000000000000000000e+00 1.963495408493620871e-03
2.091209265357624645e+02 9.534041256390193841e-03 9.026216008733169670e-04 0.000000000000000000e+00 1.963495408493620871e-03
2.092520416053909855e+02 1.628824481327838941e-02 9.024901860381468431e-04 0.000000000000000000e+00 1.963495408493620871e-03
2.095143319093179741e+02 3.085517250738294137e-02 9.028982200059421353e-04 0.000000000000000000e+00 1.963495408493620871e-03
2.096454799513256262e+02 3.836584179821178608e-02 9.030910539859987943e-04 0.000000000000000000e+00 1.963495408493620871e-03
2.099078104624403238e+02 5.406154675278761201e-02 9.023228998905547579e-04 0.000000000000000000e+00 1.963495408493620871e-03
2.100389998742867874e+02 6.234121805407188965e-02 9.018940867304631789e-04 0.000000000000000000e+00 1.963495408493620871e-03
2.103013950005093875e+02 7.888595405198123300e-02 9.026569676394049623e-04 0.000000000000000000e+00 1.963495408493620871e-03
2.104325636491185207e+02 8.646915589403095237e-02 9.031334578634391940e-04 0.000000000000000000e+00 1.963495408493620871e-03
2.106948612291495238e+02 1.007091362650285593e-01 9.020255957658202331e-04 0.000000000000000000e+00 1.963495408493620871e-03
2.108259904075130464e+02 1.076391478830557580e-01 9.013467023427450785e-04 0.000000000000000000e+00 1.963495408493620871e-03
2.110881883844242850e+02 1.207261928660967598e-01 9.025448412316109791e-04 0.000000000000000000e+00 1.963495408493620871e-03
2.112192279939820878e+02 1.265171631163912458e-01 9.032983668110755159e-04 0.000000000000000000e+00 1.963495408493620871e-03
2.114811853150301602e+02 1.365236390477914674e-01 9.016807777957286212e-04 0.000000000000000000e+00 1.963495408493620871e-03
2.116120881616865859e+02 1.406361811262480666e-01 9.006466884802089966e-04 0.000000000000000000e+00 1.963495408493620871e-03
2.118737593457735215e+02 1.473950001854676950e-01 9.021906066157734348e-04 0.000000000000000000e+00 1.963495408493620871e-03
2.120045259810881646e+02 1.501814826501763900e-01 9.033000042290276112e-04 0.000000000000000000e+00 1.963495408493620871e-03
2.122659776871181521e+02 1.551109742919894452e-01 9.017188319347070255e-04 0.000000000000000000e+00 1.963495408493620871e-03
2.123966872586892976e+02 1.575406471618346627e-01 9.005734941208935057e-04 0.000000000000000000e+00 1.963495408493620871e-03
2.126581383613254559e+02 1.629116562572162641e-01 9.023352880005311785e-04 0.000000000000000000e+00 1.963495408493620871e-03
2.127889076513542364e+02 1.661530246715560710e-01 9.035955430893624196e-04 0.000000000000000000e+00 1.963495408493620871e-03
2.130505525883853011e+02 1.739242540761027633e-01 9.017379100010164926e-04 0.000000000000000000e+00 1.963495408493620871e-03
2.131814242142705496e+02 1.784711120497361470e-01 9.003864759478271383e-04 0.000000000000000000e+00 1.963495408493620871e-03
2.134432760982261925e+02 1.887597784286087210e-01 9.023860744849046024e-04 0.000000000000000000e+00 1.963495408493620871e-03
2.135742491356911898e+02 1.943369189429656196e-01 9.038718688405525566e-04 0.000000000000000000e+00 1.963495408493620871e-03
2.138362788462982564e+02 2.060162927452231785e-01 9.019630664582843887e-04 0.000000000000000000e+00 1.963495408493620871e-03
2.139673140644667342e+02 2.118175126076950465e-01 9.004909228739104224e-04 0.000000000000000000e+00 1.963495408493620871e-03
2.142294085294322201e+02 2.229903722442230229e-01 9.025041776774599209e-04 0.000000000000000000e+00 1.963495408493620871e-03
2.143604432265377682e+02 2.280633753383540518e-01 9.040530742247115947e-04 0.000000000000000000e+00 1.963495408493620871e-03
2.146224858028874110e+02 2.370550160344430113e-01 9.022590822974534477e-04 0.000000000000000000e+00 1.963495408493620871e-03
2.147534795603463920e+02 2.408293047661320685e-01 9.008250358412571088e-04 0.000000000000000000e+00 1.963495408493620871e-03
2.150154047248676648e+02 2.467405411187204578e-01 9.027274788711273003e-04 0.000000000000000000e+00 1.963495408493620871e-03
2.151463174767372664e+02 2.486743414045510803e-01 9.041802236263250109e-04 0.000000000000000000e+00 1.963495408493620871e-03
2.154080573582790237e+02 2.503937696457207429e-01 9.023518816946910198e-04 0.000000000000000000e+00 1.963495408493620871e-03
2.155388810154177577e+02 2.500517134557094789e-01 9.009226972404814609e-04 0.000000000000000000e+00 1.963495408493620871e-03
2.158004577951925569e+02 2.463961799483007087e-01 9.026817323367413923e-04 0.000000000000000000e+00 1.963495408493620871e-03
2.159312118730575776e+02 2.426507386922245879e-01 9.040889113980088692e-04 0.000000000000000000e+00 1.963495408493620871e-03
2.161926466191125655e+02 2.319556514123178037e-01 9.024963404652452167e-04 0.000000000000000000e+00 1.963495408493620871e-03
2.163233093046229953e+02 2.253661387299122076e-01 9.012042202070915612e-04 0.000000000000000000e+00 1.963495408493620871e-03
2.165845072574255710e+02 2.106322551221504746e-01 9.029205919672297735e-04 0.000000000000000000e+00 1.963495408493620871e-03
2.167150177248250600e+02 2.029885241672334528e-01 9.043000691750977503e-04 0.000000000000000000e+00 1.963495408493620871e-03
2.169760249599461019e+02 1.879122460421180918e-01 9.029729031218903558e-04 0.000000000000000000e+00 1.963495408493620871e-03
2.171066226732760356e+02 1.809360945290829914e-01 9.017704330231191868e-04 0.000000000000000000e+00 1.963495408493620871e-03
2.173679686098985258e+02 1.671948675023675057e-01 9.031599904441413654e-04 0.000000000000000000e+00 1.963495408493620871e-03
2.174986675172442290e+02 1.596731889773375657e-01 9.043854546929611885e-04 0.000000000000000000e+00 1.963495408493620871e-03
2.177600539880496626e+02 1.426334111744470834e-01 9.034028493208122283e-04 0.000000000000000000e+00 1.963495408493620871e-03
2.178906871491984418e+02 1.326162796595953264e-01 9.024237608175377304e-04 0.000000000000000000e+00 1.963495408493620871e-03
2.181518386055866756e+02 1.101533052189274109e-01 9.035744631455391515e-04 0.000000000000000000e+00 1.963495408493620871e-03
2.182823503361768189e+02 9.806252367842245576e-02 9.046135920100885960e-04 0.000000000000000000e+00 1.963495408493620871e-03
2.185433173356835539e+02 7.388098965942076213e-02 9.039275565124172112e-04 0.000000000000000000e+00 1.963495408493620871e-03
2.186738080808425480e+02 6.287680546843558982e-02 9.031436708240544228e-04 0.000000000000000000e+00 1.963495408493620871e-03
2.189348709340404753e+02 4.426329789432501688e-02 9.039714691791731014e-04 0.000000000000000000e+00 1.963495408493620871e-03
2.190654720051055904e+02 3.733945994538630242e-02 9.047969662034807507e-04 0.000000000000000000e+00 1.963495408493620871e-03
2.193268536991689075e+02 2.822478186969743646e-02 9.044610510971890470e-04 0.000000000000000000e+00 1.963495408493620871e-03
2.194576454231653599e+02 2.586538009015303119e-02 9.039334967268824930e-04 0.000000000000000000e+00 1.963495408493620871e-03
2.197194313737578284e+02 2.486220787158076317e-02 9.044648317747495600e-04 0.000000000000000000e+00 1.963495408493620871e-03
2.198504106852569180e+02 2.567261728591666015e-02 9.050195564861544285e-04 0.000000000000000000e+00 1.963495408493620871e-03
2.201125136282049937e+02 2.888238348766409072e-02 9.048701452693088450e-04 0.000000000000000000e+00 1.963495408493620871e-03
2.202436042108367360e+02 3.051791905136386207e-02 9.045410133666407192e-04 0.000000000000000000e+00 1.963495408493620871e-03
2.205058283376504846e+02 3.328767049069576711e-02 9.047289305636994905e-04 0.000000000000000000e+00 1.963495408493620871e-03
2.206369255235513549e+02 3.400901390986664496e-02 9.050001876090617379e-04 0.000000000000000000e+00 1.963495408493620871e-03
2.208990541669302274e+02 3.408805790899031157e-02 9.050238250788180099e-04 0.000000000000000000e+00 1.963495408493620871e-03
2.210300489617390838e+02 3.337180160312901850e-02 9.048741371023055931e-04 0.000000000000000000e+00 1.963495408493620871e-03
2.212919054762187727e+02 3.097745541936895719e-02 9.045965416294792470e-04 0.000000000000000000e+00 1.963495408493620871e-03
2.214227594385449720e+02 2.960036703701097310e-02 9.045221696763001886e-04 0.000000000000000000e+00 1.963495408493620871e-03
2.216843713370973319e+02 2.752094051032682315e-02 9.046902418131017552e-04 0.000000000000000000e+00 1.963495408493620871e-03
2.218151514977596719e+02 2.742988976962658018e-02 9.047557408580488795e-04 0.000000000000000000e+00 1.963495408493620871e-03
2.220767300822373613e+02 3.022810163376882242e-02 9.042277401868498155e-04 0.000000000000000000e+00 1.963495408493620871e-03
2.222075606976607958e+02 3.374036810329260339e-02 9.039057478999548440e-04 0.000000000000000000e+00 1.963495408493620871e-03
2.224693925602825004e+02 4.585167436458399692e-02 9.041114079300091935e-04 0.000000000000000000e+00 1.963495408493620871e-03
2.226004382669374309e+02 5.491948191621125186e-02 9.042827566344501487e-04 0.000000000000000000e+00 1.963495408493620871e-03
2.228628140258755650e+02 7.878220523053980351e-02 9.034937894253831404e-04 0.000000000000000000e+00 1.963495408493620871e-03
2.229941436428910038e+02 9.324908657676855839e-02 9.030050605084083068e-04 0.000000000000000000e+00 1.963495408493620871e-03
2.232570391043000200e+02 1.252808884835182879e-01 9.034959945357938157e-04 0.000000000000000000e+00 1.963495408493620871e-03
2.233885581101326068e+02 1.414286316726569570e-01 9.038911152161497545e-04 0.000000000000000000e+00 1.963495408493620871e-03
2.236516325680379396e+02 1.709484605315039207e-01 9.029987559433551303e-04 0.000000000000000000e+00 1.963495408493620871e-03
2.237831045535498617e+02 1.822802905506296922e-01 9.023769543448727486e-04 0.000000000000000000e+00 1.963495408493620871e-03
2.240458705721410126e+02 1.985346843157016206e-01 9.029465698999605133e-04 0.000000000000000000e+00 1.963495408493620871e-03
2.241771225369717513e+02 2.037916196666520463e-01 9.034102042546987652e-04 0.000000000000000000e+00 1.963495408493620871e-03
2.244393627014760852e+02 2.092856369168001052e-01 9.024099373394016931e-04 0.000000000000000000e+00 1.963495408493620871e-03
2.245703375484137609e+02 2.098789726312992321e-01 9.017261645143737417e-04 0.000000000000000000e+00 1.963495408493620871e-03
2.248320158238132649e+02 2.062178767948416869e-01 9.024001868515678891e-04 0.000000000000000000e+00 1.963495408493620871e-03
2.249627186340420337e+02 2.015091977111093946e-01 9.029146383704761587e-04 0.000000000000000000e+00 1.963495408493620871e-03
2.252239267484981724e+02 1.862405641487600017e-01 9.016914994541163405e-04 0.000000000000000000e+00 1.963495408493620871e-03
2.253544696694404763e+02 1.755818521165588286e-01 9.008370687438635015e-04 0.000000000000000000e+00 1.963495408493620871e-03
2.256155669434392905e+02 1.531329397169423900e-01 9.014232039630742325e-04 0.000000000000000000e+00 1.963495408493620871e-03
2.257461972623236761e+02 1.446107838942044532e-01 9.019566665123717516e-04 0.000000000000000000e+00 1.963495408493620871e-03
2.260077956631814118e+02 1.373327640507959746e-01 9.005748430799948284e-04 0.000000000000000000e+00 1.963495408493620871e-03
2.261388656497848899e+02 1.412879424124308669e-01 8.995756949448318295e-04 0.000000000000000000e+00 1.963495408493620871e-03
2.264014892188863541e+02 1.607265344610871449e-01 8.999660499287240063e-04 0.000000000000000000e+00 1.963495408493620871e-03
2.265329804049601137e+02 1.733956191209498621e-01 9.004300627589313221e-04 0.000000000000000000e+00 1.963495408493620871e-03
2.267961803454751077e+02 2.014522288179446396e-01 8.989267475737648064e-04 0.000000000000000000e+00 1.963495408493620871e-03
2.269277824487892303e+02 2.148008586176426982e-01 8.978823315204181258e-04 0.000000000000000000e+00 1.963495408493620871e-03
2.271907959830175798e+02 2.361154721422134006e-01 8.980378558177044314e-04 0.000000000000000000e+00 1.963495408493620871e-03
2.273220674693185401e+02 2.414418422509734541e-01 8.983281228610059781e-04 0.000000000000000000e+00 1.963495408493620871e-03
2.275839586760027942e+02 2.383900782095891291e-01 8.966672523557667890e-04 0.000000000000000000e+00 1.963495408493620871e-03
2.277144507490010881e+02 2.280556624468831894e-01 8.955889239785897165e-04 0.000000000000000000e+00 1.963495408493620871e-03
2.279747488154569623e+02 1.947250316137175696e-01 8.954509056101340840e-04 0.000000000000000000e+00 1.963495408493620871e-03
2.281046997899187829e+02 1.750790933662694226e-01 8.955983422941529281e-04 0.000000000000000000e+00 1.963495408493620871e-03
2.283643593516490853e+02 1.313511367203316627e-01 8.939427575059479426e-04 0.000000000000000000e+00 1.963495408493620871e-03
2.284941464077617752e+02 1.079880422255821149e-01 8.928553911164485973e-04 0.000000000000000000e+00 1.963495408493620871e-03
2.287538733993467588e+02 6.400778120226097156e-02 8.924713357951197246e-04 0.000000000000000000e+00 1.963495408493620871e-03
2.288839595104412865e+02 4.724738773843216444e-02 8.925845454064670371e-04 0.000000000000000000e+00 1.963495408493620871e-03
2.291447254813002701e+02 2.692911817362676763e-02 8.913753826199823788e-04 0.000000000000000000e+00 1.963495408493620871e-03
2.292754846313237920e+02 2.495525815059430885e-02 8.905472386241497333e-04 0.000000000000000000e+00 1.963495408493620871e-03
2.295377642322376346e+02 3.542888670712402571e-02 8.902425117237387601e-04 0.000000000000000000e+00 1.963495408493620871e-03
2.296692705114810167e+02 4.619978480686739997e-02 8.903142549329281889e-04 0.000000000000000000e+00 1.963495408493620871e-03
2.299327807178175647e+02 7.325395565371228823e-02 8.892769817492433577e-04 0.000000000000000000e+00 1.963495408493620871e-03
2.300646066916695531e+02 8.573170511696660834e-02 8.885530099810672305e-04 0.000000000000000000e+00 1.963495408493620871e-03
2.303282006659783292e+02 1.051547988402637412e-01 8.880078357558819375e-04 0.000000000000000000e+00 1.963495408493620871e-03
2.304598300314463302e+02 1.099421566413012474e-01 8.878699223793696128e-04 0.000000000000000000e+00 1.963495408493620871e-03
2.307226279382924190e+02 1.105417516208652279e-01 8.868509307740559278e-04 0.000000000000000000e+00 1.963495408493620871e-03
2.308537038354869821e+02 1.069190609067769693e-01 8.861782514623403693e-04 0.000000000000000000e+00 1.963495408493620871e-03
2.311150159830487212e+02 8.811842528653823781e-02 8.851468152012386108e-04 0.000000000000000000e+00 1.963495408493620871e-03
2.312451159778915439e+02 7.038415612777004782e-02 8.846762613155623265e-04 0.000000000000000000e+00 1.963495408493620871e-03
2.315045236419254877e+02 2.407285044848925942e-02 8.834784879475894928e-04 0.000000000000000000e+00 1.963495408493620871e-03
2.316340400475873480e+02 -5.402455918228545734e-04 8.827465183052691546e-04 0.000000000000000000e+00 1.963495408493620871e-03
2.318931379952548468e+02 -4.246443686723978816e-02 8.810008964725245251e-04 0.000000000000000000e+00 1.963495408493620871e-03
2.320229968860215592e+02 -5.299469341238009779e-02 8.801055901965309201e-04 0.000000000000000000e+00 1.963495408493620871e-03
2.322835151099671407e+02 -5.758988379291304915e-02 8.787098865382062148e-04 0.000000000000000000e+00 1.963495408493620871e-03
2.324142639169348570e+02 -5.559096937452226439e-02 8.780539562165425287e-04 0.000000000000000000e+00 1.963495408493620871e-03
2.326768101075537345e+02 -3.971693265191232614e-02 8.762233562214184410e-04 0.000000000000000000e+00 1.963495408493620871e-03
2.328086384786581107e+02 -2.310274126102911108e-02 8.752484580356841622e-04 0.000000000000000000e+00 1.963495408493620871e-03
2.330731114256912235e+02 2.113926806658746049e-02 8.739476768521872805e-04 0.000000000000000000e+00 1.963495408493620871e-03
2.332055293875822599e+02 4.393086804849466454e-02 8.732556413467086782e-04 0.000000000000000000e+00 1.963495408493620871e-03
2.334703549821999218e+02 8.179644655389048391e-02 8.705050867309604545e-04 0.000000000000000000e+00 1.963495408493620871e-03
2.336025080020653775e+02 9.093022798623093261e-02 8.689793793767231541e-04 0.000000000000000000e+00 1.963495408493620871e-03
2.338661354953563318e+02 9.270642425226180428e-02 8.673048767573951490e-04 0.000000000000000000e+00 1.963495408493620871e-03
2.339975021815100433e+02 8.760170699127414751e-02 8.665173580258661405e-04 0.000000000000000000e+00 1.963495408493620871e-03
2.342591487541031086e+02 6.536397250789628688e-02 8.631649740522516490e-04 0.000000000000000000e+00 1.963495408493620871e-03
2.343892896004394970e+02 4.784355808105758556e-02 8.613811034825908080e-04 0.000000000000000000e+00 1.963495408493620871e-03
2.346483960483648730e+02 1.009550091148518538e-03 8.598597308694755446e-04 0.000000000000000000e+00 1.963495408493620871e-03
2.347774808234940735e+02 -2.764252189702356977e-02 8.593166053284325041e-04 0.000000000000000000e+00 1.963495408493620871e-03
2.350353069467674345e+02 -8.776034443117183836e-02 8.561490659789068591e-04 0.000000000000000000e+00 1.963495408493620871e-03
2.351644387143957431e+02 -1.139872359212151520e-01 8.544263852250924204e-04 0.000000000000000000e+00 1.963495408493620871e-03
2.354235667695829477e+02 -1.530374149988871224e-01 8.539672752065565094e-04 0.000000000000000000e+00 1.963495408493620871e-03
2.355538259124846832e+02 -1.622552498849378355e-01 8.542465269399566411e-04 0.000000000000000000e+00 1.963495408493620871e-03
2.358159977195732324e+02 -1.566845931955619386e-01 8.518445198179055555e-04 0.000000000000000000e+00 1.963495408493620871e-03
2.359480632968428608e+02 -1.398924375890949201e-01 8.502022395444918702e-04 0.000000000000000000e+00 1.963495408493620871e-03
2.362134302079844588e+02 -8.721557227198192819e-02 8.502952633681214092e-04 0.000000000000000000e+00 1.963495408493620871e-03
2.363461883656235329e+02 -5.791484412619773980e-02 8.507432756592681403e-04 0.000000000000000000e+00 1.963495408493620871e-03
2.366117797046741202e+02 4.436921157222826692e-03 8.477853864582987273e-04 0.000000000000000000e+00 1.963495408493620871e-03
2.367445899269942231e+02 3.640180255841465873e-02 8.458463152462413620e-04 0.000000000000000000e+00 1.963495408493620871e-03
2.370097357726368443e+02 8.711953194868890527e-02 8.457258232222335161e-04 0.000000000000000000e+00 1.963495408493620871e-03
2.371417186685354181e+02 9.624472506551901008e-02 8.460655077037655420e-04 0.000000000000000000e+00 1.963495408493620871e-03
2.374040975739090129e+02 8.752663164651242056e-02 8.433557517036208498e-04 0.000000000000000000e+00 1.963495408493620871e-03
2.375342116452895880e+02 7.298286530332227795e-02 8.419347471867034798e-04 0.000000000000000000e+00 1.963495408493620871e-03
2.377925243209365931e+02 2.266125970197715306e-02 8.433316415056618578e-04 0.000000000000000000e+00 1.963495408493620871e-03
2.379208920757352246e+02 -1.356862812648063771e-02 8.445720382184735558e-04 0.000000000000000000e+00 1.963495408493620871e-03
2.381769360814227525e+02 -9.703800911410573327e-02 8.435177861259007120e-04 0.000000000000000000e+00 1.963495408493620871e-03
2.383051902695359274e+02 -1.367807033651801119e-01 8.425397921749590985e-04 0.000000000000000000e+00 1.963495408493620871e-03
2.385622907243716497e+02 -2.119180222262209146e-01 8.444335555027526405e-04 0.000000000000000000e+00 1.963495408493620871e-03
2.386911716818432296e+02 -2.476015245712792079e-01 8.457448695834068539e-04 0.000000000000000000e+00 1.963495408493620871e-03
2.389502143548288018e+02 -3.048097290491550426e-01 8.423906017128960245e-04 0.000000000000000000e+00 1.963495408493620871e-03
2.390808124959257555e+02 -3.185558183504126895e-01 8.391167533849639999e-04 0.000000000000000000e+00 1.963495408493620871e-03
2.393441811595421882e+02 -3.087851761833350084e-01 8.361798292040808784e-04 0.000000000000000000e+00 1.963495408493620871e-03
2.394769312961889511e+02 -2.801458792414290855e-01 8.352290797937122688e-04 0.000000000000000000e+00 1.963495408493620871e-03
2.397438407087173289e+02 -1.917608294183210660e-01 8.282260671300413751e-04 0.000000000000000000e+00 1.963495408493620871e-03
2.398774552665774422e+02 -1.451405437847491098e-01 8.240314789303706481e-04 0.000000000000000000e+00 1.963495408493620871e-03
2.401445504001166285e+02 -5.438045037528232983e-02 8.215625416640327111e-04 0.000000000000000000e+00 1.963495408493620871e-03
2.402777528656287132e+02 -1.413627599510190735e-02 8.212355717865742720e-04 0.000000000000000000e+00 1.963495408493620871e-03
2.405426402750341595e+02 4.223425717177654165e-02 8.157331579619741396e-04 0.000000000000000000e+00 1.963495408493620871e-03
2.406737763316082521e+02 4.936227799631790619e-02 8.126494771086676012e-04 0.000000000000000000e+00 1.963495408493620871e-03
2.409337367770387459e+02 3.249206979227500791e-02 8.117110546973309824e-04 0.000000000000000000e+00 1.963495408493620871e-03
2.410627642750993402e+02 1.588541331314249905e-02 8.118179293908542576e-04 0.000000000000000000e+00 1.963495408493620871e-03
2.413204202195983896e+02 -1.494254186213392344e-02 8.071654319533982762e-04 0.000000000000000000e+00 1.963495408493620871e-03
2.414500657469209841e+02 -1.682163468333005424e-02 8.041072843133862877e-04 0.000000000000000000e+00 1.963495408493620871e-03
2.417105245136698102e+02 -1.033149542720041350e-02 8.025577229184015400e-04 0.000000000000000000e+00 1.963495408493620871e-03
2.418409080619330211e+02 -1.512307957920590307e-02 8.024526222881491182e-04 0.000000000000000000e+00 1.963495408493620871e-03
2.421019963418023622e+02 -3.584223303785945280e-02 7.975774997117518472e-04 0.000000000000000000e+00 1.963495408493620871e-03
2.422327377399066393e+02 -4.693880651172428753e-02 7.944701581457100977e-04 0.000000000000000000e+00 1.963495408493620871e-03
2.424947743274812808e+02 -6.388914828764856446e-02 7.931836236940417641e-04 0.000000000000000000e+00 1.963495408493620871e-03
2.426261707784709643e+02 -6.525024422117123302e-02 7.932403586295916961e-04 0.000000000000000000e+00 1.963495408493620871e-03
2.428890348485603852e+02 -6.487181822062676462e-02 7.881105972911064007e-04 0.000000000000000000e+00 1.963495408493620871e-03
2.430199887567526957e+02 -7.180707151515039466e-02 7.847115279268493740e-04 0.000000000000000000e+00 1.963495408493620871e-03
2.432810246467611250e+02 -9.810916673991829096e-02 7.826025092810065531e-04 0.000000000000000000e+00 1.963495408493620871e-03
2.434111969060865306e+02 -1.154842881803605226e-01 7.822073504018291212e-04 0.000000000000000000e+00 1.963495408493620871e-03
2.436714882943907696e+02 -1.506420555999514188e-01 7.767070472012120846e-04 0.000000000000000000e+00 1.963495408493620871e-03
2.438020397387055880e+02 -1.629553587755376842e-01 7.732099954052015865e-04 0.000000000000000000e+00 1.963495408493620871e-03
2.440640498794898861e+02 -1.775677515598990119e-01 7.708816258740138101e-04 0.000000000000000000e+00 1.963495408493620871e-03
2.441955183258986608e+02 -1.808850599039463491e-01 7.703670344689768183e-04 0.000000000000000000e+00 1.963495408493620871e-03
2.444587009797205894e+02 -1.800617340645311593e-01 7.640912397989820491e-04 0.000000000000000000e+00 1.963495408493620871e-03
2.445899374285180556e+02 -1.759124728524797676e-01 7.600026751257140875e-04 0.000000000000000000e+00 1.963495408493620871e-03
2.448514656489477943e+02 -1.678224559587571940e-01 7.561433094393620741e-04 0.000000000000000000e+00 1.963495408493620871e-03
2.449816145471027369e+02 -1.694672501480225801e-01 7.548717432144585668e-04 0.000000000000000000e+00 1.963495408493620871e-03
2.452416027472334008e+02 -1.792893511579798926e-01 7.480638482539490527e-04 0.000000000000000000e+00 1.963495408493620871e-03
2.453720858499568465e+02 -1.837362389420542919e-01 7.439498600393104275e-04 0.000000000000000000e+00 1.963495408493620871e-03
2.456339696566938358e+02 -1.895808370767582407e-01 7.400213028334867976e-04 0.000000000000000000e+00 1.963495408493620871e-03
2.457652619535690519e+02 -1.896428865765286409e-01 7.388461580946669490e-04 0.000000000000000000e+00 1.963495408493620871e-03
2.460284435326177288e+02 -1.802057494448902342e-01 7.326081317021444599e-04 0.000000000000000000e+00 1.963495408493620871e-03
2.461602650898973366e+02 -1.679817633289879542e-01 7.289452830846598202e-04 0.000000000000000000e+00 1.963495408493620871e-03
2.464239150232976954e+02 -1.395570142085029997e-01 7.257810077308929613e-04 0.000000000000000000e+00 1.963495408493620871e-03
2.465554040413875043e+02 -1.317349436497050885e-01 7.249596564082012948e-04 0.000000000000000000e+00 1.963495408493620871e-03
2.468184041414693013e+02 -1.193158357909917533e-01 7.203503479697793196e-04 0.000000000000000000e+00 1.963495408493620871e-03
2.469504178865221320e+02 -1.073430085562890463e-01 7.179394778825363976e-04 0.000000000000000000e+00 1.963495408493620871e-03
2.472148670193634814e+02 -7.663031496647064456e-02 7.175806300085739529e-04 0.000000000000000000e+00 1.963495408493620871e-03
2.473468324277844772e+02 -6.183187018120610279e-02 7.181074285916202570e-04 0.000000000000000000e+00 1.963495408493620871e-03
2.476101517628873694e+02 -3.642462070481532199e-02 7.155727102409101779e-04 0.000000000000000000e+00 1.963495408493620871e-03
2.477414622923824652e+02 -2.759707968584831222e-02 7.137931451173548745e-04 0.000000000000000000e+00 1.963495408493620871e-03
2.480032686281047631e+02 -1.633805589522965840e-02 7.133261352107230641e-04 0.000000000000000000e+00 1.963495408493620871e-03
2.481336792302014658e+02 -1.308100915220250515e-02 7.134678570063770695e-04 0.000000000000000000e+00 1.963495408493620871e-03
2.483941710043544333e+02 -1.309138082862295466e-02 7.108405960456795191e-04 0.000000000000000000e+00 1.963495408493620871e-03
2.485247151877594547e+02 -1.735071206826625106e-02 7.091520595197179332e-04 0.000000000000000000e+00 1.963495408493620871e-03
2.487853355687689998e+02 -3.922823190785364872e-02 7.084940219871048959e-04 0.000000000000000000e+00 1.963495408493620871e-03
2.489146064181437623e+02 -6.047300749256173669e-02 7.086227901589763414e-04 0.000000000000000000e+00 1.963495408493620871e-03
2.491718471153831729e+02 -1.153142247096570761e-01 7.069777186513295439e-04 0.000000000000000000e+00 1.963495408493620871e-03
2.493004224261816546e+02 -1.428483736790552017e-01 7.060320700838903975e-04 0.000000000000000000e+00 1.963495408493620871e-03
2.495587886701918023e+02 -1.816151075950740434e-01 7.066784189467178925e-04 0.000000000000000000e+00 1.963495408493620871e-03
2.496894647174683826e+02 -1.813738327176703247e-01 7.075483666464557186e-04 0.000000000000000000e+00 1.963495408493620871e-03
2.499533529925277833e+02 -1.477065994233393020e-01 7.075059821610111405e-04 0.000000000000000000e+00 1.963495408493620871e-03
2.500861308498734275e+02 -1.201758754520072803e-01 7.071012521842876854e-04 0.000000000000000000e+00 1.963495408493620871e-03
2.503516807694591364e+02 -6.144107742056177657e-02 7.078955138142533493e-04 0.000000000000000000e+00 1.963495408493620871e-03
2.504832935321557557e+02 -4.232699660515774898e-02 7.084720117390373977e-04 0.000000000000000000e+00 1.963495408493620871e-03
2.507446532566718247e+02 -2.996092740973592058e-02 7.073170294242083541e-04 0.000000000000000000e+00 1.963495408493620871e-03
2.508747994322256716e+02 -3.966003000286764252e-02 7.062545160421011044e-04 0.000000000000000000e+00 1.963495408493620871e-03
2.511343545376376767e+02 -8.360502051807347512e-02 7.057176529503997146e-04 0.000000000000000000e+00 1.963495408493620871e-03
2.512639657466668268e+02 -1.124211819421509218e-01 7.057266655803022971e-04 0.000000000000000000e+00 1.963495408493620871e-03
2.515239240846480868e+02 -1.684205516009822934e-01 7.045282820332880551e-04 0.000000000000000000e+00 1.963495408493620871e-03
2.516550164544353265e+02 -1.849706916855833605e-01 7.036742520272788737e-04 0.000000000000000000e+00 1.963495408493620871e-03
2.519185339632721252e+02 -2.009496644961619172e-01 7.026265650879250525e-04 0.000000000000000000e+00 1.963495408493620871e-03
2.520502468231897240e+02 -2.053854418080847122e-01 7.020109765273707756e-04 0.000000000000000000e+00 1.963495408493620871e-03
2.523125573797436800e+02 -2.149341796358693879e-01 6.991570824733213049e-04 0.000000000000000000e+00 1.963495408493620871e-03
2.524424780777523267e+02 -2.252553231176933068e-01 6.972194316098583207e-04 0.000000000000000000e+00 1.963495408493620871e-03
2.527005413643895224e+02 -2.568071101672877443e-01 6.932680384039126764e-04 0.000000000000000000e+00 1.963495408493620871e-03
2.528292096789186303e+02 -2.776396968317851321e-01 6.911970178059382046e-04 0.000000000000000000e+00 1.963495408493620871e-03
2.530868638323068183e+02 -3.129009808797091341e-01 6.862633381651383601e-04 0.000000000000000000e+00 1.963495408493620871e-03
2.532165310602608770e+02 -3.149020620965202188e-01 6.833565242340269375e-04 0.000000000000000000e+00 1.963495408493620871e-03
2.534777464616406633e+02 -2.937288045620470855e-01 6.773046419137322303e-04 0.000000000000000000e+00 1.963495408493620871e-03
2.536093557790008788e+02 -2.775662094542479252e-01 6.742052240528815946e-04 0.000000000000000000e+00 1.963495408493620871e-03
2.538743282901999123e+02 -2.396631128200322203e-01 6.679980647450055233e-04 0.000000000000000000e+00 1.963495408493620871e-03
2.540074809671976084e+02 -2.213599551652600805e-01 6.649090915366531350e-04 0.000000000000000000e+00 1.963495408493620871e-03
2.542738790016763062e+02 -1.894586909569117850e-01 6.584569237073565609e-04 0.000000000000000000e+00 1.963495408493620871e-03
2.544062750939681337e+02 -1.771759946148655229e-01 6.552764011113786959e-04 0.000000000000000000e+00 1.963495408493620871e-03
2.546703000620015871e+02 -1.520054448758901555e-01 6.497752484803634605e-04 0.000000000000000000e+00 1.963495408493620871e-03
2.548025777311740967e+02 -1.335786767121230345e-01 6.470952683510981622e-04 0.000000000000000000e+00 1.963495408493620871e-03
2.550672969046901244e+02 -8.934061980349861098e-02 6.408340409997929270e-04 0.000000000000000000e+00 1.963495408493620871e-03
2.551994194145526365e+02 -6.701824968083125444e-02 6.375420693750866782e-04 0.000000000000000000e+00 1.963495408493620871e-03
2.554627377031276296e+02 -3.328944375473325001e-02 6.316056415553295130e-04 0.000000000000000000e+00 1.963495408493620871e-03
2.555936352010539565e+02 -2.939391880297484091e-02 6.286407465103806096e-04 0.000000000000000000e+00 1.963495408493620871e-03
2.558544794676607523e+02 -3.699744560890615153e-02 6.216627002281539284e-04 0.000000000000000000e+00 1.963495408493620871e-03
2.559848024129032638e+02 -4.099674298873495770e-02 6.182060139590308135e-04 0.000000000000000000e+00 1.963495408493620871e-03
2.562462501970154563e+02 -4.043651548337870438e-02 6.126719896986411451e-04 0.000000000000000000e+00 1.963495408493620871e-03
2.563780511733958747e+02 -3.016322736348427472e-02 6.099979297006693493e-04 0.000000000000000000e+00 1.963495408493620871e-03
2.566430948476145772e+02 -1.387691691513977515e-03 6.031806418023046967e-04 0.000000000000000000e+00 1.963495408493620871e-03
2.567757727424345262e+02 8.445933946479401017e-03 5.997178915501570964e-04 0.000000000000000000e+00 1.963495408493620871e-03
2.570406070199240958e+02 1.649752134020730787e-02 5.949182672776588254e-04 0.000000000000000000e+00 1.963495408493620871e-03
2.571722069396357711e+02 1.333236153364611778e-02 5.926620813431312173e-04 0.000000000000000000e+00 1.963495408493620871e-03
2.574337185969677648e+02 -4.572332896091480664e-03 5.858987249570218837e-04 0.000000000000000000e+00 1.963495408493620871e-03
2.575636368547408210e+02 -1.767186723501855752e-02 5.824148233860569927e-04 0.000000000000000000e+00 1.963495408493620871e-03
2.578215550433970407e+02 -5.818031024494717957e-02 5.777091267369519143e-04 0.000000000000000000e+00 1.963495408493620871e-03
2.579493729799608559e+02 -8.955741831095495598e-02 5.756680500658698440e-04 0.000000000000000000e+00 1.963495408493620871e-03
2.582046252313986088e+02 -1.576366814305568131e-01 5.698047332696907705e-04 0.000000000000000000e+00 1.963495408493620871e-03
2.583333846692622728e+02 -1.823354120195632144e-01 5.666826551497899890e-04 0.000000000000000000e+00 1.963495408493620871e-03
2.585933524385268925e+02 -2.091195478480418757e-01 5.631330417202923180e-04 0.000000000000000000e+00 1.963495408493620871e-03
2.587245726862957440e+02 -2.092384092300779430e-01 5.617656489828250395e-04 0.000000000000000000e+00 1.963495408493620871e-03
2.589891939090070423e+02 -1.821757742884794196e-01 5.563727889001851600e-04 0.000000000000000000e+00 1.963495408493620871e-03
2.591223791732758741e+02 -1.545414768273573880e-01 5.533448805282254130e-04 0.000000000000000000e+00 1.963495408493620871e-03
2.593895816660285618e+02 -8.754056255997341718e-02 5.497125842661531973e-04 0.000000000000000000e+00 1.963495408493620871e-03
2.595229561092490940e+02 -5.990693984136973016e-02 5.480275247017215006e-04 0.000000000000000000e+00 1.963495408493620871e-03
2.597888594779205391e+02 -1.352980560484725800e-02 5.414513038336683792e-04 0.000000000000000000e+00 1.963495408493620871e-03
2.599211411335411981e+02 7.609267773528126388e-03 5.377030817338692911e-04 0.000000000000000000e+00 1.963495408493620871e-03
2.601846137618763919e+02 4.189962261031054958e-02 5.325305434555464325e-04 0.000000000000000000e+00 1.963495408493620871e-03
2.603159781684574341e+02 5.297439467292980320e-02 5.300456844068088258e-04 0.000000000000000000e+00 1.963495408493620871e-03
2.605775840537297654e+02 5.451584477119481020e-02 5.226901678100109210e-04 0.000000000000000000e+00 1.963495408493620871e-03
2.607075489085401614e+02 3.983463291253719341e-02 5.189450680740184674e-04 0.000000000000000000e+00 1.963495408493620871e-03
2.609654537010734998e+02 -1.315221836932209398e-02 5.140571086254773752e-04 0.000000000000000000e+00 1.963495408493620871e-03
2.610931603993626027e+02 -4.764758021785837905e-02 5.115928485313142810e-04 0.000000000000000000e+00 1.963495408493620871e-03
2.613480556664960659e+02 -1.104012828427107934e-01 5.027557708173559280e-04 0.000000000000000000e+00 1.963495408493620871e-03
2.614766296400385954e+02 -1.233487670417151016e-01 4.976738193078357854e-04 0.000000000000000000e+00 1.963495408493620871e-03
2.617358724337807416e+02 -1.164292098614440468e-01 4.908506932951898442e-04 0.000000000000000000e+00 1.963495408493620871e-03
2.618662938802516464e+02 -1.010847562240239084e-01 4.878775117957923286e-04 0.000000000000000000e+00 1.963495408493620871e-03
2.621290923842994403e+02 -5.093080088061349014e-02 4.788054468870833356e-04 0.000000000000000000e+00 1.963495408493620871e-03
2.622617113893884948e+02 -1.934746125286658860e-02 4.737632819461759168e-04 0.000000000000000000e+00 1.963495408493620871e-03
2.625291404337465337e+02 4.950460044269931748e-02 4.664983755772343296e-04 0.000000000000000000e+00 1.963495408493620871e-03
2.626637265581653082e+02 8.153539061622452899e-02 4.631404136695036139e-04 0.000000000000000000e+00 1.963495408493620871e-03
2.629338258374130533e+02 1.401782945593562646e-01 4.528649207500569070e-04 0.000000000000000000e+00 1.963495408493620871e-03
2.630687758242200402e+02 1.667589782507723495e-01 4.475069509055397150e-04 0.000000000000000000e+00 1.963495408493620871e-03
2.633371325874830404e+02 2.079924803399262334e-01 4.403475045626094710e-04 0.000000000000000000e+00 1.963495408493620871e-03
2.634696392383089574e+02 2.175887597894947678e-01 4.369347480681842625e-04 0.000000000000000000e+00 1.963495408493620871e-03
2.637315482684333574e+02 2.155920602095692806e-01 4.271410467599646293e-04 0.000000000000000000e+00 1.963495408493620871e-03
2.638611019758883458e+02 2.052035173693260162e-01 4.226010274204510973e-04 0.000000000000000000e+00 1.963495408493620871e-03
2.641175125827556371e+02 1.638465361719509406e-01 4.178342537701984971e-04 0.000000000000000000e+00 1.963495408493620871e-03
2.642445158404541985e+02 1.321017665315998568e-01 4.161272969694791409e-04 0.000000000000000000e+00 1.963495408493620871e-03
2.644971132521833965e+02 5.556808793032788629e-02 4.107153758081740500e-04 0.000000000000000000e+00 1.963495408493620871e-03
2.646233729425309207e+02 1.677627654829116910e-02 4.081973784888435737e-04 0.000000000000000000e+00 1.963495408493620871e-03
2.648777715379341089e+02 -5.460627955775375353e-02 4.070527092231384205e-04 0.000000000000000000e+00 1.963495408493620871e-03
2.650072335808941943e+02 -8.281242605909468202e-02 4.072876179719461765e-04 0.000000000000000000e+00 1.963495408493620871e-03
2.652702611244498598e+02 -1.171516330871996830e-01 4.052839142233899059e-04 0.000000000000000000e+00 1.963495408493620871e-03
2.654033898021658047e+02 -1.173505703183838345e-01 4.040267229069401849e-04 0.000000000000000000e+00 1.963495408493620871e-03
2.656714927417838226e+02 -8.646301599067936217e-02 4.050764299345971289e-04 0.000000000000000000e+00 1.963495408493620871e-03
2.658055068861760901e+02 -5.814080812415480665e-02 4.061691058963442721e-04 0.000000000000000000e+00 1.963495408493620871e-03
2.660743067906371380e+02 2.133167435844580961e-02 4.053267154304917739e-04 0.000000000000000000e+00 1.963495408493620871e-03
2.662097420062769970e+02 7.141402179440234366e-02 4.047385068225941738e-04 0.000000000000000000e+00 1.963495408493620871e-03
2.664813598930622334e+02 1.743933399645996030e-01 4.067101514870135942e-04 0.000000000000000000e+00 1.963495408493620871e-03
2.666166188823775087e+02 2.159731661224849053e-01 4.077308697764276671e-04 0.000000000000000000e+00 1.963495408493620871e-03
2.668840775770338496e+02 2.735480783958159079e-01 4.067422387146065431e-04 0.000000000000000000e+00 1.963495408493620871e-03
2.670148944183807771e+02 2.836311009676735218e-01 4.063486368213933136e-04 0.000000000000000000e+00 1.963495408493620871e-03
2.672702866562671602e+02 2.554588228351901136e-01 4.083132258709605989e-04 0.000000000000000000e+00 1.963495408493620871e-03
2.673947923252359828e+02 2.128687493288516919e-01 4.089228307650835019e-04 0.000000000000000000e+00 1.963495408493620871e-03
2.676419171779884323e+02 1.099848523277138501e-01 4.063360364405734122e-04 0.000000000000000000e+00 1.963495408493620871e-03
2.677675550005207583e+02 7.592949205457630302e-02 4.043777931485006884e-04 0.000000000000000000e+00 1.963495408493620871e-03
2.680235091294184713e+02 4.389547278430144805e-02 4.025403149138598053e-04 0.000000000000000000e+00 1.963495408493620871e-03
2.681539564474967392e+02 4.478477851087801775e-02 4.015877050127850383e-04 0.000000000000000000e+00 1.963495408493620871e-03
2.684176615425101886e+02 5.484038153112624769e-02 3.962278028919527647e-04 0.000000000000000000e+00 1.963495408493620871e-03
2.685493530792955994e+02 4.574727018077799634e-02 3.929951941674071289e-04 0.000000000000000000e+00 1.963495408493620871e-03
2.688123781663067007e+02 2.498158978965671004e-03 3.896085596267258745e-04 0.000000000000000000e+00 1.963495408493620871e-03
2.689437998382251749e+02 -2.801537766324589673e-02 3.883242237530957542e-04 0.000000000000000000e+00 1.963495408493620871e-03
2.692072338774046329e+02 -8.703280244016474432e-02 3.825916248347645461e-04 0.000000000000000000e+00 1.963495408493620871e-03
2.693397212023321572e+02 -1.028320989435287658e-01 3.793447751774970539e-04 0.000000000000000000e+00 1.963495408493620871e-03
2.696065135369596533e+02 -9.941100916337758386e-02 3.758080037789080039e-04 0.000000000000000000e+00 1.963495408493620871e-03
2.697409537158815169e+02 -7.631581101898364528e-02 3.743376846040441129e-04 0.000000000000000000e+00 1.963495408493620871e-03
2.700089453277689699e+02 -7.842587963927215647e-03 3.687845888567874261e-04 0.000000000000000000e+00 1.963495408493620871e-03
2.701404230441852405e+02 2.239726163369423761e-02 3.662042351057607798e-04 0.000000000000000000e+00 1.963495408493620871e-03
2.703986148942110503e+02 6.279112201929717973e-02 3.643936400872117148e-04 0.000000000000000000e+00 1.963495408493620871e-03
2.705257792507005661e+02 6.952078184371557334e-02 3.637089989339500114e-04 0.000000000000000000e+00 1.963495408493620871e-03
2.707776218561769497e+02 5.335510892855349629e-02 3.595296659340869332e-04 0.000000000000000000e+00 1.963495408493620871e-03
2.709032879147918607e+02 3.001114822648653924e-02 3.571595046727278839e-04 0.000000000000000000e+00 1.963495408493620871e-03
2.711557305768192236e+02 -3.040930122559373783e-02 3.551409911858684535e-04 0.000000000000000000e+00 1.963495408493620871e-03
2.712835921178801755e+02 -5.557071163037174966e-02 3.546634136878980812e-04 0.000000000000000000e+00 1.963495408493620871e-03
2.715438985506901304e+02 -7.789695027572852981e-02 3.513699427409490840e-04 0.000000000000000000e+00 1.963495408493620871e-03
2.716772166388258825e+02 -6.183960634589379113e-02 3.491359492101972430e-04 0.000000000000000000e+00 1.963495408493620871e-03
2.719480899614511031e+02 7.933580529811440352e-03 3.474663329579466922e-04 0.000000000000000000e+00 1.963495408493620871e-03
2.720840137908507472e+02 4.779245644138378768e-02 3.468819552859656757e-04 0.000000000000000000e+00 1.963495408493620871e-03
2.723558467901560789e+02 1.252329598577980041e-01 3.414144912300268783e-04 0.000000000000000000e+00 1.963495408493620871e-03
2.724911765889631852e+02 1.553894711532115003e-01 3.378177297155124837e-04 0.000000000000000000e+00 1.963495408493620871e-03
2.727598374623390214e+02 1.973994043861240222e-01 3.322175140528221674e-04 0.000000000000000000e+00 1.963495408493620871e-03
2.728926305224655948e+02 2.080344647458448604e-01 3.290983508596452643e-04 0.000000000000000000e+00 1.963495408493620871e-03
2.731542919200838355e+02 1.977115494452734157e-01 3.198469041306626313e-04 0.000000000000000000e+00 1.963495408493620871e-03
2.732825173221426098e+02 1.704842457740153860e-01 3.149632776107232275e-04 0.000000000000000000e+00 1.963495408493620871e-03
2.735357930468635459e+02 9.380341125475380459e-02 3.071196435237355049e-04 0.000000000000000000e+00 1.963495408493620871e-03
2.736622838699425984e+02 5.835682811845657736e-02 3.031897022106006890e-04 0.000000000000000000e+00 1.963495408493620871e-03
2.739164600208005709e+02 8.136391404202868854e-03 2.929204849945118440e-04 0.000000000000000000e+00 1.963495408493620871e-03
2.740450847880567267e+02 2.678693833878273076e-03 2.878194681325216015e-04 0.000000000000000000e+00 1.963495408493620871e-03
2.743053368421097957e+02 2.357399869023929506e-02 2.819621740058779252e-04 0.000000000000000000e+00 1.963495408493620871e-03
2.744368457071373086e+02 4.368869415853642024e-02 2.802695220912118797e-04 0.000000000000000000e+00 1.963495408493620871e-03
2.747018748414135416e+02 9.391075655245878506e-02 2.755374226770940780e-04 0.000000000000000000e+00 1.963495408493620871e-03
2.748348468495984207e+02 1.177410464892574837e-01 2.732881799585908924e-04 0.000000000000000000e+00 1.963495408493620871e-03
2.751017814227080294e+02 1.675339838468090092e-01 2.721142380917733515e-04 0.000000000000000000e+00 1.963495408493620871e-03
2.752358228030315672e+02 1.971194083478123860e-01 2.721679058539439641e-04 0.000000000000000000e+00 1.963495408493620871e-03
2.755047271610818598e+02 2.651344322519167962e-01 2.705520796027382677e-04 0.000000000000000000e+00 1.963495408493620871e-03
2.756393222982525231e+02 3.026756057124433963e-01 2.700134604637748482e-04 0.000000000000000000e+00 1.963495408493620871e-03
2.759069431133680723e+02 3.651280138312429369e-01 2.718935053378380832e-04 0.000000000000000000e+00 1.963495408493620871e-03
2.760387390678911856e+02 3.772795439538392248e-01 2.728219034934965662e-04 0.000000000000000000e+00 1.963495408493620871e-03
2.762984769393418105e+02 3.616142113452412432e-01 2.720157658222308429e-04 0.000000000000000000e+00 1.963495408493620871e-03
2.764265769179928043e+02 3.339386189148204065e-01 2.714394805908311838e-04 0.000000000000000000e+00 1.963495408493620871e-03
2.766805297696109847e+02 2.570873706827218053e-01 2.720641597867260895e-04 0.000000000000000000e+00 1.963495408493620871e-03
2.768072010634183471e+02 2.186626758523524949e-01 2.723578123193939686e-04 0.000000000000000000e+00 1.963495408493620871e-03
2.770607622655300588e+02 1.507693601192283683e-01 2.706060752543015466e-04 0.000000000000000000e+00 1.963495408493620871e-03
2.771881824956873857e+02 1.268126039843008590e-01 2.694607315306138200e-04 0.000000000000000000e+00 1.963495408493620871e-03
2.774449372430294147e+02 1.055031553592791493e-01 2.697058127012354851e-04 0.000000000000000000e+00 1.963495408493620871e-03
2.775746963947513564e+02 1.125771606437371009e-01 2.701690756220486702e-04 0.000000000000000000e+00 1.963495408493620871e-03
2.778366478475239774e+02 1.514102711127553180e-01 2.681984511831959840e-04 0.000000000000000000e+00 1.963495408493620871e-03
2.779685368140726496e+02 1.742519765934152920e-01 2.666440573735991072e-04 0.000000000000000000e+00 1.963495408493620871e-03
2.782337266909852929e+02 2.198748064176209160e-01 2.656304224864947799e-04 0.000000000000000000e+00 1.963495408493620871e-03
2.783667086086861104e+02 2.380691004838790814e-01 2.650724734717065426e-04 0.000000000000000000e+00 1.963495408493620871e-03
2.786327873252656673e+02 2.625115049811214130e-01 2.603705033473707850e-04 0.000000000000000000e+00 1.963495408493620871e-03
2.787654332093727589e+02 2.672732705928630437e-01 2.576306955714388375e-04 0.000000000000000000e+00 1.963495408493620871e-03
2.790298808643096891e+02 2.634299376160965100e-01 2.552494710315449675e-04 0.000000000000000000e+00 1.963495408493620871e-03
2.791616535778077832e+02 2.558751366250958670e-01 2.543648873826405464e-04 0.000000000000000000e+00 1.963495408493620871e-03
2.794239526893049401e+02 2.265622900584475796e-01 2.497509649554403399e-04 0.000000000000000000e+00 1.963495408493620871e-03
2.795542236123554289e+02 2.026368970435180883e-01 2.472748677111087125e-04 0.000000000000000000e+00 1.963495408493620871e-03
2.798122226618548893e+02 1.314093133994586327e-01 2.455071353800989558e-04 0.000000000000000000e+00 1.963495408493620871e-03
2.799394083697685573e+02 8.069061211225839192e-02 2.450259686130262186e-04 0.000000000000000000e+00 1.963495408493620871e-03
2.801929260004053504e+02 -1.948029242294334329e-02 2.413242304738081245e-04 0.000000000000000000e+00 1.963495408493620871e-03
2.803212280798593383e+02 -4.677115504978100746e-02 2.391162238199873299e-04 0.000000000000000000e+00 1.963495408493620871e-03
2.805815266748999761e+02 -5.617644919978211082e-02 2.379456292696947146e-04 0.000000000000000000e+00 1.963495408493620871e-03
2.807137849878127440e+02 -4.101426652194536948e-02 2.379929926047786117e-04 0.000000000000000000e+00 1.963495408493620871e-03
2.809828740965073166e+02 3.465185569656614728e-02 2.347985737777587420e-04 0.000000000000000000e+00 1.963495408493620871e-03
2.811199484925979277e+02 9.961221027441365117e-02 2.329854958267793259e-04 0.000000000000000000e+00 1.963495408493620871e-03
2.813995968104969165e+02 3.000766337411263085e-01 2.346644638636889843e-04 0.000000000000000000e+00 1.963495408493620871e-03
2.815424112636281393e+02 4.456952280929693533e-01 2.362026952180725360e-04 0.000000000000000000e+00 1.963495408493620871e-03
2.818323722512664631e+02 8.015961370128615870e-01 2.360554553609207256e-04 0.000000000000000000e+00 1.963495408493620871e-03
2.819784217880799702e+02 9.961379083568385751e-01 2.367057126674579023e-04 0.000000000000000000e+00 1.963495408493620871e-03
2.822718380427729699e+02 1.401777262109714428e+00 2.417189013097899102e-04 0.000000000000000000e+00 1.963495408493620871e-03
2.824188522519467597e+02 1.607353495368595730e+00 2.434474909535313983e-04 0.000000000000000000e+00 1.963495408493620871e-03
2.827090523716306620e+02 1.979090594565821482e+00 2.448861566219800198e-04 0.000000000000000000e+00 1.963495408493620871e-03
2.828496340276234946e+02 2.119471130508582046e+00 2.472230007979957581e-04 0.000000000000000000e+00 1.963495408493620871e-03
