# q:1.000000e+00, m:1.836000e+03, N:480 - x,px,py,pz,w
1.886927024388343739e+02 7.072175548208625706e-02 9.783014256433352207e-01 0.000000000000000000e+00 1.963495408493620871e-03
1.888238944887149557e+02 1.021971888790172422e-01 9.850600119739640892e-01 0.000000000000000000e+00 1.963495408493620871e-03
1.890862318675984284e+02 1.682142165823909130e-01 9.476057438779871278e-01 0.000000000000000000e+00 1.963495408493620871e-03
1.892172857546410967e+02 1.927202786992160966e-01 9.044146886526852613e-01 0.000000000000000000e+00 1.963495408493620871e-03
1.894792034917702779e+02 2.225633049545709119e-01 7.729914855973246679e-01 0.000000000000000000e+00 1.963495408493620871e-03
1.896101079502095104e+02 2.273376678933810568e-01 6.869689512372222362e-01 0.000000000000000000e+00 1.963495408493620871e-03
1.898718570034719448e+02 2.241374704283339292e-01 4.827460408967206296e-01 0.000000000000000000e+00 1.963495408493620871e-03
1.900027345111842578e+02 2.219583235871011029e-01 3.674631921689420766e-01 0.000000000000000000e+00 1.963495408493620871e-03
1.902644979401570140e+02 2.179955788679504292e-01 1.218381096182230006e-01 0.000000000000000000e+00 1.963495408493620871e-03
1.903953818838844825e+02 2.167375543804540283e-01 -5.191035042660108179e-03 0.000000000000000000e+00 1.963495408493620871e-03
1.906571521704727843e+02 2.150135511969268887e-01 -2.549598838411372137e-01 0.000000000000000000e+00 1.963495408493620871e-03
1.907880368947348018e+02 2.139580324613133688e-01 -3.745101990071513232e-01 0.000000000000000000e+00 1.963495408493620871e-03
1.910498059785867611e+02 2.115809927438970783e-01 -5.906989594821776546e-01 0.000000000000000000e+00 1.963495408493620871e-03
1.911806906166739850e+02 2.103823829837261072e-01 -6.847756844032990564e-01 0.000000000000000000e+00 1.963495408493620871e-03
1.914424602964206485e+02 2.080094440758264440e-01 -8.350559285159834255e-01 0.000000000000000000e+00 1.963495408493620871e-03
1.915733452198159625e+02 2.068272361402368476e-01 -8.896926143500019091e-01 0.000000000000000000e+00 1.963495408493620871e-03
1.918351154106638887e+02 2.045001268923943294e-01 -9.519520302011357238e-01 0.000000000000000000e+00 1.963495408493620871e-03
1.919660005820860817e+02 2.033501128151503079e-01 -9.592393260820852863e-01 0.000000000000000000e+00 1.963495408493620871e-03
1.922277712550133799e+02 2.010989786605798524e-01 -9.248664744070125288e-01 0.000000000000000000e+00 1.963495408493620871e-03
1.923586566652345482e+02 1.999858428098656993e-01 -8.841243096684407998e-01 0.000000000000000000e+00 1.963495408493620871e-03
1.926204278081362133e+02 1.977983034597873280e-01 -7.591000629371893460e-01 0.000000000000000000e+00 1.963495408493620871e-03
1.927513134534144683e+02 1.967042052795333618e-01 -6.768520766275656353e-01 0.000000000000000000e+00 1.963495408493620871e-03
1.930130850641501752e+02 1.945263062171200819e-01 -4.807647999442374864e-01 0.000000000000000000e+00 1.963495408493620871e-03
1.931439709470876949e+02 1.934197183263261510e-01 -3.697614310530534243e-01 0.000000000000000000e+00 1.963495408493620871e-03
1.934057430372172348e+02 1.911871111932043621e-01 -1.328142158954318530e-01 0.000000000000000000e+00 1.963495408493620871e-03
1.935366291658508260e+02 1.900426832475876071e-01 -1.004385601263935168e-02 0.000000000000000000e+00 1.963495408493620871e-03
1.937984017541541277e+02 1.877219204285071052e-01 2.318055454884391242e-01 0.000000000000000000e+00 1.963495408493620871e-03
1.939292881374249760e+02 1.865356294740799226e-01 3.478037420037746186e-01 0.000000000000000000e+00 1.963495408493620871e-03
1.941910612393388362e+02 1.841428028892578561e-01 5.580207719686232082e-01 0.000000000000000000e+00 1.963495408493620871e-03
1.943219478820171275e+02 1.829344024126209889e-01 6.497759296137568530e-01 0.000000000000000000e+00 1.963495408493620871e-03
1.945837215008366456e+02 1.805267818437445715e-01 7.970444647483079237e-01 0.000000000000000000e+00 1.963495408493620871e-03
1.947146084007589195e+02 1.793288620908160269e-01 8.510385790255575733e-01 0.000000000000000000e+00 1.963495408493620871e-03
1.949763825256943619e+02 1.769724903985293862e-01 9.138740886881508985e-01 0.000000000000000000e+00 1.963495408493620871e-03
1.951072696749981503e+02 1.758116977548138671e-01 9.223878211049878484e-01 0.000000000000000000e+00 1.963495408493620871e-03
1.953690442873121071e+02 1.735435500219493776e-01 8.923602251321970380e-01 0.000000000000000000e+00 1.963495408493620871e-03
1.954999316767612640e+02 1.724261426585175783e-01 8.546734639757426200e-01 0.000000000000000000e+00 1.963495408493620871e-03
1.957617067599771588e+02 1.702351918530990438e-01 7.373000171215653431e-01 0.000000000000000000e+00 1.963495408493620871e-03
1.958925943839500974e+02 1.691440203028273803e-01 6.595481023532073772e-01 0.000000000000000000e+00 1.963495408493620871e-03
1.961543699327352783e+02 1.669777016769606881e-01 4.734600959791750441e-01 0.000000000000000000e+00 1.963495408493620871e-03
1.962852577921985073e+02 1.658817701550207302e-01 3.678173480049210520e-01 0.000000000000000000e+00 1.963495408493620871e-03
1.965470338148477083e+02 1.636760736317151022e-01 1.418326766135303008e-01 0.000000000000000000e+00 1.963495408493620871e-03
1.966779219163073549e+02 1.625494188727344413e-01 2.450648625488832666e-02 0.000000000000000000e+00 1.963495408493620871e-03
1.969396984287249950e+02 1.602688443526295581e-01 -2.070595348357531229e-01 0.000000000000000000e+00 1.963495408493620871e-03
1.970705867798065469e+02 1.591064519100529595e-01 -3.183636188861374006e-01 0.000000000000000000e+00 1.963495408493620871e-03
1.973323637950383045e+02 1.567650031666582011e-01 -5.205714741609057672e-01 0.000000000000000000e+00 1.963495408493620871e-03
1.974632523994813766e+02 1.555852780123184731e-01 -6.091181628751638488e-01 0.000000000000000000e+00 1.963495408493620871e-03
1.977250299190169471e+02 1.532373552949334305e-01 -7.519116747290605085e-01 0.000000000000000000e+00 1.963495408493620871e-03
1.978559187738586331e+02 1.520717924934918419e-01 -8.047083707412736597e-01 0.000000000000000000e+00 1.963495408493620871e-03
1.981176967853866415e+02 1.497821148577218042e-01 -8.674566595356959509e-01 0.000000000000000000e+00 1.963495408493620871e-03
1.982485858819655959e+02 1.486573809357906173e-01 -8.770818081962965529e-01 0.000000000000000000e+00 1.963495408493620871e-03
1.985103643650502647e+02 1.464638048276664661e-01 -8.515788738867223762e-01 0.000000000000000000e+00 1.963495408493620871e-03
1.986412536931975978e+02 1.453867555688351243e-01 -8.172424946238722177e-01 0.000000000000000000e+00 1.963495408493620871e-03
1.989030326292980249e+02 1.432799096206436307e-01 -7.085160146974502915e-01 0.000000000000000000e+00 1.963495408493620871e-03
1.990339221821896842e+02 1.422346712375871514e-01 -6.359327814352093711e-01 0.000000000000000000e+00 1.963495408493620871e-03
1.992957015632443927e+02 1.401651264602491453e-01 -4.614140190173382505e-01 0.000000000000000000e+00 1.963495408493620871e-03
1.994265913403251886e+02 1.391222319470832303e-01 -3.620208121987167904e-01 0.000000000000000000e+00 1.963495408493620871e-03
1.996883711714922640e+02 1.370279748517296836e-01 -1.489338010317400041e-01 0.000000000000000000e+00 1.963495408493620871e-03
1.998192611778372338e+02 1.359610402796467277e-01 -3.807460871564535831e-02 0.000000000000000000e+00 1.963495408493620871e-03
2.000810414723445945e+02 1.338043877816789406e-01 1.811628821164360525e-01 0.000000000000000000e+00 1.963495408493620871e-03
2.002119317142816612e+02 1.327077089494778095e-01 2.867754904680064332e-01 0.000000000000000000e+00 1.963495408493620871e-03
2.004737124827635171e+02 1.305012725371538784e-01 4.791462315031107533e-01 0.000000000000000000e+00 1.963495408493620871e-03
2.006046029630664691e+02 1.293917115122071027e-01 5.636716170944331417e-01 0.000000000000000000e+00 1.963495408493620871e-03
2.008663842054806139e+02 1.271858317254006554e-01 7.006507047905237151e-01 0.000000000000000000e+00 1.963495408493620871e-03
2.009972749206060030e+02 1.260930882651525309e-01 7.517400096666457809e-01 0.000000000000000000e+00 1.963495408493620871e-03
2.012590566237552423e+02 1.239495180314417744e-01 8.137748455860909225e-01 0.000000000000000000e+00 1.963495408493620871e-03
2.013899475646668407e+02 1.228993039838493229e-01 8.243763575582082614e-01 0.000000000000000000e+00 1.963495408493620871e-03
2.016517297073900750e+02 1.208551140551840375e-01 8.034119576414926467e-01 0.000000000000000000e+00 1.963495408493620871e-03
2.017826208634681109e+02 1.198546796248320112e-01 7.725859350261300440e-01 0.000000000000000000e+00 1.963495408493620871e-03
2.020444034260622743e+02 1.179026706536688979e-01 6.731704321410405534e-01 0.000000000000000000e+00 1.963495408493620871e-03
2.021752947896748935e+02 1.169378284143100521e-01 6.062529998088235228e-01 0.000000000000000000e+00 1.963495408493620871e-03
2.024370777620186175e+02 1.150327465762217838e-01 4.445885780515844155e-01 0.000000000000000000e+00 1.963495408493620871e-03
2.025679693313394978e+02 1.140761607364655372e-01 3.521923413320642293e-01 0.000000000000000000e+00 1.963495408493620871e-03
2.028297527157256184e+02 1.121596997121223904e-01 1.535321312549426109e-01 0.000000000000000000e+00 1.963495408493620871e-03
2.029606444943684096e+02 1.111858922958292445e-01 4.993225503844397895e-02 0.000000000000000000e+00 1.963495408493620871e-03
2.032224283012351407e+02 1.092200431217617701e-01 -1.553130446554882305e-01 0.000000000000000000e+00 1.963495408493620871e-03
2.033533202943899312e+02 1.082217848341358590e-01 -2.543949747158690267e-01 0.000000000000000000e+00 1.963495408493620871e-03
2.036151045324795064e+02 1.062149091019608943e-01 -4.353795701292886289e-01 0.000000000000000000e+00 1.963495408493620871e-03
2.037459967421197859e+02 1.052074521614741465e-01 -5.151932533348484444e-01 0.000000000000000000e+00 1.963495408493620871e-03
2.040077814101676665e+02 1.032067396608551402e-01 -6.452355600201578056e-01 0.000000000000000000e+00 1.963495408493620871e-03
2.041386738324542307e+02 1.022174317682390254e-01 -6.941669177780138700e-01 0.000000000000000000e+00 1.963495408493620871e-03
2.044004589171615578e+02 1.002793655614729190e-01 -7.547439705875718108e-01 0.000000000000000000e+00 1.963495408493620871e-03
2.045313515431555516e+02 9.933206962510884863e-02 -7.660664295227348486e-01 0.000000000000000000e+00 1.963495408493620871e-03
2.047931370236595399e+02 9.749193138940016878e-02 -7.495157404259793488e-01 0.000000000000000000e+00 1.963495408493620871e-03
2.049240298427615983e+02 9.659429785054476914e-02 -7.223034843178854914e-01 0.000000000000000000e+00 1.963495408493620871e-03
2.051858156990837472e+02 9.484759366184471185e-02 -6.326260401975460912e-01 0.000000000000000000e+00 1.963495408493620871e-03
2.053167087032917948e+02 9.398727126569524082e-02 -5.716938977951467882e-01 0.000000000000000000e+00 1.963495408493620871e-03
2.055784949241045467e+02 9.229310582471196567e-02 -4.237077227975235560e-01 0.000000000000000000e+00 1.963495408493620871e-03
2.057093881107398943e+02 9.144503794227162863e-02 -3.388123875813319752e-01 0.000000000000000000e+00 1.963495408493620871e-03
2.059711746961486369e+02 8.974976560705356932e-02 -1.557539960830192638e-01 0.000000000000000000e+00 1.963495408493620871e-03
2.061020680675150913e+02 8.889060625599581877e-02 -6.005034062470712697e-02 0.000000000000000000e+00 1.963495408493620871e-03
2.063638550252217101e+02 8.715873871776115556e-02 1.299805140626646427e-01 0.000000000000000000e+00 1.963495408493620871e-03
2.064947485853710134e+02 8.628042635808558236e-02 2.219337345523746396e-01 0.000000000000000000e+00 1.963495408493620871e-03
2.067565359223456483e+02 8.451572739921531241e-02 3.903280858820131760e-01 0.000000000000000000e+00 1.963495408493620871e-03
2.068874296726992839e+02 8.363076150844730994e-02 4.648466045419754611e-01 0.000000000000000000e+00 1.963495408493620871e-03
2.071492173871757529e+02 8.187449270754762476e-02 5.869241544939501898e-01 0.000000000000000000e+00 1.963495408493620871e-03
2.072801113239487449e+02 8.100737197367696707e-02 6.332704290696161697e-01 0.000000000000000000e+00 1.963495408493620871e-03
2.075418994032285696e+02 7.931085508194485323e-02 6.917850473140898515e-01 0.000000000000000000e+00 1.963495408493620871e-03
2.076727935179481221e+02 7.848352998068830466e-02 7.036247560463044781e-01 0.000000000000000000e+00 1.963495408493620871e-03
2.079345819422410386e+02 7.687985351901474584e-02 6.911763653214813008e-01 0.000000000000000000e+00 1.963495408493620871e-03
2.080654762247503697e+02 7.610009821209921810e-02 6.674917141588811997e-01 0.000000000000000000e+00 1.963495408493620871e-03
2.083272649746911895e+02 7.458696646436754896e-02 5.876005480861129504e-01 0.000000000000000000e+00 1.963495408493620871e-03
2.084581594170646781e+02 7.384416944513590153e-02 5.327874568229364893e-01 0.000000000000000000e+00 1.963495408493620871e-03
2.087199484809825947e+02 7.238522199116721734e-02 3.989553193985054258e-01 0.000000000000000000e+00 1.963495408493620871e-03
2.088508430800636120e+02 7.165692269823430161e-02 3.218887136010827876e-01 0.000000000000000000e+00 1.963495408493620871e-03
2.091126324565569234e+02 7.020392226451310780e-02 1.551992351594683184e-01 0.000000000000000000e+00 1.963495408493620871e-03
2.092435272136836772e+02 6.946906557382713510e-02 6.781590440428811317e-02 0.000000000000000000e+00 1.963495408493620871e-03
2.095053169082582087e+02 6.798976746306625851e-02 -1.061447305440990085e-01 0.000000000000000000e+00 1.963495408493620871e-03
2.096362118264277115e+02 6.724068651654678541e-02 -1.905460082157630630e-01 0.000000000000000000e+00 1.963495408493620871e-03
2.098980018442808557e+02 6.573681615138386725e-02 -3.455591427311709429e-01 0.000000000000000000e+00 1.963495408493620871e-03
2.100288969244402892e+02 6.498325937457040402e-02 -4.143991162056315236e-01 0.000000000000000000e+00 1.963495408493620871e-03
2.102906872636218623e+02 6.348859250545653421e-02 -5.277179954810693463e-01 0.000000000000000000e+00 1.963495408493620871e-03
2.104215825022547222e+02 6.275158297970634402e-02 -5.710838208734035915e-01 0.000000000000000000e+00 1.963495408493620871e-03
2.106833731511829910e+02 6.131135383388408577e-02 -6.268150874417407481e-01 0.000000000000000000e+00 1.963495408493620871e-03
2.108142685405802865e+02 6.061053516403874797e-02 -6.388744656339550021e-01 0.000000000000000000e+00 1.963495408493620871e-03
2.110760594812353190e+02 5.925479696964994908e-02 -6.301715425577114615e-01 0.000000000000000000e+00 1.963495408493620871e-03
2.112069550121092902e+02 5.859746106127641102e-02 -6.099284495899913727e-01 0.000000000000000000e+00 1.963495408493620871e-03
2.114687462266279852e+02 5.732522855680084739e-02 -5.397272820074818789e-01 0.000000000000000000e+00 1.963495408493620871e-03
2.115996418914940591e+02 5.670279116699791788e-02 -4.910183702925368654e-01 0.000000000000000000e+00 1.963495408493620871e-03
2.118614333684481608e+02 5.548364724999428621e-02 -3.713519372271923968e-01 0.000000000000000000e+00 1.963495408493620871e-03
2.119923291639205729e+02 5.487680366487774491e-02 -3.021614011938862365e-01 0.000000000000000000e+00 1.963495408493620871e-03
2.122541209008458623e+02 5.366862461735788514e-02 -1.520913948384673420e-01 0.000000000000000000e+00 1.963495408493620871e-03
2.123850168275147041e+02 5.305874618578851343e-02 -7.322242412990220828e-02 0.000000000000000000e+00 1.963495408493620871e-03
2.126468088281522739e+02 5.183255916239960792e-02 8.418981573736583623e-02 0.000000000000000000e+00 1.963495408493620871e-03
2.127777048881644077e+02 5.121243498454582099e-02 1.607636385192638961e-01 0.000000000000000000e+00 1.963495408493620871e-03
2.130394971562630531e+02 4.996844184002745964e-02 3.018162355894564719e-01 0.000000000000000000e+00 1.963495408493620871e-03
2.131703933501615609e+02 4.934571818906226953e-02 3.646816038686873096e-01 0.000000000000000000e+00 1.963495408493620871e-03
2.134321858836465253e+02 4.811143711332104000e-02 4.686758823604599833e-01 0.000000000000000000e+00 1.963495408493620871e-03
2.135630822082719362e+02 4.750355317900400304e-02 5.087954974239252692e-01 0.000000000000000000e+00 1.963495408493620871e-03
2.138248749969660878e+02 4.631706290203702059e-02 5.612680556161451229e-01 0.000000000000000000e+00 1.963495408493620871e-03
2.139557714455514770e+02 4.574091949376223737e-02 5.733285736808768629e-01 0.000000000000000000e+00 1.963495408493620871e-03
2.142175644736224456e+02 4.462863628582089404e-02 5.679386466007951828e-01 0.000000000000000000e+00 1.963495408493620871e-03
2.143484610379694573e+02 4.409087081202590908e-02 5.509319594799413355e-01 0.000000000000000000e+00 1.963495408493620871e-03
2.146102542895237093e+02 4.305286688043079291e-02 4.900653877252170165e-01 0.000000000000000000e+00 1.963495408493620871e-03
2.147411509628530837e+02 4.254670606887729634e-02 4.473104708525753592e-01 0.000000000000000000e+00 1.963495408493620871e-03
2.150029444272300339e+02 4.155824825778047654e-02 3.415595355595287819e-01 0.000000000000000000e+00 1.963495408493620871e-03
2.151338412061386123e+02 4.106779975222268203e-02 2.801423102277650345e-01 0.000000000000000000e+00 1.963495408493620871e-03
2.153956348801594629e+02 4.009372385380896575e-02 1.465129511452519240e-01 0.000000000000000000e+00 1.963495408493620871e-03
2.155265317646512244e+02 3.960300894909873221e-02 7.610405788890803325e-02 0.000000000000000000e+00 1.963495408493620871e-03
2.157883256506218856e+02 3.861768412395919642e-02 -6.471975693091230886e-02 0.000000000000000000e+00 1.963495408493620871e-03
2.159192226421722012e+02 3.811988064803682047e-02 -1.333831150510765284e-01 0.000000000000000000e+00 1.963495408493620871e-03
2.161810167427312308e+02 3.712194914550362435e-02 -2.602361333851436198e-01 0.000000000000000000e+00 1.963495408493620871e-03
2.163119138415989084e+02 3.662286762416683272e-02 -3.169814591859720920e-01 0.000000000000000000e+00 1.963495408493620871e-03
2.165737081547138132e+02 3.563440899650069382e-02 -4.113570122442178345e-01 0.000000000000000000e+00 1.963495408493620871e-03
2.167046053581566127e+02 3.514818104334559157e-02 -4.480657966033123607e-01 0.000000000000000000e+00 1.963495408493620871e-03
2.169663998751939005e+02 3.420022867391851046e-02 -4.968560206366460230e-01 0.000000000000000000e+00 1.963495408493620871e-03
2.170972971775092333e+02 3.374073602218331802e-02 -5.086620500470763195e-01 0.000000000000000000e+00 1.963495408493620871e-03
2.173590918851188007e+02 3.285532321485241936e-02 -5.060010472684514093e-01 0.000000000000000000e+00 1.963495408493620871e-03
2.174899892793394827e+02 3.242843702237815928e-02 -4.919189011242453557e-01 0.000000000000000000e+00 1.963495408493620871e-03
2.177517841638885443e+02 3.160673822405662275e-02 -4.397881728934243672e-01 0.000000000000000000e+00 1.963495408493620871e-03
2.178826816441045082e+02 3.120740468343970869e-02 -4.027062928435340972e-01 0.000000000000000000e+00 1.963495408493620871e-03
2.181444766960779873e+02 3.042994006269806803e-02 -3.103656815603707542e-01 0.000000000000000000e+00 1.963495408493620871e-03
2.182753742590960542e+02 3.004536887897355305e-02 -2.564952528950628086e-01 0.000000000000000000e+00 1.963495408493620871e-03
2.185371694750784570e+02 2.928347544469056887e-02 -1.388912478953408525e-01 0.000000000000000000e+00 1.963495408493620871e-03
2.186680671205177191e+02 2.890047766791449882e-02 -7.675163007763571854e-02 0.000000000000000000e+00 1.963495408493620871e-03
2.189298625017114546e+02 2.813255612324142008e-02 4.784565764457143766e-02 0.000000000000000000e+00 1.963495408493620871e-03
2.190607602305172179e+02 2.774497043995755377e-02 1.087483914628547543e-01 0.000000000000000000e+00 1.963495408493620871e-03
2.193225557787129674e+02 2.696842758114827501e-02 2.215604725459315860e-01 0.000000000000000000e+00 1.963495408493620871e-03
2.194534535909907333e+02 2.658027287991232210e-02 2.721914997298950922e-01 0.000000000000000000e+00 1.963495408493620871e-03
2.197152493044406754e+02 2.581184876088739311e-02 3.568052843963911425e-01 0.000000000000000000e+00 1.963495408493620871e-03
2.198461471979481416e+02 2.543419577106630428e-02 3.899668296229772402e-01 0.000000000000000000e+00 1.963495408493620871e-03
2.201079430696397878e+02 2.469863997508323777e-02 4.347244778931804721e-01 0.000000000000000000e+00 1.963495408493620871e-03
2.202388410397421126e+02 2.434271016299740381e-02 4.460599496600050617e-01 0.000000000000000000e+00 1.963495408493620871e-03
2.205006370587922220e+02 2.365813262608809642e-02 4.456059979959953732e-01 0.000000000000000000e+00 1.963495408493620871e-03
2.206315350997681151e+02 2.332896461642939429e-02 4.341436572545677719e-01 0.000000000000000000e+00 1.963495408493620871e-03
2.208933312549001471e+02 2.269707737865422556e-02 3.900551513350583588e-01 0.000000000000000000e+00 1.963495408493620871e-03
2.210242293618037763e+02 2.239097466388698110e-02 3.582677760149152180e-01 0.000000000000000000e+00 1.963495408493620871e-03
2.212860256449177712e+02 2.179675765658250011e-02 2.785557389918847937e-01 0.000000000000000000e+00 1.963495408493620871e-03
2.214169238149377748e+02 2.150366341999441003e-02 2.318396710225539281e-01 0.000000000000000000e+00 1.963495408493620871e-03
2.216787202227768034e+02 2.092435026620478866e-02 1.295123264763617943e-01 0.000000000000000000e+00 1.963495408493620871e-03
2.218096184553526484e+02 2.063370677670797390e-02 7.529430025682011529e-02 0.000000000000000000e+00 1.963495408493620871e-03
2.220714149884065591e+02 2.005177245473099834e-02 -3.368849858221434346e-02 0.000000000000000000e+00 1.963495408493620871e-03
2.222023132841024733e+02 1.975835131049438753e-02 -8.709233097798957379e-02 0.000000000000000000e+00 1.963495408493620871e-03
2.224641099435259832e+02 1.917080481958868127e-02 -1.862918715323571006e-01 0.000000000000000000e+00 1.963495408493620871e-03
2.225950083023589059e+02 1.887723424138116821e-02 -2.309635074388978748e-01 0.000000000000000000e+00 1.963495408493620871e-03
2.228568050867399677e+02 1.829622442766834500e-02 -3.059631701970361162e-01 0.000000000000000000e+00 1.963495408493620871e-03
2.229877035069561089e+02 1.801085905908384951e-02 -3.355632081918155096e-01 0.000000000000000000e+00 1.963495408493620871e-03
2.232495004108243961e+02 1.745547952903948527e-02 -3.760578000438161150e-01 0.000000000000000000e+00 1.963495408493620871e-03
2.233803988887875391e+02 1.718714319271322927e-02 -3.867172393287566234e-01 0.000000000000000000e+00 1.963495408493620871e-03
2.236421959035676537e+02 1.667191480177014629e-02 -3.879225864986698413e-01 0.000000000000000000e+00 1.963495408493620871e-03
2.237730944347443085e+02 1.642479028029809190e-02 -3.787425029411060073e-01 0.000000000000000000e+00 1.963495408493620871e-03
2.240348915514411203e+02 1.595159299333899494e-02 -3.419121403052886032e-01 0.000000000000000000e+00 1.963495408493620871e-03
2.241657901318481549e+02 1.572304165422425820e-02 -3.149806023225631968e-01 0.000000000000000000e+00 1.963495408493620871e-03
2.244275873438516271e+02 1.528059090528240821e-02 -2.469562769555501136e-01 0.000000000000000000e+00 1.963495408493620871e-03
2.245584859711327681e+02 1.506294886386569561e-02 -2.069046335352618393e-01 0.000000000000000000e+00 1.963495408493620871e-03
2.248202832755578697e+02 1.463373584502415670e-02 -1.188815444377621239e-01 0.000000000000000000e+00 1.963495408493620871e-03
2.249511819491083600e+02 1.441879052210715689e-02 -7.211285892822490162e-02 0.000000000000000000e+00 1.963495408493620871e-03
2.252129793460247811e+02 1.398898851726138037e-02 2.213407896211272430e-02 0.000000000000000000e+00 1.963495408493620871e-03
2.253438780661552698e+02 1.377247622159847446e-02 6.843247729922669054e-02 0.000000000000000000e+00 1.963495408493620871e-03
2.256056755562723595e+02 1.333918388015510256e-02 1.546659141713213059e-01 0.000000000000000000e+00 1.963495408493620871e-03
2.257365743229461827e+02 1.312278287054141276e-02 1.936235101454024665e-01 0.000000000000000000e+00 1.963495408493620871e-03
2.259983719051479056e+02 1.269464500801660914e-02 2.593158500192662141e-01 0.000000000000000000e+00 1.963495408493620871e-03
2.261292707170294136e+02 1.248448852084344321e-02 2.854154004315553883e-01 0.000000000000000000e+00 1.963495408493620871e-03
2.263910683871695255e+02 1.207576125768092257e-02 3.215839961236139910e-01 0.000000000000000000e+00 1.963495408493620871e-03
2.265219672414971512e+02 1.187853522010979407e-02 3.314412220389341135e-01 0.000000000000000000e+00 1.963495408493620871e-03
2.267837649930415580e+02 1.150039894427593717e-02 3.338558196247415344e-01 0.000000000000000000e+00 1.963495408493620871e-03
2.269146638863396674e+02 1.131942670266817760e-02 3.266387082172026446e-01 0.000000000000000000e+00 1.963495408493620871e-03
2.271764617123492656e+02 1.097370993524531338e-02 2.962573987418640198e-01 0.000000000000000000e+00 1.963495408493620871e-03
2.273073606415138670e+02 1.080721721088893743e-02 2.737029410896916204e-01 0.000000000000000000e+00 1.963495408493620871e-03
2.275691585367651442e+02 1.048580380180166860e-02 2.163034645386384680e-01 0.000000000000000000e+00 1.963495408493620871e-03
2.277000574998902778e+02 1.032814070270065068e-02 1.823470117511418465e-01 0.000000000000000000e+00 1.963495408493620871e-03
2.279618554619440829e+02 1.001794123541536671e-02 1.074719367501787981e-01 0.000000000000000000e+00 1.963495408493620871e-03
2.280927544584499458e+02 9.862888968781633250e-03 6.758115267839566453e-02 0.000000000000000000e+00 1.963495408493620871e-03
2.283545524871395571e+02 9.553273911046090278e-03 -1.299907378822590109e-02 0.000000000000000000e+00 1.963495408493620871e-03
2.284854515171722937e+02 9.397446417319165607e-03 -5.267839430600163020e-02 0.000000000000000000e+00 1.963495408493620871e-03
2.287472496129055628e+02 9.085777182122015128e-03 -1.267784152297556921e-01 0.000000000000000000e+00 1.963495408493620871e-03
2.288781486764065676e+02 8.930181705832649849e-03 -1.603594972889464954e-01 0.000000000000000000e+00 1.963495408493620871e-03
2.291399468383323779e+02 8.622437771238802146e-03 -2.172282163323104864e-01 0.000000000000000000e+00 1.963495408493620871e-03
2.292708459343133711e+02 8.471454870143911575e-03 -2.399670799419818534e-01 0.000000000000000000e+00 1.963495408493620871e-03
2.295326441593806521e+02 8.177989951800463189e-03 -2.718606929138219774e-01 0.000000000000000000e+00 1.963495408493620871e-03
2.296635432858018078e+02 8.036546496387905053e-03 -2.808267023283148589e-01 0.000000000000000000e+00 1.963495408493620871e-03
2.299253415691715361e+02 7.765732783403757680e-03 -2.840430684655447235e-01 0.000000000000000000e+00 1.963495408493620871e-03
2.300562407234452280e+02 7.636397433820777542e-03 -2.784768628278060376e-01 0.000000000000000000e+00 1.963495408493620871e-03
2.303180390599148382e+02 7.389888898165284173e-03 -2.537292797377117548e-01 0.000000000000000000e+00 1.963495408493620871e-03
2.304489382396916142e+02 7.271510743037155368e-03 -2.350594861161186822e-01 0.000000000000000000e+00 1.963495408493620871e-03
2.307107366252611200e+02 7.043615306088209932e-03 -1.871732127412421010e-01 0.000000000000000000e+00 1.963495408493620871e-03
2.308416358290525352e+02 6.932137605045292188e-03 -1.587070082654921110e-01 0.000000000000000000e+00 1.963495408493620871e-03
2.311034342617475943e+02 6.713332962276394658e-03 -9.572794817774807341e-02 0.000000000000000000e+00 1.963495408493620871e-03
2.312343334890421147e+02 6.604175682251024228e-03 -6.208433788628342498e-02 0.000000000000000000e+00 1.963495408493620871e-03
2.314961319685853880e+02 6.386519276992988665e-03 6.035959896879078412e-03 0.000000000000000000e+00 1.963495408493620871e-03
2.316270312194291137e+02 6.277075229326547351e-03 3.965752718133477850e-02 0.000000000000000000e+00 1.963495408493620871e-03
2.318888297460355830e+02 6.058306604384305037e-03 1.026048824726460973e-01 0.000000000000000000e+00 1.963495408493620871e-03
2.320197290203636555e+02 5.949130567295913760e-03 1.312179177389692086e-01 0.000000000000000000e+00 1.963495408493620871e-03
2.322815275934050874e+02 5.733256701827598584e-03 1.798732545264254135e-01 0.000000000000000000e+00 1.963495408493620871e-03
2.324124268905062252e+02 5.627393465584103020e-03 1.994467602211143498e-01 0.000000000000000000e+00 1.963495408493620871e-03
2.326742255077961374e+02 5.421740197234516459e-03 2.272113363900148952e-01 0.000000000000000000e+00 1.963495408493620871e-03
2.328051248262081572e+02 5.322726221712358388e-03 2.352363738464021137e-01 0.000000000000000000e+00 1.963495408493620871e-03
2.330669234842588082e+02 5.133395429521128532e-03 2.389083171030633446e-01 0.000000000000000000e+00 1.963495408493620871e-03
2.331978228221044560e+02 5.043156568979130332e-03 2.347026956305126311e-01 0.000000000000000000e+00 1.963495408493620871e-03
2.334596215171229687e+02 4.871545425713809385e-03 2.147981002572344755e-01 0.000000000000000000e+00 1.963495408493620871e-03
2.335905208726747730e+02 4.789362885389084230e-03 1.995236247116901618e-01 0.000000000000000000e+00 1.963495408493620871e-03
2.338523196016892030e+02 4.631585486136286303e-03 1.600277883024266434e-01 0.000000000000000000e+00 1.963495408493620871e-03
2.339832189738214367e+02 4.554623741112280751e-03 1.364328849798754073e-01 0.000000000000000000e+00 1.963495408493620871e-03
2.342450177352937715e+02 4.403937553608619146e-03 8.405409517703925359e-02 0.000000000000000000e+00 1.963495408493620871e-03
2.343759171235814165e+02 4.328913306009302304e-03 5.599739925442190347e-02 0.000000000000000000e+00 1.963495408493620871e-03
2.346377159172073448e+02 4.179543044704185639e-03 -9.428254593283752483e-04 0.000000000000000000e+00 1.963495408493620871e-03
2.347686153216425566e+02 4.104506711990208064e-03 -2.911029484895491515e-02 0.000000000000000000e+00 1.963495408493620871e-03
2.350304141475168080e+02 3.954608830894782746e-03 -8.197668666906976487e-02 0.000000000000000000e+00 1.963495408493620871e-03
2.351613135680381959e+02 3.879829194147305874e-03 -1.060773618039592414e-01 0.000000000000000000e+00 1.963495408493620871e-03
2.354231124257102863e+02 3.732006420484814888e-03 -1.472215009954628839e-01 0.000000000000000000e+00 1.963495408493620871e-03
2.355540118618197880e+02 3.659543998182325335e-03 -1.638691306756482335e-01 0.000000000000000000e+00 1.963495408493620871e-03
2.358158107497655749e+02 3.518846795671455325e-03 -1.877327391574870052e-01 0.000000000000000000e+00 1.963495408493620871e-03
2.359467102004401795e+02 3.451173454005910645e-03 -1.948046668602554654e-01 0.000000000000000000e+00 1.963495408493620871e-03
2.362085091162108483e+02 3.321927505359544702e-03 -1.986528349136678084e-01 0.000000000000000000e+00 1.963495408493620871e-03
2.363394085801273548e+02 3.260442710279905752e-03 -1.955462533987762375e-01 0.000000000000000000e+00 1.963495408493620871e-03
2.366012075210336434e+02 3.143763611119734618e-03 -1.797404524596369624e-01 0.000000000000000000e+00 1.963495408493620871e-03
2.367321069969564462e+02 3.088039482370647220e-03 -1.673895841943307539e-01 0.000000000000000000e+00 1.963495408493620871e-03
2.369939059608516629e+02 2.981353600461532014e-03 -1.351850561998174660e-01 0.000000000000000000e+00 1.963495408493620871e-03
2.371248054479555094e+02 2.929462290059105072e-03 -1.158485902349734170e-01 0.000000000000000000e+00 1.963495408493620871e-03
2.373866044336815264e+02 2.828120653379345359e-03 -7.277560333459257014e-02 0.000000000000000000e+00 1.963495408493620871e-03
2.375175039316284256e+02 2.777768605652822069e-03 -4.964073028827863110e-02 0.000000000000000000e+00 1.963495408493620871e-03
2.377793029389022195e+02 2.677678541516336289e-03 -2.580312843474590057e-03 0.000000000000000000e+00 1.963495408493620871e-03
2.379102024476588610e+02 2.627447391752559414e-03 2.075212072981517941e-02 0.000000000000000000e+00 1.963495408493620871e-03
2.381720014765083988e+02 2.527166291274513150e-03 6.464949019438007149e-02 0.000000000000000000e+00 1.963495408493620871e-03
2.383029009960239080e+02 2.477155393222013960e-03 8.471781931272842625e-02 0.000000000000000000e+00 1.963495408493620871e-03
2.385647000461347886e+02 2.378318018666591635e-03 1.191077562147273283e-01 0.000000000000000000e+00 1.963495408493620871e-03
2.386955995760699238e+02 2.329884267159916533e-03 1.330989959640934417e-01 0.000000000000000000e+00 1.963495408493620871e-03
2.389573986464059203e+02 2.235883637563136541e-03 1.533528355416525490e-01 0.000000000000000000e+00 1.963495408493620871e-03
2.390882981860634402e+02 2.190711246993380743e-03 1.594921851158622728e-01 0.000000000000000000e+00 1.963495408493620871e-03
2.393500972749519633e+02 2.104536921290029675e-03 1.633028834983843713e-01 0.000000000000000000e+00 1.963495408493620871e-03
2.394809968234224868e+02 2.063616886480321329e-03 1.610662414753530614e-01 0.000000000000000000e+00 1.963495408493620871e-03
2.397427959290057231e+02 1.986125695978606821e-03 1.486770069518854043e-01 0.000000000000000000e+00 1.963495408493620871e-03
2.398736954854287546e+02 1.949216823401787001e-03 1.388071223813339972e-01 0.000000000000000000e+00 1.963495408493620871e-03
2.401354946061971702e+02 1.878749219138328014e-03 1.128475246435950985e-01 0.000000000000000000e+00 1.963495408493620871e-03
2.402663941699848351e+02 1.844572905066976928e-03 9.718000376530619433e-02 0.000000000000000000e+00 1.963495408493620871e-03
2.405281933050953853e+02 1.778001266795010754e-03 6.215807844989001962e-02 0.000000000000000000e+00 1.963495408493620871e-03
2.406590928759909218e+02 1.744994997273841995e-03 4.329593314964308437e-02 0.000000000000000000e+00 1.963495408493620871e-03
2.409208920252042390e+02 1.679492932243918440e-03 4.838066132529766916e-03 0.000000000000000000e+00 1.963495408493620871e-03
2.410517916031685957e+02 1.646653149704160619e-03 -1.427175481586762107e-02 0.000000000000000000e+00 1.963495408493620871e-03
2.413135907664783701e+02 1.581135154829267902e-03 -5.030981267703704685e-02 0.000000000000000000e+00 1.963495408493620871e-03
2.414444903514689145e+02 1.548470601725693719e-03 -6.683033689589654158e-02 0.000000000000000000e+00 1.963495408493620871e-03
2.417062895286636888e+02 1.483927974940285740e-03 -9.524373079313669388e-02 0.000000000000000000e+00 1.963495408493620871e-03
2.418371891204579356e+02 1.452308205906642025e-03 -1.068640239421988214e-01 0.000000000000000000e+00 1.963495408493620871e-03
2.420989883108516096e+02 1.390963218059393294e-03 -1.238416400092873793e-01 0.000000000000000000e+00 1.963495408493620871e-03
2.422298879089848072e+02 1.361507710844338118e-03 -1.290949334461687359e-01 0.000000000000000000e+00 1.963495408493620871e-03
2.424916871114629942e+02 1.305376124401932568e-03 -1.327144440840792583e-01 0.000000000000000000e+00 1.963495408493620871e-03
2.426225867153268609e+02 1.278768554935452197e-03 -1.311520311742156997e-01 0.000000000000000000e+00 1.963495408493620871e-03
2.428843859286383520e+02 1.228483845887567939e-03 -1.215683485321927410e-01 0.000000000000000000e+00 1.963495408493620871e-03
2.430152855376495609e+02 1.204596901534118678e-03 -1.137739817269842468e-01 0.000000000000000000e+00 1.963495408493620871e-03
2.432770847607624773e+02 1.159117228985651277e-03 -9.308775010678868589e-02 0.000000000000000000e+00 1.963495408493620871e-03
2.434079843745128926e+02 1.137123705268336653e-03 -8.053666728225050697e-02 0.000000000000000000e+00 1.963495408493620871e-03
2.436697836068321408e+02 1.094395950728562026e-03 -5.238159650746775781e-02 0.000000000000000000e+00 1.963495408493620871e-03
2.438006832251350318e+02 1.073257363696549643e-03 -3.717590153364304373e-02 0.000000000000000000e+00 1.963495408493620871e-03
2.440624824664716073e+02 1.031378349477976184e-03 -6.101246268793020233e-03 0.000000000000000000e+00 1.963495408493620871e-03
2.441933820892895710e+02 1.010403689531938921e-03 9.374025835940311135e-03 0.000000000000000000e+00 1.963495408493620871e-03
2.444551813396240334e+02 9.685857691463324506e-04 3.862582277947580744e-02 0.000000000000000000e+00 1.963495408493620871e-03
2.445860809669258060e+02 9.477428350725755494e-04 5.207130094377315777e-02 0.000000000000000000e+00 1.963495408493620871e-03
2.448478802261187752e+02 9.065658979989423688e-04 7.527732828855333846e-02 0.000000000000000000e+00 1.963495408493620871e-03
2.449787798577597471e+02 8.863972534152715459e-04 8.481552920507717808e-02 0.000000000000000000e+00 1.963495408493620871e-03
2.452405791253690381e+02 8.472807771584469228e-04 9.887298135812869204e-02 0.000000000000000000e+00 1.963495408493620871e-03
2.453714787610498149e+02 8.285124743080270974e-04 1.033055784391021664e-01 0.000000000000000000e+00 1.963495408493620871e-03
2.456332780363508448e+02 7.927826303045819789e-04 1.066319325485935166e-01 0.000000000000000000e+00 1.963495408493620871e-03
2.457641776756733520e+02 7.758743443645742558e-04 1.055803499880154928e-01 0.000000000000000000e+00 1.963495408493620871e-03
2.460259769578456428e+02 7.439834288725099155e-04 9.826630841942622652e-02 0.000000000000000000e+00 1.963495408493620871e-03
2.461568766004232884e+02 7.288738261265853254e-04 9.218395591302600001e-02 0.000000000000000000e+00 1.963495408493620871e-03
2.464186758887782958e+02 7.001852737928886215e-04 7.588898686613891609e-02 0.000000000000000000e+00 1.963495408493620871e-03
2.465495755343376061e+02 6.863522158692948695e-04 6.594836714684124135e-02 0.000000000000000000e+00 1.963495408493620871e-03
2.468113748284680184e+02 6.595504890437887133e-04 4.356879903557384082e-02 0.000000000000000000e+00 1.963495408493620871e-03
2.469422744768771736e+02 6.463203200773473631e-04 3.144854491861133472e-02 0.000000000000000000e+00 1.963495408493620871e-03
2.472040737766413088e+02 6.201551570249680618e-04 6.621819123565398507e-03 0.000000000000000000e+00 1.963495408493620871e-03
2.473349734278678511e+02 6.070644372070121714e-04 -5.769197056603295182e-03 0.000000000000000000e+00 1.963495408493620871e-03
2.475967727332450181e+02 5.809831025117491747e-04 -2.924476790739116705e-02 0.000000000000000000e+00 1.963495408493620871e-03
2.477276723872680293e+02 5.679869727544845266e-04 -4.006350228418160964e-02 0.000000000000000000e+00 1.963495408493620871e-03
2.479894716981674492e+02 5.423158706749631446e-04 -5.879963333492083111e-02 0.000000000000000000e+00 1.963495408493620871e-03
2.481203713548949565e+02 5.297439825741862398e-04 -6.653768794495679151e-02 0.000000000000000000e+00 1.963495408493620871e-03
2.483821706710396313e+02 5.053676100832556715e-04 -7.803643912966114204e-02 0.000000000000000000e+00 1.963495408493620871e-03
2.485130703302824600e+02 4.936795350270300727e-04 -8.172588330083234431e-02 0.000000000000000000e+00 1.963495408493620871e-03
2.487748696512131517e+02 4.714493630213126415e-04 -8.469991549633215655e-02 0.000000000000000000e+00 1.963495408493620871e-03
2.489057693127182347e+02 4.609463984587970457e-04 -8.402581249728222068e-02 0.000000000000000000e+00 1.963495408493620871e-03
2.491675686379090280e+02 4.411749303351425434e-04 -7.852060523153629734e-02 0.000000000000000000e+00 1.963495408493620871e-03
2.492984683014280733e+02 4.318315818113297247e-04 -7.383088644135799017e-02 0.000000000000000000e+00 1.963495408493620871e-03
2.495602676304314400e+02 4.141402484525282608e-04 -6.114274879192588968e-02 0.000000000000000000e+00 1.963495408493620871e-03
2.496911672957833446e+02 4.056348317849354027e-04 -5.335900833884348049e-02 0.000000000000000000e+00 1.963495408493620871e-03
2.499529666283283689e+02 3.892004970097835627e-04 -3.577087748925165955e-02 0.000000000000000000e+00 1.963495408493620871e-03
2.500838662954239453e+02 3.811062938125036031e-04 -2.621866104209561940e-02 0.000000000000000000e+00 1.963495408493620871e-03
2.503456656314092186e+02 3.651272588155346261e-04 -6.606597479047952859e-03 0.000000000000000000e+00 1.963495408493620871e-03
2.504765653002240242e+02 3.571413365369115666e-04 3.203263298640512957e-03 0.000000000000000000e+00 1.963495408493620871e-03
2.507383646396303334e+02 3.412417536558763620e-04 2.183072167392338669e-02 0.000000000000000000e+00 1.963495408493620871e-03
2.508692643101489068e+02 3.333209909168878375e-04 3.043725595617839674e-02 0.000000000000000000e+00 1.963495408493620871e-03
2.511310636529211422e+02 3.176771516251789256e-04 4.539170191604631477e-02 0.000000000000000000e+00 1.963495408493620871e-03
2.512619633250874926e+02 3.100167284497350835e-04 5.159656516947047633e-02 0.000000000000000000e+00 1.963495408493620871e-03
2.515237626710547545e+02 2.951667426731571569e-04 6.088939297893912472e-02 0.000000000000000000e+00 1.963495408493620871e-03
2.516546623447530919e+02 2.880507987364622604e-04 6.391951181578960084e-02 0.000000000000000000e+00 1.963495408493620871e-03
2.519164616936326979e+02 2.745286155999983975e-04 6.651578392635704162e-02 0.000000000000000000e+00 1.963495408493620871e-03
2.520473613687051113e+02 2.681498521859859187e-04 6.611272871922779792e-02 0.000000000000000000e+00 1.963495408493620871e-03
2.523091607201675970e+02 2.561649024511506150e-04 6.202740252739136206e-02 0.000000000000000000e+00 1.963495408493620871e-03
2.524400603964575396e+02 2.505157517292554321e-04 5.845488713118206225e-02 0.000000000000000000e+00 1.963495408493620871e-03
2.527018597502201658e+02 2.398488453328204509e-04 4.868916914244652422e-02 0.000000000000000000e+00 1.963495408493620871e-03
2.528327594276125296e+02 2.347357287807002246e-04 4.266353495439435817e-02 0.000000000000000000e+00 1.963495408493620871e-03
2.530945587834974333e+02 2.248835316950679596e-04 2.899698103427755802e-02 0.000000000000000000e+00 1.963495408493620871e-03
2.532254584619328739e+02 2.200422868560262288e-04 2.155337016644969308e-02 0.000000000000000000e+00 1.963495408493620871e-03
2.534872578198708766e+02 2.105025731754255774e-04 6.234705474779158804e-03 0.000000000000000000e+00 1.963495408493620871e-03
2.536181574993305219e+02 2.057399902175086602e-04 -1.444410277883553112e-03 0.000000000000000000e+00 1.963495408493620871e-03
2.538799568593066738e+02 1.962645544582566817e-04 -1.605846682442282208e-02 0.000000000000000000e+00 1.963495408493620871e-03
2.540108565397809173e+02 1.915450924096303458e-04 -2.282770516567114022e-02 0.000000000000000000e+00 1.963495408493620871e-03
2.542726559017614534e+02 1.822247960886420111e-04 -3.462780108243108945e-02 0.000000000000000000e+00 1.963495408493620871e-03
2.544035555832179512e+02 1.776611280856269762e-04 -3.954582029727043979e-02 0.000000000000000000e+00 1.963495408493620871e-03
2.546653549471016902e+02 1.688158693290801328e-04 -4.696645411281004379e-02 0.000000000000000000e+00 1.963495408493620871e-03
2.547962546294699564e+02 1.645797437066952242e-04 -4.942268463580118398e-02 0.000000000000000000e+00 1.963495408493620871e-03
2.550580539950874481e+02 1.565368537975796810e-04 -5.164143989542497454e-02 0.000000000000000000e+00 1.963495408493620871e-03
2.551889536782726111e+02 1.527486534341724071e-04 -5.142660733306503307e-02 0.000000000000000000e+00 1.963495408493620871e-03
2.554507530454225730e+02 1.456445522947438776e-04 -4.843909300886865832e-02 0.000000000000000000e+00 1.963495408493620871e-03
2.555816527293285674e+02 1.423046347839390072e-04 -4.575064277730632456e-02 0.000000000000000000e+00 1.963495408493620871e-03
2.558434520978360354e+02 1.360157076808170685e-04 -3.832128026332309867e-02 0.000000000000000000e+00 1.963495408493620871e-03
2.559743517823902152e+02 1.330101839273926598e-04 -3.370974332440582893e-02 0.000000000000000000e+00 1.963495408493620871e-03
2.562361511521410193e+02 1.272353521425807852e-04 -2.321045578278953941e-02 0.000000000000000000e+00 1.963495408493620871e-03
2.563670508373044186e+02 1.244042464222213295e-04 -1.747534485252990114e-02 0.000000000000000000e+00 1.963495408493620871e-03
2.566288502082529135e+02 1.188358362973880534e-04 -5.644742907162509510e-03 0.000000000000000000e+00 1.963495408493620871e-03
2.567597498940133960e+02 1.160587827245438092e-04 2.988461906055714379e-04 0.000000000000000000e+00 1.963495408493620871e-03
2.570215492661469625e+02 1.105373350115119828e-04 1.163499739699472291e-02 0.000000000000000000e+00 1.963495408493620871e-03
2.571524489524969113e+02 1.077876326474898729e-04 1.689892545725674849e-02 0.000000000000000000e+00 1.963495408493620871e-03
2.574142483257974163e+02 1.023575352701428079e-04 2.610395405600979268e-02 0.000000000000000000e+00 1.963495408493620871e-03
2.575451480127189825e+02 9.969870474909157010e-05 2.995704730381250347e-02 0.000000000000000000e+00 1.963495408493620871e-03
2.578069473871274226e+02 9.454610358331094083e-05 3.581236520780020638e-02 0.000000000000000000e+00 1.963495408493620871e-03
2.579378470745804748e+02 9.207980665474980238e-05 3.777782143016776562e-02 0.000000000000000000e+00 1.963495408493620871e-03
2.581996464499997046e+02 8.740118577856508366e-05 3.963725609122906862e-02 0.000000000000000000e+00 1.963495408493620871e-03
2.583305461379291046e+02 8.520099908458773593e-05 3.954768287468614363e-02 0.000000000000000000e+00 1.963495408493620871e-03
2.585923455142402076e+02 8.108292287637301255e-05 3.739574892251132376e-02 0.000000000000000000e+00 1.963495408493620871e-03
2.587232452025866110e+02 7.915195376519831784e-05 3.539727039864274533e-02 0.000000000000000000e+00 1.963495408493620871e-03
2.589850445796810732e+02 7.552641165209849836e-05 2.981081829493400018e-02 0.000000000000000000e+00 1.963495408493620871e-03
2.591159442684010514e+02 7.379902330576541488e-05 2.632165802194617182e-02 0.000000000000000000e+00 1.963495408493620871e-03
2.593777436462095238e+02 7.048951188327789367e-05 1.834672076992408668e-02 0.000000000000000000e+00 1.963495408493620871e-03
2.595086433352769291e+02 6.887075824554943356e-05 1.397770108783401646e-02 0.000000000000000000e+00 1.963495408493620871e-03
2.597704427137655898e+02 6.569263165836491665e-05 4.943586983741012075e-03 0.000000000000000000e+00 1.963495408493620871e-03
2.599013424031717818e+02 6.410914411035856697e-05 3.949501224097644314e-04 0.000000000000000000e+00 1.963495408493620871e-03
2.601631417823332981e+02 6.096254438709972681e-05 -8.299654785595515782e-03 0.000000000000000000e+00 1.963495408493620871e-03
2.602940414720748663e+02 5.939555227039325879e-05 -1.234684927616747432e-02 0.000000000000000000e+00 1.963495408493620871e-03
2.605558408518971873e+02 5.630087829453708092e-05 -1.944592964229812163e-02 0.000000000000000000e+00 1.963495408493620871e-03
2.606867405419644683e+02 5.478548780737413652e-05 -2.242998228411525324e-02 0.000000000000000000e+00 1.963495408493620871e-03
2.609485399224197977e+02 5.184912735777062178e-05 -2.699578064654116483e-02 0.000000000000000000e+00 1.963495408493620871e-03
2.610794396127900541e+02 5.044446080491131186e-05 -2.854868185890677146e-02 0.000000000000000000e+00 1.963495408493620871e-03
2.613412389938222304e+02 4.778225685985625819e-05 -3.007911089853005510e-02 0.000000000000000000e+00 1.963495408493620871e-03
2.614721386844644258e+02 4.653244475642792226e-05 -3.006845498428767360e-02 0.000000000000000000e+00 1.963495408493620871e-03
2.617339380660060897e+02 4.419808703311693232e-05 -2.854266741523742851e-02 0.000000000000000000e+00 1.963495408493620871e-03
2.618648377568852084e+02 4.310659114993814055e-05 -2.707541928602428746e-02 0.000000000000000000e+00 1.963495408493620871e-03
2.621266371388716721e+02 4.106343969346629803e-05 -2.292374813057932934e-02 0.000000000000000000e+00 1.963495408493620871e-03
2.622575368299619072e+02 4.009306043402168927e-05 -2.031395692801700806e-02 0.000000000000000000e+00 1.963495408493620871e-03
2.625193362123479801e+02 3.823932975508835189e-05 -1.432498998151854851e-02 0.000000000000000000e+00 1.963495408493620871e-03
2.626502359036318239e+02 3.733464043515390948e-05 -1.103416339887710110e-02 0.000000000000000000e+00 1.963495408493620871e-03
2.629120352863947687e+02 3.556139227192378616e-05 -4.213219943038349485e-03 0.000000000000000000e+00 1.963495408493620871e-03
2.630429349778661958e+02 3.467848241084808033e-05 -7.713517887368240983e-04 0.000000000000000000e+00 1.963495408493620871e-03
2.633047343609999302e+02 3.292453919762614901e-05 5.822183212640968941e-03 0.000000000000000000e+00 1.963495408493620871e-03
2.634356340526560984e+02 3.205086244775732780e-05 8.898793221160095773e-03 0.000000000000000000e+00 1.963495408493620871e-03
2.636974334361561887e+02 3.032496215143503168e-05 1.431147150847626032e-02 0.000000000000000000e+00 1.963495408493620871e-03
2.638283331279918684e+02 2.947967251290109421e-05 1.659588457342640877e-02 0.000000000000000000e+00 1.963495408493620871e-03
2.640901325118441605e+02 2.784189602932611455e-05 2.011423812582474602e-02 0.000000000000000000e+00 1.963495408493620871e-03
2.642210322038499157e+02 2.705896849181799050e-05 2.132579727230973429e-02 0.000000000000000000e+00 1.963495408493620871e-03
2.644828315880261584e+02 2.557676615198074577e-05 2.256415517759761957e-02 0.000000000000000000e+00 1.963495408493620871e-03
2.646137312801858457e+02 2.488231504763782918e-05 2.259931211850161464e-02 0.000000000000000000e+00 1.963495408493620871e-03
2.648755306646487497e+02 2.358841069431025060e-05 2.153501474754856634e-02 0.000000000000000000e+00 1.963495408493620871e-03
2.650064303569420190e+02 2.298534231159832865e-05 2.047108515332046047e-02 0.000000000000000000e+00 1.963495408493620871e-03
2.652682297416520782e+02 2.186026730780789816e-05 1.742176290266244862e-02 0.000000000000000000e+00 1.963495408493620871e-03
2.653991294340617628e+02 2.132770916255253478e-05 1.549205601601403096e-02 0.000000000000000000e+00 1.963495408493620871e-03
2.656609288189923745e+02 2.031335779094019955e-05 1.104529357626665882e-02 0.000000000000000000e+00 1.963495408493620871e-03
2.657918285115069921e+02 1.981929046070560538e-05 8.594411661895387175e-03 0.000000000000000000e+00 1.963495408493620871e-03
2.660536278966397958e+02 1.885211883434189788e-05 3.502340724435015935e-03 0.000000000000000000e+00 1.963495408493620871e-03
2.661845275892541167e+02 1.837060713710068753e-05 9.272376735152496746e-04 0.000000000000000000e+00 1.963495408493620871e-03
2.664463269745851335e+02 1.741379533834298637e-05 -4.016759978185843044e-03 0.000000000000000000e+00 1.963495408493620871e-03
2.665772266672983619e+02 1.693680886768575731e-05 -6.329235344880709824e-03 0.000000000000000000e+00 1.963495408493620871e-03
2.668390260528241242e+02 1.599392104175028810e-05 -1.040946245764389627e-02 0.000000000000000000e+00 1.963495408493620871e-03
2.669699257456348960e+02 1.553195518397819543e-05 -1.213829769659021535e-02 0.000000000000000000e+00 1.963495408493620871e-03
2.672317251313530164e+02 1.463696215220420581e-05 -1.481774567841061263e-02 0.000000000000000000e+00 1.963495408493620871e-03
2.673626248242570114e+02 1.420954116596480886e-05 -1.575124952938766060e-02 0.000000000000000000e+00 1.963495408493620871e-03
2.676244242101564055e+02 1.340166045015262882e-05 -1.673738147529692591e-02 0.000000000000000000e+00 1.963495408493620871e-03
2.677553239031452108e+02 1.302419281626229471e-05 -1.679576267530443617e-02 0.000000000000000000e+00 1.963495408493620871e-03
2.680171232892037096e+02 1.232321770489751598e-05 -1.606616796812226217e-02 0.000000000000000000e+00 1.963495408493620871e-03
2.681480229822678893e+02 1.199785326585851799e-05 -1.530431735419078218e-02 0.000000000000000000e+00 1.963495408493620871e-03
2.684098223684642903e+02 1.139340400794181749e-05 -1.309101073710623037e-02 0.000000000000000000e+00 1.963495408493620871e-03
2.685407220615917936e+02 1.110838223274816826e-05 -1.168060010555282274e-02 0.000000000000000000e+00 1.963495408493620871e-03
2.688025214479062583e+02 1.056718458941437034e-05 -8.416445600779696654e-03 0.000000000000000000e+00 1.963495408493620871e-03
2.689334211410894682e+02 1.030396224062729923e-05 -6.611719834269346591e-03 0.000000000000000000e+00 1.963495408493620871e-03
2.691952205275078995e+02 9.788910984490280061e-06 -2.853043597865399968e-03 0.000000000000000000e+00 1.963495408493620871e-03
2.693261202207414726e+02 9.532188495653206675e-06 -9.480731914767348729e-04 0.000000000000000000e+00 1.963495408493620871e-03
2.695879196072601758e+02 9.021269187193129080e-06 2.717212045505094584e-03 0.000000000000000000e+00 1.963495408493620871e-03
2.697188193005446806e+02 8.766060194256307977e-06 4.435658058403414358e-03 0.000000000000000000e+00 1.963495408493620871e-03
2.699806186871642240e+02 8.260781177300313387e-06 7.476681689131781799e-03 0.000000000000000000e+00 1.963495408493620871e-03
2.701115183804976141e+02 8.013015172434509014e-06 8.770186136278614389e-03 0.000000000000000000e+00 1.963495408493620871e-03
2.703733177672198735e+02 7.533012365702420266e-06 1.078688767397431233e-02 0.000000000000000000e+00 1.963495408493620871e-03
2.705042174606049912e+02 7.304128876551123904e-06 1.149722237209269832e-02 0.000000000000000000e+00 1.963495408493620871e-03
2.707660168474261013e+02 6.872593475547734920e-06 1.227041009149497375e-02 0.000000000000000000e+00 1.963495408493620871e-03
2.708969165408586264e+02 6.671822699825855939e-06 1.233712610298997453e-02 0.000000000000000000e+00 1.963495408493620871e-03
2.711587159277705723e+02 6.300845742907461975e-06 1.184625439807251990e-02 0.000000000000000000e+00 1.963495408493620871e-03
2.712896156212456162e+02 6.129684479178261547e-06 1.130764045132992383e-02 0.000000000000000000e+00 1.963495408493620871e-03
2.715514150082339597e+02 5.813567176262336331e-06 9.719951433503943791e-03 0.000000000000000000e+00 1.963495408493620871e-03
2.716823147017437918e+02 5.665217662444313142e-06 8.700859105214370226e-03 0.000000000000000000e+00 1.963495408493620871e-03
2.719441140887949473e+02 5.384459071804806813e-06 6.332109751700927894e-03 0.000000000000000000e+00 1.963495408493620871e-03
2.720750137823325190e+02 5.247944972623477504e-06 5.018270581654167561e-03 0.000000000000000000e+00 1.963495408493620871e-03
2.723368131694336398e+02 4.980450046418213472e-06 2.274934639016652251e-03 0.000000000000000000e+00 1.963495408493620871e-03
2.724677128629957679e+02 4.846600907666474649e-06 8.814201166821374230e-04 0.000000000000000000e+00 1.963495408493620871e-03
2.727295122501437277e+02 4.579103949957811039e-06 -1.805373065803522227e-03 0.000000000000000000e+00 1.963495408493620871e-03
2.728604119437291615e+02 4.444894278783329499e-06 -3.067971927335180066e-03 0.000000000000000000e+00 1.963495408493620871e-03
2.731222113309248130e+02 4.178280073894384111e-06 -5.308855027780843075e-03 0.000000000000000000e+00 1.963495408493620871e-03
2.732531110245354853e+02 4.047323036670827551e-06 -6.265668959474607683e-03 0.000000000000000000e+00 1.963495408493620871e-03
2.735149104117842853e+02 3.793606481761462807e-06 -7.766160379483633136e-03 0.000000000000000000e+00 1.963495408493620871e-03
2.736458101054217877e+02 3.672956879254932131e-06 -8.300216224941425747e-03 0.000000000000000000e+00 1.963495408493620871e-03
2.739076094927266354e+02 3.446508868423313542e-06 -8.897461627805275386e-03 0.000000000000000000e+00 1.963495408493620871e-03
2.740385091863916500e+02 3.341944727907539338e-06 -8.963285897459729451e-03 0.000000000000000000e+00 1.963495408493620871e-03
2.743003085737486799e+02 3.150433080753464265e-06 -8.639876425162271167e-03 0.000000000000000000e+00 1.963495408493620871e-03
2.744312082674390467e+02 3.062980732281107078e-06 -8.264167907792179316e-03 0.000000000000000000e+00 1.963495408493620871e-03
2.746930076548405850e+02 2.903047188445317046e-06 -7.138844204148609568e-03 0.000000000000000000e+00 1.963495408493620871e-03
2.748239073485494828e+02 2.828536616988993924e-06 -6.410950024284958922e-03 0.000000000000000000e+00 1.963495408493620871e-03
2.750857067359834787e+02 2.688101278979976800e-06 -4.711581023905673724e-03 0.000000000000000000e+00 1.963495408493620871e-03
2.752166064297055641e+02 2.619678921836999173e-06 -3.765980399066963004e-03 0.000000000000000000e+00 1.963495408493620871e-03
2.754784058171622974e+02 2.484902099261001570e-06 -1.786443670015524371e-03 0.000000000000000000e+00 1.963495408493620871e-03
2.756093055108938188e+02 2.416807813080319642e-06 -7.785906598648147103e-04 0.000000000000000000e+00 1.963495408493620871e-03
2.758711048983676051e+02 2.279385807090591882e-06 1.168952288426204807e-03 0.000000000000000000e+00 1.963495408493620871e-03
2.760020045921083351e+02 2.209774029340314251e-06 2.086308441197334135e-03 0.000000000000000000e+00 1.963495408493620871e-03
2.762638039796020735e+02 2.070484977414963926e-06 3.718854973560059562e-03 0.000000000000000000e+00 1.963495408493620871e-03
2.763947036733548543e+02 2.001814177352994325e-06 4.418476135895662953e-03 0.000000000000000000e+00 1.963495408493620871e-03
2.766565030608742290e+02 1.868704828691314981e-06 5.522137391738853041e-03 0.000000000000000000e+00 1.963495408493620871e-03
2.767874027546413345e+02 1.805708300045797551e-06 5.918983998643842157e-03 0.000000000000000000e+00 1.963495408493620871e-03
2.770492021421937920e+02 1.688424833598459465e-06 6.373935228422057155e-03 0.000000000000000000e+00 1.963495408493620871e-03
2.771801018359776094e+02 1.635010259616583513e-06 6.433819627723093466e-03 0.000000000000000000e+00 1.963495408493620871e-03
2.774419012235629793e+02 1.538777407649965950e-06 6.225525101958465958e-03 0.000000000000000000e+00 1.963495408493620871e-03
2.775728009173618034e+02 1.495677941654468959e-06 5.966930731636578208e-03 0.000000000000000000e+00 1.963495408493620871e-03
2.778346003049740602e+02 1.418308939075525020e-06 5.179185993533661804e-03 0.000000000000000000e+00 1.963495408493620871e-03
2.779654999987848214e+02 1.382728841243500187e-06 4.665483569525035422e-03 0.000000000000000000e+00 1.963495408493620871e-03
2.782272993864141313e+02 1.316074735055402654e-06 3.460210383278207805e-03 0.000000000000000000e+00 1.963495408493620871e-03
2.783581990802304631e+02 1.283362987167820899e-06 2.787242195104026356e-03 0.000000000000000000e+00 1.963495408493620871e-03
2.786199984678671626e+02 1.218027542758309197e-06 1.375052920541792838e-03 0.000000000000000000e+00 1.963495408493620871e-03
2.787508981616851997e+02 1.184277285224362205e-06 6.544428116584051795e-04 0.000000000000000000e+00 1.963495408493620871e-03
2.790126975493243435e+02 1.114694459363619610e-06 -7.413644437198026529e-04 0.000000000000000000e+00 1.963495408493620871e-03
2.791435972431441996e+02 1.078741107120067849e-06 -1.400469919090252362e-03 0.000000000000000000e+00 1.963495408493620871e-03
2.794053966307878341e+02 1.005742801276616504e-06 -2.576717884474923927e-03 0.000000000000000000e+00 1.963495408493620871e-03
2.795362963246129198e+02 9.694818203731035153e-07 -3.082627452824130733e-03 0.000000000000000000e+00 1.963495408493620871e-03
2.797980957122676955e+02 8.990930147104481043e-07 -3.885086076811664069e-03 0.000000000000000000e+00 1.963495408493620871e-03
2.799289954061006256e+02 8.660578058829024558e-07 -4.176441898269297841e-03 0.000000000000000000e+00 1.963495408493620871e-03
2.801907947937756944e+02 8.054617749404398137e-07 -4.518633624824582896e-03 0.000000000000000000e+00 1.963495408493620871e-03
2.803216944876194248e+02 7.785796761591797422e-07 -4.570517440473759532e-03 0.000000000000000000e+00 1.963495408493620871e-03
2.805834938753176289e+02 7.317102253268339636e-07 -4.440052619131449121e-03 0.000000000000000000e+00 1.963495408493620871e-03
2.807143935691721595e+02 7.115542837510729695e-07 -4.264499164887078538e-03 0.000000000000000000e+00 1.963495408493620871e-03
2.809761929568893493e+02 6.768261351063658069e-07 -3.719930899763701677e-03 0.000000000000000000e+00 1.963495408493620871e-03
2.811070926507504737e+02 6.613176438673236958e-07 -3.361771804824485212e-03 0.000000000000000000e+00 1.963495408493620871e-03
2.813688920384769858e+02 6.326406626810922032e-07 -2.517126552858593713e-03 0.000000000000000000e+00 1.963495408493620871e-03
2.814997917323407250e+02 6.182847837859038906e-07 -2.043778229892136578e-03 0.000000000000000000e+00 1.963495408493620871e-03
2.817615911200669530e+02 5.887379402750020129e-07 -1.047581524810011541e-03 0.000000000000000000e+00 1.963495408493620871e-03
2.818924908139293279e+02 5.728497381408922314e-07 -5.380015913234162048e-04 0.000000000000000000e+00 1.963495408493620871e-03
2.821542902016453809e+02 5.361245724418648226e-07 4.510476444546927290e-04 0.000000000000000000e+00 1.963495408493620871e-03
2.822851898954962735e+02 5.130974714092554496e-07 9.191871043907956160e-04 0.000000000000000000e+00 1.963495408493620871e-03
2.825469892831166021e+02 4.276994753187612618e-07 1.757376340004825239e-03 0.000000000000000000e+00 1.963495408493620871e-03
2.826778889768386875e+02 3.421352844802115228e-07 2.119250555738990023e-03 0.000000000000000000e+00 1.963495408493620871e-03
