# q:1.000000e+00, m:1.836000e+03, N:480 - x,px,py,pz,w
1.886313070847604649e+02 -1.360530697954898116e+00 -6.492258867129747230e-03 0.000000000000000000e+00 1.963495408493620871e-03
1.887694986437485625e+02 -1.243011624715369745e+00 -4.691046012540306398e-03 0.000000000000000000e+00 1.963495408493620871e-03
1.890494166378277896e+02 -9.400103334199144678e-01 -8.240150254655836254e-04 0.000000000000000000e+00 1.963495408493620871e-03
1.891880372380000210e+02 -8.047605069242473874e-01 1.168787476024508564e-03 0.000000000000000000e+00 1.963495408493620871e-03
1.894620200408428730e+02 -5.751975713239343424e-01 5.091733607557872264e-03 0.000000000000000000e+00 1.963495408493620871e-03
1.895973005651522953e+02 -4.799298998302827801e-01 6.970759873741862699e-03 0.000000000000000000e+00 1.963495408493620871e-03
1.898655976517144097e+02 -3.158025164341223268e-01 1.031859186876743842e-02 0.000000000000000000e+00 1.963495408493620871e-03
1.899994891408212538e+02 -2.377101390248570478e-01 1.175581300812258111e-02 0.000000000000000000e+00 1.963495408493620871e-03
1.902667988631825438e+02 -9.244938338810662626e-02 1.396514315102049576e-02 0.000000000000000000e+00 1.963495408493620871e-03
1.904001507959103208e+02 -2.858159154479508052e-02 1.471332527711218148e-02 0.000000000000000000e+00 1.963495408493620871e-03
1.906660103345008679e+02 7.383861592203347368e-02 1.541068347370656497e-02 0.000000000000000000e+00 1.963495408493620871e-03
1.907983426216332248e+02 1.071002043511683766e-01 1.536784590627747471e-02 0.000000000000000000e+00 1.963495408493620871e-03
1.910616239570752271e+02 1.374505573196861952e-01 1.452572768131835113e-02 0.000000000000000000e+00 1.963495408493620871e-03
1.911924478456991210e+02 1.344311741766174295e-01 1.374026007572669641e-02 0.000000000000000000e+00 1.963495408493620871e-03
1.914530916324345355e+02 1.058304915557490011e-01 1.147209255465376360e-02 0.000000000000000000e+00 1.963495408493620871e-03
1.915833518005306928e+02 8.985104898398374451e-02 1.004244028272843585e-02 0.000000000000000000e+00 1.963495408493620871e-03
1.918439616079263033e+02 5.879221618193053445e-02 6.758846624878057929e-03 0.000000000000000000e+00 1.963495408493620871e-03
1.919744177011005775e+02 4.583399275571602149e-02 4.954208571537811745e-03 0.000000000000000000e+00 1.963495408493620871e-03
1.922355186376143763e+02 2.052026053350562707e-02 1.183272285239426666e-03 0.000000000000000000e+00 1.963495408493620871e-03
1.923660673907072578e+02 4.740264288932521247e-03 -7.161781881177761711e-04 0.000000000000000000e+00 1.963495408493620871e-03
1.926272010824373240e+02 -2.975486174799485406e-02 -4.329249861169561300e-03 0.000000000000000000e+00 1.963495408493620871e-03
1.927578137444602930e+02 -4.595638479470424281e-02 -6.015288966575771390e-03 0.000000000000000000e+00 1.963495408493620871e-03
1.930191435759736009e+02 -7.518899021709564423e-02 -9.052883063230288477e-03 0.000000000000000000e+00 1.963495408493620871e-03
1.931498597770256254e+02 -8.775097729073279285e-02 -1.035759301414718864e-02 0.000000000000000000e+00 1.963495408493620871e-03
1.934113927477138191e+02 -1.088098702138136364e-01 -1.237986497263474268e-02 0.000000000000000000e+00 1.963495408493620871e-03
1.935422004523617545e+02 -1.174592621942329440e-01 -1.305373212714952200e-02 0.000000000000000000e+00 1.963495408493620871e-03
1.938039019367252820e+02 -1.304791295666142825e-01 -1.357789596191065137e-02 0.000000000000000000e+00 1.963495408493620871e-03
1.939347913097776654e+02 -1.345555031179065386e-01 -1.343907302041776053e-02 0.000000000000000000e+00 1.963495408493620871e-03
1.941966440150517030e+02 -1.376392248810621721e-01 -1.239777887862275781e-02 0.000000000000000000e+00 1.963495408493620871e-03
1.943275977287988781e+02 -1.366092221552302477e-01 -1.149819679238976017e-02 0.000000000000000000e+00 1.963495408493620871e-03
1.945895562025892787e+02 -1.297854181267052986e-01 -8.951867201851386804e-03 0.000000000000000000e+00 1.963495408493620871e-03
1.947205515336869155e+02 -1.243411980006089573e-01 -7.394957173569166597e-03 0.000000000000000000e+00 1.963495408493620871e-03
1.949825697895362282e+02 -1.101946033835506378e-01 -4.021424274935221296e-03 0.000000000000000000e+00 1.963495408493620871e-03
1.951135826617229156e+02 -1.021063779389754095e-01 -2.238716702614513415e-03 0.000000000000000000e+00 1.963495408493620871e-03
1.953756067594462991e+02 -8.506685161659192917e-02 1.403402322065959613e-03 0.000000000000000000e+00 1.963495408493620871e-03
1.955066048378722598e+02 -7.695802059778547588e-02 3.237720879915742186e-03 0.000000000000000000e+00 1.963495408493620871e-03
1.957685622732626314e+02 -6.336382394222991876e-02 6.848470019648699933e-03 0.000000000000000000e+00 1.963495408493620871e-03
1.958995076817050744e+02 -5.913798170102695789e-02 8.562721294088825041e-03 0.000000000000000000e+00 1.963495408493620871e-03
1.961612993455463538e+02 -5.870679706844846024e-02 1.160058074308408654e-02 0.000000000000000000e+00 1.963495408493620871e-03
1.962921164775675322e+02 -6.448159820748601556e-02 1.286901672967129262e-02 0.000000000000000000e+00 1.963495408493620871e-03
1.965536587426306312e+02 -8.340105325160733496e-02 1.472168024366549664e-02 0.000000000000000000e+00 1.963495408493620871e-03
1.966844241764724188e+02 -9.327051492825749746e-02 1.528465986188969235e-02 0.000000000000000000e+00 1.963495408493620871e-03
1.969460093281271327e+02 -1.106216363120075957e-01 1.561077580721710253e-02 0.000000000000000000e+00 1.963495408493620871e-03
1.970768643871973609e+02 -1.161945950809629841e-01 1.536797410058384980e-02 0.000000000000000000e+00 1.963495408493620871e-03
1.973386617046999163e+02 -1.233280406133455270e-01 1.405089551559970604e-02 0.000000000000000000e+00 1.963495408493620871e-03
1.974695670460345980e+02 -1.266615688088313929e-01 1.302965948407167063e-02 0.000000000000000000e+00 1.963495408493620871e-03
1.977313944205562279e+02 -1.324501731683751515e-01 1.044278702907532226e-02 0.000000000000000000e+00 1.963495408493620871e-03
1.978623143042823074e+02 -1.345533935288414917e-01 8.932733179782201272e-03 0.000000000000000000e+00 1.963495408493620871e-03
1.981241638824614881e+02 -1.376583635956528939e-01 5.668875701238560577e-03 0.000000000000000000e+00 1.963495408493620871e-03
1.982550844724433432e+02 -1.391034413537063918e-01 3.949449032109716637e-03 0.000000000000000000e+00 1.963495408493620871e-03
1.985169297413236507e+02 -1.412725404663124074e-01 4.521271282450882445e-04 0.000000000000000000e+00 1.963495408493620871e-03
1.986478564394729460e+02 -1.416873406770323141e-01 -1.270932865781963707e-03 0.000000000000000000e+00 1.963495408493620871e-03
1.989097180746850313e+02 -1.416014990099470072e-01 -4.479656025977822587e-03 0.000000000000000000e+00 1.963495408493620871e-03
1.990406454808819774e+02 -1.415015047691244310e-01 -5.966862707998742826e-03 0.000000000000000000e+00 1.963495408493620871e-03
1.993025027945640772e+02 -1.409428385065913392e-01 -8.712495597045195189e-03 0.000000000000000000e+00 1.963495408493620871e-03
1.994334324125148044e+02 -1.403613886307863712e-01 -9.898057306115093379e-03 0.000000000000000000e+00 1.963495408493620871e-03
1.996952991543323890e+02 -1.385292723316191021e-01 -1.164841598152750041e-02 0.000000000000000000e+00 1.963495408493620871e-03
1.998262327990207723e+02 -1.373234201948335675e-01 -1.219898629717991456e-02 0.000000000000000000e+00 1.963495408493620871e-03
2.000881038505950471e+02 -1.344158425961086145e-01 -1.260320705680046532e-02 0.000000000000000000e+00 1.963495408493620871e-03
2.002190363983025350e+02 -1.328490649051916050e-01 -1.244137325571195024e-02 0.000000000000000000e+00 1.963495408493620871e-03
2.004809063269325407e+02 -1.290751529153051358e-01 -1.133805811791955068e-02 0.000000000000000000e+00 1.963495408493620871e-03
2.006118442790218808e+02 -1.266486035574679314e-01 -1.043086919934770908e-02 0.000000000000000000e+00 1.963495408493620871e-03
2.008737263574479073e+02 -1.210163736867950618e-01 -8.021227851380142299e-03 0.000000000000000000e+00 1.963495408493620871e-03
2.010046632188019089e+02 -1.181176009774829033e-01 -6.606364163857573329e-03 0.000000000000000000e+00 1.963495408493620871e-03
2.012665390906981600e+02 -1.117433762312580320e-01 -3.650005356838724804e-03 0.000000000000000000e+00 1.963495408493620871e-03
2.013974787047843051e+02 -1.080370337094300470e-01 -2.129160638258985327e-03 0.000000000000000000e+00 1.963495408493620871e-03
2.016593638448983938e+02 -9.972953621215788211e-02 9.287423716358837213e-04 0.000000000000000000e+00 1.963495408493620871e-03
2.017903037870964056e+02 -9.532729030646841517e-02 2.452226769105773918e-03 0.000000000000000000e+00 1.963495408493620871e-03
2.020521843220142841e+02 -8.595026085019982776e-02 5.443108163697335522e-03 0.000000000000000000e+00 1.963495408493620871e-03
2.021831221991664904e+02 -8.098699162215618197e-02 6.858091405481613750e-03 0.000000000000000000e+00 1.963495408493620871e-03
2.024450006229623398e+02 -7.034176208745002157e-02 9.352884398961315918e-03 0.000000000000000000e+00 1.963495408493620871e-03
2.025759393168748943e+02 -6.462121654186714359e-02 1.039786095028014459e-02 0.000000000000000000e+00 1.963495408493620871e-03
2.028378175102309626e+02 -5.266271252625782939e-02 1.196752190936564361e-02 0.000000000000000000e+00 1.963495408493620871e-03
2.029687511818559074e+02 -4.670109800311995907e-02 1.248568783545072301e-02 0.000000000000000000e+00 1.963495408493620871e-03
2.032306173599247359e+02 -3.451881457727608293e-02 1.296723136699191523e-02 0.000000000000000000e+00 1.963495408493620871e-03
2.033615498697247119e+02 -2.815081661992704931e-02 1.290081294329157267e-02 0.000000000000000000e+00 1.963495408493620871e-03
2.036234142656392123e+02 -1.529881498127788966e-02 1.205548884613641056e-02 0.000000000000000000e+00 1.963495408493620871e-03
2.037543392948059875e+02 -9.210041594259893438e-03 1.134114467318631143e-02 0.000000000000000000e+00 1.963495408493620871e-03
2.040161841448744156e+02 2.532724103266312254e-03 9.541907833711765069e-03 0.000000000000000000e+00 1.963495408493620871e-03
2.041471037036538974e+02 8.305826500870683998e-03 8.479425598651429280e-03 0.000000000000000000e+00 1.963495408493620871e-03
2.044089375608088801e+02 1.920780108976972295e-02 6.102624397318900940e-03 0.000000000000000000e+00 1.963495408493620871e-03
2.045398450157773027e+02 2.393664917544096465e-02 4.824367395057952909e-03 0.000000000000000000e+00 1.963495408493620871e-03
2.048016426513851229e+02 3.137775272022416684e-02 2.206558145812675259e-03 0.000000000000000000e+00 1.963495408493620871e-03
2.049325274252622364e+02 3.364822335947281751e-02 8.930608511281672851e-04 0.000000000000000000e+00 1.963495408493620871e-03
2.051942540812087543e+02 3.260068597748137786e-02 -1.657441676161104703e-03 0.000000000000000000e+00 1.963495408493620871e-03
2.053250790154943957e+02 2.738212927771267041e-02 -2.868506586872929427e-03 0.000000000000000000e+00 1.963495408493620871e-03
2.055867074082634360e+02 1.311816284503549562e-02 -5.077758270224559667e-03 0.000000000000000000e+00 1.963495408493620871e-03
2.057175436071328818e+02 7.999938736979985560e-03 -6.035874214786424857e-03 0.000000000000000000e+00 1.963495408493620871e-03
2.059792699778674887e+02 3.000752604304778720e-03 -7.525371386084457256e-03 0.000000000000000000e+00 1.963495408493620871e-03
2.061101573323577725e+02 3.561258894383578788e-03 -8.042236824706013032e-03 0.000000000000000000e+00 1.963495408493620871e-03
2.063719655648702087e+02 8.660625451820880977e-03 -8.572105133176553121e-03 0.000000000000000000e+00 1.963495408493620871e-03
2.065028692116431728e+02 1.159478425173487981e-02 -8.575422426571843032e-03 0.000000000000000000e+00 1.963495408493620871e-03
2.067646790981820857e+02 1.788366549130320643e-02 -8.027074012448820114e-03 0.000000000000000000e+00 1.963495408493620871e-03
2.068955821225873137e+02 2.104690897900760721e-02 -7.517508118517805815e-03 0.000000000000000000e+00 1.963495408493620871e-03
2.071573903227261155e+02 2.747038937365792188e-02 -6.167371225193559597e-03 0.000000000000000000e+00 1.963495408493620871e-03
2.072882928746636253e+02 3.070729628423259083e-02 -5.361034869703342962e-03 0.000000000000000000e+00 1.963495408493620871e-03
2.075501004831662613e+02 3.727619152523035939e-02 -3.599394453933401836e-03 0.000000000000000000e+00 1.963495408493620871e-03
2.076810026137534635e+02 4.056136715433143747e-02 -2.668449350742455733e-03 0.000000000000000000e+00 1.963495408493620871e-03
2.079428084261532490e+02 4.712883423390221149e-02 -7.869099010436734001e-04 0.000000000000000000e+00 1.963495408493620871e-03
2.080737087313877680e+02 5.033182165256785967e-02 1.823937672980609041e-04 0.000000000000000000e+00 1.963495408493620871e-03
2.083355098841068695e+02 5.665907010378565256e-02 2.240095559254709056e-03 0.000000000000000000e+00 1.963495408493620871e-03
2.084664080017262791e+02 5.976742748044149012e-02 3.286055362768834035e-03 0.000000000000000000e+00 1.963495408493620871e-03
2.087282040838504997e+02 6.585099268592337074e-02 5.271488013185838227e-03 0.000000000000000000e+00 1.963495408493620871e-03
2.088590985951460652e+02 6.873159491597619075e-02 6.183661083650052182e-03 0.000000000000000000e+00 1.963495408493620871e-03
2.091208865435210669e+02 7.425593105474861955e-02 7.756312842480342015e-03 0.000000000000000000e+00 1.963495408493620871e-03
2.092517774595508797e+02 7.688688988282793568e-02 8.367283482928700167e-03 0.000000000000000000e+00 1.963495408493620871e-03
2.095135588458025211e+02 8.192716536824762308e-02 9.074274337079997824e-03 0.000000000000000000e+00 1.963495408493620871e-03
2.096444465158148773e+02 8.428585768829535696e-02 9.164766325191619697e-03 0.000000000000000000e+00 1.963495408493620871e-03
2.099062220048986376e+02 8.875686253392275904e-02 8.801520243544060096e-03 0.000000000000000000e+00 1.963495408493620871e-03
2.100371074332478543e+02 9.084687649848746660e-02 8.403372805752224589e-03 0.000000000000000000e+00 1.963495408493620871e-03
2.102988793260235525e+02 9.476804200345664841e-02 7.358647430260212285e-03 0.000000000000000000e+00 1.963495408493620871e-03
2.104297630164472537e+02 9.654357181915829145e-02 6.740755886213792639e-03 0.000000000000000000e+00 1.963495408493620871e-03
2.106915313032682207e+02 9.973877513177323295e-02 5.409154940403858303e-03 0.000000000000000000e+00 1.963495408493620871e-03
2.108224130009174644e+02 1.010932942997732897e-01 4.695059573962838753e-03 0.000000000000000000e+00 1.963495408493620871e-03
2.110841764617690330e+02 1.032713413744675290e-01 3.168821644766103840e-03 0.000000000000000000e+00 1.963495408493620871e-03
2.112150550335163643e+02 1.039895155147648464e-01 2.341073370283063698e-03 0.000000000000000000e+00 1.963495408493620871e-03
2.114768110208591736e+02 1.046048781199725997e-01 5.044230654603592927e-04 0.000000000000000000e+00 1.963495408493620871e-03
2.116076854328489389e+02 1.043766900726179059e-01 -4.428826944435177923e-04 0.000000000000000000e+00 1.963495408493620871e-03
2.118694339792702976e+02 1.028752208695582759e-01 -2.190057869320843637e-03 0.000000000000000000e+00 1.963495408493620871e-03
2.120003063134380170e+02 1.015533601829399224e-01 -2.965516153434287917e-03 0.000000000000000000e+00 1.963495408493620871e-03
2.122620556702940462e+02 9.815483293726542935e-02 -4.238570896041611233e-03 0.000000000000000000e+00 1.963495408493620871e-03
2.123929319609098627e+02 9.627328499732160094e-02 -4.710565878500637578e-03 0.000000000000000000e+00 1.963495408493620871e-03
2.126546940816055269e+02 9.272650636519011447e-02 -5.239869515465053751e-03 0.000000000000000000e+00 1.963495408493620871e-03
2.127855775319476379e+02 9.136656830418635189e-02 -5.327615954661576309e-03 0.000000000000000000e+00 1.963495408493620871e-03
2.130473533830069641e+02 8.990495790647823338e-02 -5.251259156140889589e-03 0.000000000000000000e+00 1.963495408493620871e-03
2.131782420841448413e+02 8.999535941255754068e-02 -5.093600348500861193e-03 0.000000000000000000e+00 1.963495408493620871e-03
2.134400258051862806e+02 9.146826157827642190e-02 -4.560815522526648000e-03 0.000000000000000000e+00 1.963495408493620871e-03
2.135709176709959536e+02 9.251386743489711795e-02 -4.169577969971789352e-03 0.000000000000000000e+00 1.963495408493620871e-03
2.138327066541652073e+02 9.506748218383112570e-02 -3.083301611709432337e-03 0.000000000000000000e+00 1.963495408493620871e-03
2.139636009145282287e+02 9.641506354403353574e-02 -2.402700470170014702e-03 0.000000000000000000e+00 1.963495408493620871e-03
2.142253937251560103e+02 9.926311112503327649e-02 -8.149798219512015100e-04 0.000000000000000000e+00 1.963495408493620871e-03
2.143562890688179436e+02 1.007043574440822098e-01 6.864393780684884677e-05 0.000000000000000000e+00 1.963495408493620871e-03
2.146180820599092840e+02 1.036198251600413123e-01 1.936485443844472619e-03 0.000000000000000000e+00 1.963495408493620871e-03
2.147489763173676636e+02 1.050177299033132894e-01 2.862316393866551952e-03 0.000000000000000000e+00 1.963495408493620871e-03
2.150107649878336247e+02 1.076920710409228765e-01 4.501860644463985539e-03 0.000000000000000000e+00 1.963495408493620871e-03
2.151416561841394071e+02 1.088932521978512591e-01 5.216121255523078169e-03 0.000000000000000000e+00 1.963495408493620871e-03
2.154034377527914614e+02 1.110622897324788638e-01 6.435414562601779812e-03 0.000000000000000000e+00 1.963495408493620871e-03
2.155343254852574546e+02 1.119830413440667527e-01 6.913182260043703072e-03 0.000000000000000000e+00 1.963495408493620871e-03
2.157961011610388198e+02 1.135954355284364281e-01 7.513352716215004022e-03 0.000000000000000000e+00 1.963495408493620871e-03
2.159269870383840271e+02 1.142795520292481104e-01 7.647594288918805293e-03 0.000000000000000000e+00 1.963495408493620871e-03
2.161887615172411756e+02 1.155465809795722110e-01 7.624106462206458289e-03 0.000000000000000000e+00 1.963495408493620871e-03
2.163196482581421662e+02 1.161500499789915597e-01 7.460397139811924747e-03 0.000000000000000000e+00 1.963495408493620871e-03
2.165814270728548081e+02 1.174451816441986762e-01 6.808849329171993980e-03 0.000000000000000000e+00 1.963495408493620871e-03
2.167123170682083639e+02 1.181589398385353984e-01 6.332848274682938150e-03 0.000000000000000000e+00 1.963495408493620871e-03
2.169741035981654420e+02 1.198186385437755019e-01 5.120197870316719677e-03 0.000000000000000000e+00 1.963495408493620871e-03
2.171049974130872329e+02 1.207526101430915488e-01 4.402462474846928486e-03 0.000000000000000000e+00 1.963495408493620871e-03
2.173667904398915312e+02 1.228574229506104454e-01 2.807861601534625967e-03 0.000000000000000000e+00 1.963495408493620871e-03
2.174976862546785981e+02 1.239692041592488359e-01 1.956611460315078183e-03 0.000000000000000000e+00 1.963495408493620871e-03
2.177594801291842259e+02 1.262827667342124593e-01 2.325145214130803183e-04 0.000000000000000000e+00 1.963495408493620871e-03
2.178903744045045698e+02 1.273890991396960104e-01 -6.131444220659639215e-04 0.000000000000000000e+00 1.963495408493620871e-03
2.181521617926839269e+02 1.294715739412315991e-01 -2.180106665492747078e-03 0.000000000000000000e+00 1.963495408493620871e-03
2.182830515290053199e+02 1.303546989970731096e-01 -2.894223473506763768e-03 0.000000000000000000e+00 1.963495408493620871e-03
2.185448285328317581e+02 1.318256239794804441e-01 -4.159457014123917398e-03 0.000000000000000000e+00 1.963495408493620871e-03
2.186757133041097063e+02 1.323552435083895085e-01 -4.682713327604878795e-03 0.000000000000000000e+00 1.963495408493620871e-03
2.189374819269387444e+02 1.330908271102564933e-01 -5.416487263204930284e-03 0.000000000000000000e+00 1.963495408493620871e-03
2.190683639960248854e+02 1.332829156096635714e-01 -5.632426107072768459e-03 0.000000000000000000e+00 1.963495408493620871e-03
2.193301309599111732e+02 1.334852894111243360e-01 -5.780573254894331992e-03 0.000000000000000000e+00 1.963495408493620871e-03
2.194610145753894983e+02 1.335355306136560838e-01 -5.693741135378774590e-03 0.000000000000000000e+00 1.963495408493620871e-03
2.197227887084175393e+02 1.337121429561446972e-01 -5.133781554444678125e-03 0.000000000000000000e+00 1.963495408493620871e-03
2.198536774544342052e+02 1.338801171228452824e-01 -4.670891280367907641e-03 0.000000000000000000e+00 1.963495408493620871e-03
2.201154636940504759e+02 1.345046588340218785e-01 -3.413871299957068478e-03 0.000000000000000000e+00 1.963495408493620871e-03
2.202463585997685982e+02 1.349683687226501949e-01 -2.649005587683308550e-03 0.000000000000000000e+00 1.963495408493620871e-03
2.205081555741161310e+02 1.362247689332882761e-01 -9.456322192356401285e-04 0.000000000000000000e+00 1.963495408493620871e-03
2.206390538802130834e+02 1.369550542191836362e-01 -4.693970128920657570e-05 0.000000000000000000e+00 1.963495408493620871e-03
2.209008526013287224e+02 1.385513116088608332e-01 1.709694966212767881e-03 0.000000000000000000e+00 1.963495408493620871e-03
2.210317485821135790e+02 1.392942513729593657e-01 2.550502181666969726e-03 0.000000000000000000e+00 1.963495408493620871e-03
2.212935373798266880e+02 1.406226995945810687e-01 4.099156727506417588e-03 0.000000000000000000e+00 1.963495408493620871e-03
2.214244266149000850e+02 1.411048908700436866e-01 4.802197133205904009e-03 0.000000000000000000e+00 1.963495408493620871e-03
2.216862000202564786e+02 1.417068460863965540e-01 6.049415590924821923e-03 0.000000000000000000e+00 1.963495408493620871e-03
2.218170817162742026e+02 1.417554880910534276e-01 6.576432845091645212e-03 0.000000000000000000e+00 1.963495408493620871e-03
2.220788420156458756e+02 1.414227457267486221e-01 7.379041714893817133e-03 0.000000000000000000e+00 1.963495408493620871e-03
2.222097192349623072e+02 1.410189829290787178e-01 7.637458396729333160e-03 0.000000000000000000e+00 1.963495408493620871e-03
2.224714765632558340e+02 1.399822365344509656e-01 7.810131377463467271e-03 0.000000000000000000e+00 1.963495408493620871e-03
2.226023565072175643e+02 1.394433988561736837e-01 7.725246448844715584e-03 0.000000000000000000e+00 1.963495408493620871e-03
2.228641260283885401e+02 1.385279478046726187e-01 7.215869438683049711e-03 0.000000000000000000e+00 1.963495408493620871e-03
2.229950141937521266e+02 1.382066812421410551e-01 6.811607905992920348e-03 0.000000000000000000e+00 1.963495408493620871e-03
2.232568026470605105e+02 1.379641122938099485e-01 5.772695897812839261e-03 0.000000000000000000e+00 1.963495408493620871e-03
2.233877004035242919e+02 1.380474666396690198e-01 5.153584673113687301e-03 0.000000000000000000e+00 1.963495408493620871e-03
2.236495058067803825e+02 1.386284771244788161e-01 3.768890871479243371e-03 0.000000000000000000e+00 1.963495408493620871e-03
2.237804092920716528e+02 1.390491176383594485e-01 3.019791010880269744e-03 0.000000000000000000e+00 1.963495408493620871e-03
2.240422188464337125e+02 1.400375160852391221e-01 1.464150678754569911e-03 0.000000000000000000e+00 1.963495408493620871e-03
2.241731196357683871e+02 1.404521309378804761e-01 6.825700501774229455e-04 0.000000000000000000e+00 1.963495408493620871e-03
2.244349153225548150e+02 1.410353122362389411e-01 -8.032211944915281475e-04 0.000000000000000000e+00 1.963495408493620871e-03
2.245658057890368013e+02 1.410751497174358715e-01 -1.478591990675273173e-03 0.000000000000000000e+00 1.963495408493620871e-03
2.248275766108600919e+02 1.405950355147856379e-01 -2.596233188355563659e-03 0.000000000000000000e+00 1.963495408493620871e-03
2.249584542612109601e+02 1.399650286436901481e-01 -3.044830309099085842e-03 0.000000000000000000e+00 1.963495408493620871e-03
2.252202028307411297e+02 1.380776520557178144e-01 -3.743073438798281971e-03 0.000000000000000000e+00 1.963495408493620871e-03
2.253510738199432524e+02 1.368549079438015070e-01 -3.986882422037795089e-03 0.000000000000000000e+00 1.963495408493620871e-03
2.256128188346628178e+02 1.341647678380787356e-01 -4.243899057489722813e-03 0.000000000000000000e+00 1.963495408493620871e-03
2.257436933337410778e+02 1.328348030171336291e-01 -4.263309058907906179e-03 0.000000000000000000e+00 1.963495408493620871e-03
2.260054551196096781e+02 1.305633816851023699e-01 -4.105058240688340757e-03 0.000000000000000000e+00 1.963495408493620871e-03
2.261363423009258042e+02 1.297834672791529920e-01 -3.935819702672832369e-03 0.000000000000000000e+00 1.963495408493620871e-03
2.263981343376440236e+02 1.290183647433690295e-01 -3.445886125758424942e-03 0.000000000000000000e+00 1.963495408493620871e-03
2.265290365443873100e+02 1.289986702501748073e-01 -3.131194485133166616e-03 0.000000000000000000e+00 1.963495408493620871e-03
2.267908551855525445e+02 1.295542698390823033e-01 -2.382875412061695973e-03 0.000000000000000000e+00 1.963495408493620871e-03
2.269217669146290177e+02 1.299602969382061268e-01 -1.956650438324653365e-03 0.000000000000000000e+00 1.963495408493620871e-03
2.271835948849766567e+02 1.308727374141397948e-01 -1.025360047418995713e-03 0.000000000000000000e+00 1.963495408493620871e-03
2.273145051040654039e+02 1.312035661117414986e-01 -5.322831865597404608e-04 0.000000000000000000e+00 1.963495408493620871e-03
2.275763163955047617e+02 1.314073718877126484e-01 4.678234387899525299e-04 0.000000000000000000e+00 1.963495408493620871e-03
2.277072106538418836e+02 1.310695715182268184e-01 9.693512347254726975e-04 0.000000000000000000e+00 1.963495408493620871e-03
2.279689810429729278e+02 1.294605533666991493e-01 1.956620107446130179e-03 0.000000000000000000e+00 1.963495408493620871e-03
2.280998548015126914e+02 1.280871368967843593e-01 2.424054591124944272e-03 0.000000000000000000e+00 1.963495408493620871e-03
2.283615897074600127e+02 1.243182177742266220e-01 3.243966894392264280e-03 0.000000000000000000e+00 1.963495408493620871e-03
2.284924520442637572e+02 1.219292182184138068e-01 3.587865485825496997e-03 0.000000000000000000e+00 1.963495408493620871e-03
2.287541786791623224e+02 1.166406248976879778e-01 4.114133095194897824e-03 0.000000000000000000e+00 1.963495408493620871e-03
2.288850452965838258e+02 1.140105550059625494e-01 4.301967649293965239e-03 0.000000000000000000e+00 1.963495408493620871e-03
2.291467958117747230e+02 1.095177880864453279e-01 4.545745830828432435e-03 0.000000000000000000e+00 1.963495408493620871e-03
2.292776809306514281e+02 1.080753196560888252e-01 4.601404087496161269e-03 0.000000000000000000e+00 1.963495408493620871e-03
2.295394759355399970e+02 1.068528869715879848e-01 4.579262576421305395e-03 0.000000000000000000e+00 1.963495408493620871e-03
2.296703831691915241e+02 1.069974832216420979e-01 4.510442244756711350e-03 0.000000000000000000e+00 1.963495408493620871e-03
2.299322180858161744e+02 1.084205126860146862e-01 4.288189784253145474e-03 0.000000000000000000e+00 1.963495408493620871e-03
2.300631405826505897e+02 1.093587085665726211e-01 4.133906597755353587e-03 0.000000000000000000e+00 1.963495408493620871e-03
2.303249945153596627e+02 1.113607894756970251e-01 3.736080088346839523e-03 0.000000000000000000e+00 1.963495408493620871e-03
2.304559195135109064e+02 1.121424570239733798e-01 3.495052750304551356e-03 0.000000000000000000e+00 1.963495408493620871e-03
2.307177581436075684e+02 1.128421905355560251e-01 2.937375583255931281e-03 0.000000000000000000e+00 1.963495408493620871e-03
2.308486610731414714e+02 1.124066676837419815e-01 2.621387935717540973e-03 0.000000000000000000e+00 1.963495408493620871e-03
2.311104371356247213e+02 1.099594359975880065e-01 1.917325450999843479e-03 0.000000000000000000e+00 1.963495408493620871e-03
2.312413071995230212e+02 1.078917950308761753e-01 1.547314132177716843e-03 0.000000000000000000e+00 1.963495408493620871e-03
2.315030242936245202e+02 1.021407262576001090e-01 8.331998617259949932e-04 0.000000000000000000e+00 1.963495408493620871e-03
2.316338745076011492e+02 9.842585696122682637e-02 5.038291850707741527e-04 0.000000000000000000e+00 1.963495408493620871e-03
2.318955747943120969e+02 8.978664327343664764e-02 -4.888794390747806633e-05 0.000000000000000000e+00 1.963495408493620871e-03
2.320264301837027858e+02 8.511227527265820270e-02 -2.692428202468286243e-04 0.000000000000000000e+00 1.963495408493620871e-03
2.322881647790276247e+02 7.668595137043238141e-02 -5.875775124799103308e-04 0.000000000000000000e+00 1.963495408493620871e-03
2.324190470103613677e+02 7.398939247521323093e-02 -6.893199783171876554e-04 0.000000000000000000e+00 1.963495408493620871e-03
2.326808456903529816e+02 7.181802429618444616e-02 -7.909586264459163253e-04 0.000000000000000000e+00 1.963495408493620871e-03
2.328117590041803737e+02 7.231069720698604653e-02 -8.007254190210281227e-04 0.000000000000000000e+00 1.963495408493620871e-03
2.330736135862855747e+02 7.556273325302348409e-02 -7.722938441120350038e-04 0.000000000000000000e+00 1.963495408493620871e-03
2.332045491350726820e+02 7.761580567769876815e-02 -7.321884588577592338e-04 0.000000000000000000e+00 1.963495408493620871e-03
2.334664347585493829e+02 8.203510620281469212e-02 -5.936243833039667531e-04 0.000000000000000000e+00 1.963495408493620871e-03
2.335973779446289029e+02 8.399839017489774129e-02 -5.016544548088360238e-04 0.000000000000000000e+00 1.963495408493620871e-03
2.338592557680777873e+02 8.680434096502731567e-02 -2.946767749956974002e-04 0.000000000000000000e+00 1.963495408493620871e-03
2.339901785691016300e+02 8.716157662776137516e-02 -1.805729744375578162e-04 0.000000000000000000e+00 1.963495408493620871e-03
2.342519797725779824e+02 8.515194887037130789e-02 6.575971597951529119e-05 0.000000000000000000e+00 1.963495408493620871e-03
2.343828448131726532e+02 8.230557748356204240e-02 1.885449374465322282e-04 0.000000000000000000e+00 1.963495408493620871e-03
2.346445255534928265e+02 7.363081288180269024e-02 4.010303865361246421e-04 0.000000000000000000e+00 1.963495408493620871e-03
2.347753515519059704e+02 6.824019543190579240e-02 4.942100004226657271e-04 0.000000000000000000e+00 1.963495408493620871e-03
2.350370034232433909e+02 5.550609403089958732e-02 6.663785800510823839e-04 0.000000000000000000e+00 1.963495408493620871e-03
2.351678425625370608e+02 4.814228529612691460e-02 7.373201363295995951e-04 0.000000000000000000e+00 1.963495408493620871e-03
2.354295590197600347e+02 3.414253811224660096e-02 8.210472875164447765e-04 0.000000000000000000e+00 1.963495408493620871e-03
2.355604378831759504e+02 2.936423176695179826e-02 8.402903818269262439e-04 0.000000000000000000e+00 1.963495408493620871e-03
2.358222420507496224e+02 2.523267234149535049e-02 8.559556496307899574e-04 0.000000000000000000e+00 1.963495408493620871e-03
2.359531651077156766e+02 2.634449045519152849e-02 8.497321548235597499e-04 0.000000000000000000e+00 1.963495408493620871e-03
2.362150515067548895e+02 3.295560329192500498e-02 8.000001099900164820e-04 0.000000000000000000e+00 1.963495408493620871e-03
2.363460079938375600e+02 3.694294409502587445e-02 7.621869641096905030e-04 0.000000000000000000e+00 1.963495408493620871e-03
2.366079417322440577e+02 4.540521536940030078e-02 6.804348423517657569e-04 0.000000000000000000e+00 1.963495408493620871e-03
2.367389095872557334e+02 4.930764427466650945e-02 6.477189158515969615e-04 0.000000000000000000e+00 1.963495408493620871e-03
2.370008436674351344e+02 5.614542519997756109e-02 6.373172944609494222e-04 0.000000000000000000e+00 1.963495408493620871e-03
2.371318022752510046e+02 5.882726381881234201e-02 6.547201142536450847e-04 0.000000000000000000e+00 1.963495408493620871e-03
2.373936626982959126e+02 6.032338530219218120e-02 7.178695624202051286e-04 0.000000000000000000e+00 1.963495408493620871e-03
2.375245317544735144e+02 5.742116880901227544e-02 7.685983696116612668e-04 0.000000000000000000e+00 1.963495408493620871e-03
2.377861616661509174e+02 4.479670160101330983e-02 9.253961338756069854e-04 0.000000000000000000e+00 1.963495408493620871e-03
2.379169291796971208e+02 3.545755531652086678e-02 1.014774603440672836e-03 0.000000000000000000e+00 1.963495408493620871e-03
2.381784470737450761e+02 1.319866635943040684e-02 1.158226782006947309e-03 0.000000000000000000e+00 1.963495408493620871e-03
2.383092451697291096e+02 1.855879945471054695e-03 1.224435218006355219e-03 0.000000000000000000e+00 1.963495408493620871e-03
2.385709215011793560e+02 -1.835632314362354439e-02 1.387853131232391580e-03 0.000000000000000000e+00 1.963495408493620871e-03
2.387017919237555930e+02 -2.534577126247306716e-02 1.471881941635568968e-03 0.000000000000000000e+00 1.963495408493620871e-03
2.389635995778285746e+02 -3.127206326269829639e-02 1.598584347439981632e-03 0.000000000000000000e+00 1.963495408493620871e-03
2.390945335788503314e+02 -2.913948506050505205e-02 1.654296354473648112e-03 0.000000000000000000e+00 1.963495408493620871e-03
2.393564668136688169e+02 -1.754308094650944977e-02 1.795972369158176964e-03 0.000000000000000000e+00 1.963495408493620871e-03
2.394874639971377235e+02 -1.028358450695250961e-02 1.866502339572956477e-03 0.000000000000000000e+00 1.963495408493620871e-03
2.397495008206507521e+02 5.407965167623112260e-03 1.953230294839798653e-03 0.000000000000000000e+00 1.963495408493620871e-03
2.398805216808345335e+02 1.270968533527464667e-02 1.973803777552603136e-03 0.000000000000000000e+00 1.963495408493620871e-03
2.401425595001864792e+02 2.573911762323225633e-02 1.984516602277166912e-03 0.000000000000000000e+00 1.963495408493620871e-03
2.402735659326793325e+02 3.112956513567554165e-02 1.969345049363730067e-03 0.000000000000000000e+00 1.963495408493620871e-03
2.405355041414630364e+02 3.688169335647533548e-02 1.879808483866612749e-03 0.000000000000000000e+00 1.963495408493620871e-03
2.406663967982148904e+02 3.527419949554580492e-02 1.809209937249914822e-03 0.000000000000000000e+00 1.963495408493620871e-03
2.409280087501423395e+02 2.002287544853688719e-02 1.629092067680778036e-03 0.000000000000000000e+00 1.963495408493620871e-03
2.410587114854752997e+02 4.318195720794896358e-03 1.522546220025582878e-03 0.000000000000000000e+00 1.963495408493620871e-03
2.413200410459434977e+02 -3.458598953893381178e-02 1.286457391929513982e-03 0.000000000000000000e+00 1.963495408493620871e-03
2.414507540670392132e+02 -5.170936214098291461e-02 1.158933564168667957e-03 0.000000000000000000e+00 1.963495408493620871e-03
2.417122803212473343e+02 -7.846717479149409313e-02 8.922489205602196320e-04 0.000000000000000000e+00 1.963495408493620871e-03
2.418430840091833147e+02 -8.663805957704182048e-02 7.602211143659530664e-04 0.000000000000000000e+00 1.963495408493620871e-03
2.421047832525111403e+02 -9.286937307726311763e-02 5.237272223242643403e-04 0.000000000000000000e+00 1.963495408493620871e-03
2.422356821872676562e+02 -9.131248912958861430e-02 4.152035127881340600e-04 0.000000000000000000e+00 1.963495408493620871e-03
2.424976194253369783e+02 -7.975161298707214574e-02 2.032873966725823886e-04 0.000000000000000000e+00 1.963495408493620871e-03
2.426286806606130426e+02 -7.045245629781696217e-02 1.051575543330652727e-04 0.000000000000000000e+00 1.963495408493620871e-03
2.428908996690510378e+02 -5.094280664905748157e-02 -5.684562902531385339e-05 0.000000000000000000e+00 1.963495408493620871e-03
2.430219875064904613e+02 -4.505465627462712508e-02 -1.247144313255571654e-04 0.000000000000000000e+00 1.963495408493620871e-03
2.432840845954265205e+02 -4.107434416327003512e-02 -2.481788948050876048e-04 0.000000000000000000e+00 1.963495408493620871e-03
2.434150688372704110e+02 -4.277213207666422101e-02 -2.919632634402605014e-04 0.000000000000000000e+00 1.963495408493620871e-03
2.436769516474648185e+02 -4.909555108015252467e-02 -3.031436859964642991e-04 0.000000000000000000e+00 1.963495408493620871e-03
2.438078762232248948e+02 -5.074789547424644887e-02 -2.828829001153258414e-04 0.000000000000000000e+00 1.963495408493620871e-03
2.440697111159268786e+02 -5.098322193242338374e-02 -2.329163591499105535e-04 0.000000000000000000e+00 1.963495408493620871e-03
2.442006277969320536e+02 -4.983136691813602748e-02 -1.972665163946155228e-04 0.000000000000000000e+00 1.963495408493620871e-03
2.444624023856490282e+02 -5.068709645250389639e-02 -8.437167802300880003e-05 0.000000000000000000e+00 1.963495408493620871e-03
2.445932149005987526e+02 -5.669394487469028854e-02 -1.444738020127395292e-05 0.000000000000000000e+00 1.963495408493620871e-03
2.448546219304537317e+02 -8.022612386393659922e-02 1.275391880777510998e-04 0.000000000000000000e+00 1.963495408493620871e-03
2.449851662911173946e+02 -9.779492984680135392e-02 2.082873148472218141e-04 0.000000000000000000e+00 1.963495408493620871e-03
2.452461380811646450e+02 -1.345561864383850170e-01 4.193110775861809262e-04 0.000000000000000000e+00 1.963495408493620871e-03
2.453767061913138434e+02 -1.468074895704169491e-01 5.435542619653741100e-04 0.000000000000000000e+00 1.963495408493620871e-03
2.456381500818551729e+02 -1.585378066323780422e-01 8.079953439296810045e-04 0.000000000000000000e+00 1.963495408493620871e-03
2.457691112057366354e+02 -1.582849472386981815e-01 9.504334574702098110e-04 0.000000000000000000e+00 1.963495408493620871e-03
2.460313743931781971e+02 -1.491897806234065427e-01 1.263303550293157738e-03 0.000000000000000000e+00 1.963495408493620871e-03
2.461625657269025282e+02 -1.430371715112324360e-01 1.426277433450508225e-03 0.000000000000000000e+00 1.963495408493620871e-03
2.464249821531203679e+02 -1.290401156180535358e-01 1.738992686051567520e-03 0.000000000000000000e+00 1.963495408493620871e-03
2.465561501370648045e+02 -1.221176345004377217e-01 1.884209009131774517e-03 0.000000000000000000e+00 1.963495408493620871e-03
2.468184145234495475e+02 -1.043530338463762863e-01 2.137089742540268424e-03 0.000000000000000000e+00 1.963495408493620871e-03
2.469495161419459919e+02 -9.066544892999758853e-02 2.238859371698582665e-03 0.000000000000000000e+00 1.963495408493620871e-03
2.472116164729807508e+02 -5.962586938372520240e-02 2.372696624025746968e-03 0.000000000000000000e+00 1.963495408493620871e-03
2.473425808997241688e+02 -4.668597752165999648e-02 2.404636404855546583e-03 0.000000000000000000e+00 1.963495408493620871e-03
2.476043143971056679e+02 -2.923255785537959284e-02 2.398006791858345223e-03 0.000000000000000000e+00 1.963495408493620871e-03
2.477350640412334712e+02 -2.672866203126076506e-02 2.357382807218342397e-03 0.000000000000000000e+00 1.963495408493620871e-03
2.479963883655793779e+02 -3.451420832625631818e-02 2.194792853274313282e-03 0.000000000000000000e+00 1.963495408493620871e-03
2.481270018190956250e+02 -4.493777978854902877e-02 2.074282551520767633e-03 0.000000000000000000e+00 1.963495408493620871e-03
2.483883042287969545e+02 -7.052347034999260911e-02 1.759358550228806457e-03 0.000000000000000000e+00 1.963495408493620871e-03
2.485191078561476274e+02 -7.986837541174562904e-02 1.567775446658461937e-03 0.000000000000000000e+00 1.963495408493620871e-03
2.487808367925383948e+02 -9.916467300973585974e-02 1.127210876773898727e-03 0.000000000000000000e+00 1.963495408493620871e-03
2.489116170600206033e+02 -1.150077172663686587e-01 8.847322608038221681e-04 0.000000000000000000e+00 1.963495408493620871e-03
2.491731719139029337e+02 -1.505633385008428027e-01 3.770864429696665909e-04 0.000000000000000000e+00 1.963495408493620871e-03
2.493040692521277890e+02 -1.637942559723225000e-01 1.198775365144684902e-04 0.000000000000000000e+00 1.963495408493620871e-03
2.495660711488520747e+02 -1.790185144810619577e-01 -3.724353775491387160e-04 0.000000000000000000e+00 1.963495408493620871e-03
2.496971356346967070e+02 -1.801735738554225141e-01 -6.001643714566898789e-04 0.000000000000000000e+00 1.963495408493620871e-03
2.499592633116474474e+02 -1.725674014492285802e-01 -9.927005721109894484e-04 0.000000000000000000e+00 1.963495408493620871e-03
2.500902334913819800e+02 -1.661019189882607661e-01 -1.152926813986738554e-03 0.000000000000000000e+00 1.963495408493620871e-03
2.503519351136954185e+02 -1.528977643549419285e-01 -1.385646923604397967e-03 0.000000000000000000e+00 1.963495408493620871e-03
2.504826332814105854e+02 -1.495529375681927675e-01 -1.455740798587933701e-03 0.000000000000000000e+00 1.963495408493620871e-03
2.507439540140721874e+02 -1.429912103942740376e-01 -1.495636270980469675e-03 0.000000000000000000e+00 1.963495408493620871e-03
2.508747360794097574e+02 -1.350776957168768888e-01 -1.465249345779268998e-03 0.000000000000000000e+00 1.963495408493620871e-03
2.511365004839331903e+02 -1.154558328687767532e-01 -1.302659215347223625e-03 0.000000000000000000e+00 1.963495408493620871e-03
2.512674347371435033e+02 -1.080792170764348914e-01 -1.174423875979730553e-03 0.000000000000000000e+00 1.963495408493620871e-03
2.515294791989435623e+02 -9.442816706899009871e-02 -8.379756867773289347e-04 0.000000000000000000e+00 1.963495408493620871e-03
2.516606401720890744e+02 -8.517522601893057210e-02 -6.332461877242481080e-04 0.000000000000000000e+00 1.963495408493620871e-03
2.519231229135318699e+02 -6.651264394271019786e-02 -1.638959134583697647e-04 0.000000000000000000e+00 1.963495408493620871e-03
2.520543527001305790e+02 -6.075009091175542775e-02 9.228815083520521467e-05 0.000000000000000000e+00 1.963495408493620871e-03
2.523166522392924662e+02 -6.258883656156667696e-02 6.188858469270589824e-04 0.000000000000000000e+00 1.963495408493620871e-03
2.524476274615546174e+02 -7.436828317079753614e-02 8.829397158103019939e-04 0.000000000000000000e+00 1.963495408493620871e-03
2.527092944335480809e+02 -1.117359588467489728e-01 1.391720385293909561e-03 0.000000000000000000e+00 1.963495408493620871e-03
2.528400343565386379e+02 -1.315666524062385490e-01 1.630030997827181319e-03 0.000000000000000000e+00 1.963495408493620871e-03
2.531013534328582466e+02 -1.678163955858045231e-01 2.052096635051275236e-03 0.000000000000000000e+00 1.963495408493620871e-03
2.532319405420820431e+02 -1.808455869259551207e-01 2.234443239826956924e-03 0.000000000000000000e+00 1.963495408493620871e-03
2.534931716021122270e+02 -1.945591457243963096e-01 2.537657168241589517e-03 0.000000000000000000e+00 1.963495408493620871e-03
2.536239520112086723e+02 -1.940382725220436977e-01 2.653765549202552997e-03 0.000000000000000000e+00 1.963495408493620871e-03
2.538858128384704287e+02 -1.793642563917625110e-01 2.797456510933247781e-03 0.000000000000000000e+00 1.963495408493620871e-03
2.540168559702565005e+02 -1.661846127077002688e-01 2.825386067207199484e-03 0.000000000000000000e+00 1.963495408493620871e-03
2.542789724926102224e+02 -1.378808883757144665e-01 2.794593377845110832e-03 0.000000000000000000e+00 1.963495408493620871e-03
2.544099080542893603e+02 -1.295695534480479361e-01 2.733728683742663989e-03 0.000000000000000000e+00 1.963495408493620871e-03
2.546717016014384001e+02 -1.192527294728351062e-01 2.513652334704833628e-03 0.000000000000000000e+00 1.963495408493620871e-03
2.548026851264245352e+02 -1.129864995094219116e-01 2.358690456148104624e-03 0.000000000000000000e+00 1.963495408493620871e-03
2.550647757789432717e+02 -1.018483432383510412e-01 1.974245622197784954e-03 0.000000000000000000e+00 1.963495408493620871e-03
2.551958327196245762e+02 -9.992626435908387450e-02 1.747036126646032842e-03 0.000000000000000000e+00 1.963495408493620871e-03
2.554579879935743065e+02 -1.012669449619397616e-01 1.230320727890236608e-03 0.000000000000000000e+00 1.963495408493620871e-03
2.555890980642406873e+02 -1.029006207921020211e-01 9.487344581816763156e-04 0.000000000000000000e+00 1.963495408493620871e-03
2.558512205531651773e+02 -1.070608110434657367e-01 3.665932764068935944e-04 0.000000000000000000e+00 1.963495408493620871e-03
2.559821101266998085e+02 -1.092460834583790924e-01 7.018026224046520556e-05 0.000000000000000000e+00 1.963495408493620871e-03
2.562437330992109992e+02 -1.117847679195476118e-01 -5.211468234846204466e-04 0.000000000000000000e+00 1.963495408493620871e-03
2.563746040252684679e+02 -1.106591588894563216e-01 -8.056696550999779133e-04 0.000000000000000000e+00 1.963495408493620871e-03
2.566365294674612301e+02 -1.016505561303026051e-01 -1.315946031522496115e-03 0.000000000000000000e+00 1.963495408493620871e-03
2.567676124407390148e+02 -9.259964932426129058e-02 -1.537007876982434112e-03 0.000000000000000000e+00 1.963495408493620871e-03
2.570298537519954607e+02 -7.443588790795593879e-02 -1.894423383730151067e-03 0.000000000000000000e+00 1.963495408493620871e-03
2.571608894239237770e+02 -7.176146084639327405e-02 -2.022656621478287082e-03 0.000000000000000000e+00 1.963495408493620871e-03
2.574227420886761593e+02 -7.666971714270544302e-02 -2.151849431473734729e-03 0.000000000000000000e+00 1.963495408493620871e-03
2.575535305597635443e+02 -8.209216126514810863e-02 -2.152557852703837916e-03 0.000000000000000000e+00 1.963495408493620871e-03
2.578149326985973744e+02 -9.601358324329266336e-02 -2.025490179558995293e-03 0.000000000000000000e+00 1.963495408493620871e-03
2.579456169795955134e+02 -1.027129324380220976e-01 -1.901374133663963741e-03 0.000000000000000000e+00 1.963495408493620871e-03
2.582070139846782695e+02 -1.130287953566752601e-01 -1.544164841503646492e-03 0.000000000000000000e+00 1.963495408493620871e-03
2.583377601985287129e+02 -1.150935889627778125e-01 -1.316420270768696096e-03 0.000000000000000000e+00 1.963495408493620871e-03
2.585993809368063125e+02 -1.125995525631991734e-01 -7.805815490255741621e-04 0.000000000000000000e+00 1.963495408493620871e-03
2.587302706692009338e+02 -1.079508090495944761e-01 -4.817725390622695347e-04 0.000000000000000000e+00 1.963495408493620871e-03
2.589922266935128050e+02 -9.294593648093447957e-02 1.459216463584909009e-04 0.000000000000000000e+00 1.963495408493620871e-03
2.591232991236159364e+02 -8.343439456536692889e-02 4.675645798923526268e-04 0.000000000000000000e+00 1.963495408493620871e-03
2.593857128541972088e+02 -6.195168705077653409e-02 1.101092776047655954e-03 0.000000000000000000e+00 1.963495408493620871e-03
2.595171037114538422e+02 -5.110520573049413817e-02 1.401997473125027533e-03 0.000000000000000000e+00 1.963495408493620871e-03
2.597800253930755048e+02 -3.235313064008866341e-02 1.934026397098273682e-03 0.000000000000000000e+00 1.963495408493620871e-03
2.599113865145621389e+02 -2.669595167282449305e-02 2.161447982840984314e-03 0.000000000000000000e+00 1.963495408493620871e-03
2.601738651301849927e+02 -1.928677616807081968e-02 2.528457416550478152e-03 0.000000000000000000e+00 1.963495408493620871e-03
2.603049583769580408e+02 -1.511643511715851998e-02 2.661209118092682218e-03 0.000000000000000000e+00 1.963495408493620871e-03
2.605668073570606111e+02 -8.257179865620620229e-03 2.803711701428526770e-03 0.000000000000000000e+00 1.963495408493620871e-03
2.606975304889715517e+02 -7.366487168490829483e-03 2.817803471613346700e-03 0.000000000000000000e+00 1.963495408493620871e-03
2.609585753491964510e+02 -1.780882350480646886e-02 2.745206204114655334e-03 0.000000000000000000e+00 1.963495408493620871e-03
2.610889008955687700e+02 -3.382701277023783537e-02 2.655366503509294304e-03 0.000000000000000000e+00 1.963495408493620871e-03
2.613494475455353268e+02 -7.604479621860031624e-02 2.357742904181855600e-03 0.000000000000000000e+00 1.963495408493620871e-03
2.614798676273600222e+02 -9.404224204429577350e-02 2.157966595710708070e-03 0.000000000000000000e+00 1.963495408493620871e-03
2.617409387357668038e+02 -1.239716338546869301e-01 1.683966947239352342e-03 0.000000000000000000e+00 1.963495408493620871e-03
2.618715232825288695e+02 -1.368420186838844865e-01 1.407992956824291077e-03 0.000000000000000000e+00 1.963495408493620871e-03
2.621330111811773236e+02 -1.502810882667380277e-01 7.720327563051199550e-04 0.000000000000000000e+00 1.963495408493620871e-03
2.622640720895163327e+02 -1.450636602905623074e-01 4.257599904874925355e-04 0.000000000000000000e+00 1.963495408493620871e-03
2.625268802783388082e+02 -1.091586588033475747e-01 -2.743935272338726087e-04 0.000000000000000000e+00 1.963495408493620871e-03
2.626586449640865339e+02 -7.796337328351256313e-02 -6.263514129012230126e-04 0.000000000000000000e+00 1.963495408493620871e-03
2.629225752181263829e+02 -2.688613356540063386e-03 -1.326668665953315961e-03 0.000000000000000000e+00 1.963495408493620871e-03
2.630545087819808145e+02 3.176303773386539298e-02 -1.655604856951848648e-03 0.000000000000000000e+00 1.963495408493620871e-03
2.633180357982822102e+02 8.499774326950434999e-02 -2.210454387510499968e-03 0.000000000000000000e+00 1.963495408493620871e-03
2.634494497759840783e+02 9.809474280816096736e-02 -2.435366210037375086e-03 0.000000000000000000e+00 1.963495408493620871e-03
2.637114770261998729e+02 1.009585126728039794e-01 -2.778121071040600201e-03 0.000000000000000000e+00 1.963495408493620871e-03
2.638420259253431368e+02 9.322357968437408604e-02 -2.881495520173248202e-03 0.000000000000000000e+00 1.963495408493620871e-03
2.641023470949141370e+02 6.435558625938642141e-02 -2.909879174821105707e-03 0.000000000000000000e+00 1.963495408493620871e-03
2.642322323908273916e+02 4.641177060731530024e-02 -2.841647998113847745e-03 0.000000000000000000e+00 1.963495408493620871e-03
2.644917557198651252e+02 1.767130098682673581e-03 -2.560023709467939071e-03 0.000000000000000000e+00 1.963495408493620871e-03
2.646215975327943966e+02 -2.611541498024858368e-02 -2.342842388692733310e-03 0.000000000000000000e+00 1.963495408493620871e-03
2.648817906618114648e+02 -7.836698490043413068e-02 -1.742648529064260571e-03 0.000000000000000000e+00 1.963495408493620871e-03
2.650123685867985159e+02 -9.235890789814155122e-02 -1.374656831688799785e-03 0.000000000000000000e+00 1.963495408493620871e-03
2.652744107729276379e+02 -9.637420185134820683e-02 -5.576704546929360995e-04 0.000000000000000000e+00 1.963495408493620871e-03
2.654057950823791430e+02 -8.763249753031290834e-02 -1.140639930847322549e-04 0.000000000000000000e+00 1.963495408493620871e-03
2.656690437028045153e+02 -5.684698921929207810e-02 8.240115461880040404e-04 0.000000000000000000e+00 1.963495408493620871e-03
2.658007341449391561e+02 -4.060759928737787960e-02 1.297119372605647081e-03 0.000000000000000000e+00 1.963495408493620871e-03
2.660643373877275053e+02 -1.262325884319633268e-03 2.181563604800677500e-03 0.000000000000000000e+00 1.963495408493620871e-03
2.661963201706907967e+02 2.582038896942762118e-02 2.586135017552500942e-03 0.000000000000000000e+00 1.963495408493620871e-03
2.664603991290746876e+02 8.931957265148171565e-02 3.296667599421781829e-03 0.000000000000000000e+00 1.963495408493620871e-03
2.665923100870467692e+02 1.214179051162637968e-01 3.583533611266421885e-03 0.000000000000000000e+00 1.963495408493620871e-03
2.668552994430963281e+02 1.692867119807227039e-01 3.964828791521684236e-03 0.000000000000000000e+00 1.963495408493620871e-03
2.669859898386288251e+02 1.736669151055139082e-01 4.059313094179464732e-03 0.000000000000000000e+00 1.963495408493620871e-03
2.672459291117265252e+02 1.449412161950403011e-01 4.058252210730996928e-03 0.000000000000000000e+00 1.963495408493620871e-03
2.673753247764004186e+02 1.139731513463259627e-01 3.956929121277018464e-03 0.000000000000000000e+00 1.963495408493620871e-03
2.676337471647559028e+02 3.968088543182621275e-02 3.533358051530879288e-03 0.000000000000000000e+00 1.963495408493620871e-03
2.677633080442799951e+02 1.068938194316881515e-02 3.219603892712974424e-03 0.000000000000000000e+00 1.963495408493620871e-03
2.680233771373571017e+02 -2.760919126114534661e-02 2.416657722742180346e-03 0.000000000000000000e+00 1.963495408493620871e-03
2.681540153009818823e+02 -3.571334476678527520e-02 1.932759833484870788e-03 0.000000000000000000e+00 1.963495408493620871e-03
2.684162937464610081e+02 -3.335401610564287661e-02 8.224696591561522297e-04 0.000000000000000000e+00 1.963495408493620871e-03
2.685477706859714431e+02 -2.557529657423232572e-02 2.147100399093743173e-04 0.000000000000000000e+00 1.963495408493620871e-03
2.688111971058132781e+02 6.778220337207725016e-04 -1.041041850430351502e-03 0.000000000000000000e+00 1.963495408493620871e-03
2.689430106088556727e+02 1.749143734682011980e-02 -1.671615879370994852e-03 0.000000000000000000e+00 1.963495408493620871e-03
2.692067500575481063e+02 5.747670719606276513e-02 -2.882047726038247312e-03 0.000000000000000000e+00 1.963495408493620871e-03
2.693386177586263557e+02 7.990872539687757237e-02 -3.440252401915299199e-03 0.000000000000000000e+00 1.963495408493620871e-03
2.696023528301935244e+02 1.297286059176013806e-01 -4.395646416943441159e-03 0.000000000000000000e+00 1.963495408493620871e-03
2.697342187010348766e+02 1.571575405991786356e-01 -4.776551478722221994e-03 0.000000000000000000e+00 1.963495408493620871e-03
2.699972194071171998e+02 1.962897363769097736e-01 -5.295512964719193034e-03 0.000000000000000000e+00 1.963495408493620871e-03
2.701278459780882031e+02 1.936159687518050898e-01 -5.424191292542748788e-03 0.000000000000000000e+00 1.963495408493620871e-03
2.703875679140739976e+02 1.516057533768689347e-01 -5.398038095870657735e-03 0.000000000000000000e+00 1.963495408493620871e-03
2.705168504197336006e+02 1.185194025172300325e-01 -5.242922311003265362e-03 0.000000000000000000e+00 1.963495408493620871e-03
2.707750306035943026e+02 4.176582454610366923e-02 -4.644102190638271441e-03 0.000000000000000000e+00 1.963495408493620871e-03
2.709044574745976774e+02 7.344994344329804775e-03 -4.207582050039552005e-03 0.000000000000000000e+00 1.963495408493620871e-03
2.711641383269677590e+02 -4.914893241999412909e-02 -3.085868543096939674e-03 0.000000000000000000e+00 1.963495408493620871e-03
2.712944597482838844e+02 -6.875248517343307553e-02 -2.411999728713995136e-03 0.000000000000000000e+00 1.963495408493620871e-03
2.715561905323358474e+02 -7.919671664183275395e-02 -8.798689633384138269e-04 0.000000000000000000e+00 1.963495408493620871e-03
2.716876816197678295e+02 -6.195318899211520181e-02 -4.314441634496605019e-05 0.000000000000000000e+00 1.963495408493620871e-03
2.719515302261606280e+02 3.189838418682722568e-03 1.688166607322254612e-03 0.000000000000000000e+00 1.963495408493620871e-03
2.720835972170523860e+02 3.994661531240066565e-02 2.558745168017401497e-03 0.000000000000000000e+00 1.963495408493620871e-03
2.723478291874326942e+02 1.136192304020202382e-01 4.232145749734659429e-03 0.000000000000000000e+00 1.963495408493620871e-03
2.724798790433877684e+02 1.455808548979382055e-01 5.004794248887309976e-03 0.000000000000000000e+00 1.963495408493620871e-03
2.727437002927713934e+02 1.975120302207382661e-01 6.328101076155133453e-03 0.000000000000000000e+00 1.963495408493620871e-03
2.728753708915124321e+02 2.161280465985593313e-01 6.858091112904314557e-03 0.000000000000000000e+00 1.963495408493620871e-03
2.731377311439668460e+02 2.277209438570082511e-01 7.594173655726316197e-03 0.000000000000000000e+00 1.963495408493620871e-03
2.732680746083100871e+02 2.129824964964050493e-01 7.784469144499876064e-03 0.000000000000000000e+00 1.963495408493620871e-03
2.735275961693383806e+02 1.552970966992742730e-01 7.768105181329074994e-03 0.000000000000000000e+00 1.963495408493620871e-03
2.736571477746527989e+02 1.218603276746317299e-01 7.561885289199685861e-03 0.000000000000000000e+00 1.963495408493620871e-03
2.739162581934949117e+02 5.677329573021724918e-02 6.750451558008924852e-03 0.000000000000000000e+00 1.963495408493620871e-03
2.740460879588982266e+02 3.205479369428070047e-02 6.152134868063468404e-03 0.000000000000000000e+00 1.963495408493620871e-03
2.743064138782787040e+02 2.632511752685664369e-03 4.594428792801075884e-03 0.000000000000000000e+00 1.963495408493620871e-03
2.744369747551194223e+02 5.511736863707565257e-04 3.653733646162522948e-03 0.000000000000000000e+00 1.963495408493620871e-03
2.746987764165187400e+02 1.413566167321136241e-02 1.517907702488518074e-03 0.000000000000000000e+00 1.963495408493620871e-03
2.748299233520800726e+02 2.402496879856266809e-02 3.528059206603230240e-04 0.000000000000000000e+00 1.963495408493620871e-03
2.750926377103946265e+02 5.043712302912768675e-02 -2.065779965785934091e-03 0.000000000000000000e+00 1.963495408493620871e-03
2.752241554704393707e+02 6.768095068237206524e-02 -3.285242077346546552e-03 0.000000000000000000e+00 1.963495408493620871e-03
2.754874115425449190e+02 1.093841952412577256e-01 -5.627458841782322779e-03 0.000000000000000000e+00 1.963495408493620871e-03
2.756190748467022331e+02 1.330267481984839517e-01 -6.710539842853547113e-03 0.000000000000000000e+00 1.963495408493620871e-03
2.758822080459612494e+02 1.755077065851538554e-01 -8.570682892712596160e-03 0.000000000000000000e+00 1.963495408493620871e-03
2.760134923554790589e+02 1.870754565025041782e-01 -9.320097721089897272e-03 0.000000000000000000e+00 1.963495408493620871e-03
2.762754497633044934e+02 1.900991773844485921e-01 -1.037508705773805377e-02 0.000000000000000000e+00 1.963495408493620871e-03
2.764060980360072222e+02 1.814358955192181821e-01 -1.065835826190458108e-02 0.000000000000000000e+00 1.963495408493620871e-03
2.766668572706787472e+02 1.476967330405287160e-01 -1.066725428295495562e-02 0.000000000000000000e+00 1.963495408493620871e-03
2.767970511098142197e+02 1.252364166831326231e-01 -1.039400714040789563e-02 0.000000000000000000e+00 1.963495408493620871e-03
2.770572355546220820e+02 7.661725511332970195e-02 -9.293640425731145363e-03 0.000000000000000000e+00 1.963495408493620871e-03
2.771873390872289633e+02 5.548420822565261479e-02 -8.475326601034137430e-03 0.000000000000000000e+00 1.963495408493620871e-03
2.774477272405612780e+02 2.254494863753052358e-02 -6.331002478288187338e-03 0.000000000000000000e+00 1.963495408493620871e-03
2.775781183214043608e+02 1.250588109357328448e-02 -5.033659782421273828e-03 0.000000000000000000e+00 1.963495408493620871e-03
2.778393548348847162e+02 4.252703281644556674e-03 -2.092417799958138421e-03 0.000000000000000000e+00 1.963495408493620871e-03
2.779702310609391134e+02 5.047797376271876205e-03 -4.862156937880980634e-04 0.000000000000000000e+00 1.963495408493620871e-03
2.782324730960773991e+02 1.812124037119110243e-02 2.858127453483832320e-03 0.000000000000000000e+00 1.963495408493620871e-03
2.783638103250106610e+02 3.154940117130376753e-02 4.546749602479355570e-03 0.000000000000000000e+00 1.963495408493620871e-03
2.786268026890865031e+02 6.990573577924938387e-02 7.779138330697092651e-03 0.000000000000000000e+00 1.963495408493620871e-03
2.787583705433562500e+02 9.293172260308052435e-02 9.274208790545983641e-03 0.000000000000000000e+00 1.963495408493620871e-03
2.790214929676075144e+02 1.408817509081929653e-01 1.185610068912141234e-02 0.000000000000000000e+00 1.963495408493620871e-03
2.791529371515264302e+02 1.617451500350501059e-01 1.290083482821894993e-02 0.000000000000000000e+00 1.963495408493620871e-03
2.794154324465511650e+02 1.925309996565629511e-01 1.436238074146154765e-02 0.000000000000000000e+00 1.963495408493620871e-03
2.795463762004855539e+02 1.994158217008606959e-01 1.475348677813149295e-02 0.000000000000000000e+00 1.963495408493620871e-03
2.798075789859253746e+02 1.906103272390944070e-01 1.477651427878263340e-02 0.000000000000000000e+00 1.963495408493620871e-03
2.799377894494108432e+02 1.712484224185124582e-01 1.440842344505582906e-02 0.000000000000000000e+00 1.963495408493620871e-03
2.801979306271382484e+02 1.212896593550877311e-01 1.290778139644030084e-02 0.000000000000000000e+00 1.963495408493620871e-03
2.803282138872788209e+02 1.038909993225829304e-01 1.178822132941629089e-02 0.000000000000000000e+00 1.963495408493620871e-03
2.805893565921949744e+02 8.905257307102612541e-02 8.857384068931953292e-03 0.000000000000000000e+00 1.963495408493620871e-03
2.807202981583263295e+02 9.405104778493408868e-02 7.084534769037690270e-03 0.000000000000000000e+00 1.963495408493620871e-03
2.809829212219370902e+02 1.272661249230232772e-01 3.065447029586671444e-03 0.000000000000000000e+00 1.963495408493620871e-03
2.811145935374983083e+02 1.540875339125430121e-01 8.723902645707696038e-04 0.000000000000000000e+00 1.963495408493620871e-03
2.813786173047124635e+02 2.298117489002442504e-01 -3.692601440510711458e-03 0.000000000000000000e+00 1.963495408493620871e-03
2.815109327469446612e+02 2.798499122850492959e-01 -5.990356343434092429e-03 0.000000000000000000e+00 1.963495408493620871e-03
2.817760261121032386e+02 3.972916465806773934e-01 -1.037217034760233234e-02 0.000000000000000000e+00 1.963495408493620871e-03
2.819086988063158401e+02 4.596316020632543742e-01 -1.238542600275644237e-02 0.000000000000000000e+00 1.963495408493620871e-03
2.821742172329801406e+02 5.889738077946280459e-01 -1.585001514560743785e-02 0.000000000000000000e+00 1.963495408493620871e-03
2.823070099856108754e+02 6.544946965843765341e-01 -1.723500839205877738e-02 0.000000000000000000e+00 1.963495408493620871e-03
2.825718967180098957e+02 7.679206096176718344e-01 -1.913135568507452755e-02 0.000000000000000000e+00 1.963495408493620871e-03
2.827034283960936705e+02 8.022183255409190972e-01 -1.960350992491444178e-02 0.000000000000000000e+00 1.963495408493620871e-03
