# q:1.000000e+00, m:1.836000e+03, N:480 - x,px,py,pz,w
1.886919087573839988e+02 5.416611082832132912e-07 -2.321490097198850369e-03 0.000000000000000000e+00 1.963495408493620871e-03
1.888228084514622935e+02 6.268224972092711917e-07 -1.772804959501995438e-03 0.000000000000000000e+00 1.963495408493620871e-03
1.890846078393826701e+02 6.869842319849594746e-07 -6.475790282407108914e-04 0.000000000000000000e+00 1.963495408493620871e-03
1.892155075332745184e+02 6.847800624035551708e-07 -8.533566511060761660e-05 0.000000000000000000e+00 1.963495408493620871e-03
1.894773069209812490e+02 6.430945370813814602e-07 9.812221358147556194e-04 0.000000000000000000e+00 1.963495408493620871e-03
1.896082066148362628e+02 6.221395905646816936e-07 1.473781521150226669e-03 0.000000000000000000e+00 1.963495408493620871e-03
1.898700060025527989e+02 5.822323486386919991e-07 2.330441052592157128e-03 0.000000000000000000e+00 1.963495408493620871e-03
1.900009056964134402e+02 5.628576976850420347e-07 2.686918711885957246e-03 0.000000000000000000e+00 1.963495408493620871e-03
1.902627050841383607e+02 5.255665884486771884e-07 3.225679871472456658e-03 0.000000000000000000e+00 1.963495408493620871e-03
1.903936047780024126e+02 5.078732080936724714e-07 3.405298891217735640e-03 0.000000000000000000e+00 1.963495408493620871e-03
1.906554041657348648e+02 4.746462759785328723e-07 3.574355888970571181e-03 0.000000000000000000e+00 1.963495408493620871e-03
1.907863038596023841e+02 4.592246454594057033e-07 3.565894089273832258e-03 0.000000000000000000e+00 1.963495408493620871e-03
1.910481032473408334e+02 4.307808640755096066e-07 3.371390781993088056e-03 0.000000000000000000e+00 1.963495408493620871e-03
1.911790029412109675e+02 4.176644035462567156e-07 3.191737804881619300e-03 0.000000000000000000e+00 1.963495408493620871e-03
1.914408023289547884e+02 3.934658016960544632e-07 2.693183325289119460e-03 0.000000000000000000e+00 1.963495408493620871e-03
1.915717020228274237e+02 3.821300583050242867e-07 2.383430009880662011e-03 0.000000000000000000e+00 1.963495408493620871e-03
1.918335014105757068e+02 3.607583729062876992e-07 1.679563975573340664e-03 0.000000000000000000e+00 1.963495408493620871e-03
1.919644011044507295e+02 3.504367968802950090e-07 1.295926342572830108e-03 0.000000000000000000e+00 1.963495408493620871e-03
1.922262004922031622e+02 3.303887677403868503e-07 5.071421878175097313e-04 0.000000000000000000e+00 1.963495408493620871e-03
1.923571001860802312e+02 3.204715413262645332e-07 1.121272198042226262e-04 0.000000000000000000e+00 1.963495408493620871e-03
1.926188995738370693e+02 3.008796560692896255e-07 -6.386222831551565879e-04 0.000000000000000000e+00 1.963495408493620871e-03
1.927497992677162983e+02 2.911668694780190771e-07 -9.861457827989453598e-04 0.000000000000000000e+00 1.963495408493620871e-03
1.930115986554770870e+02 2.720682656485569082e-07 -1.592646137715505745e-03 0.000000000000000000e+00 1.963495408493620871e-03
1.931424983493585330e+02 2.627656451853349857e-07 -1.846158799683405953e-03 0.000000000000000000e+00 1.963495408493620871e-03
1.934042977371229881e+02 2.448481402707320602e-07 -2.231852319771646109e-03 0.000000000000000000e+00 1.963495408493620871e-03
1.935351974310060257e+02 2.363486508938957550e-07 -2.362122963244674481e-03 0.000000000000000000e+00 1.963495408493620871e-03
1.937969968187741472e+02 2.203955819036053240e-07 -2.489871158635941460e-03 0.000000000000000000e+00 1.963495408493620871e-03
1.939278965126590037e+02 2.130000576354608027e-07 -2.488780076920841557e-03 0.000000000000000000e+00 1.963495408493620871e-03
1.941896959004298822e+02 1.993822430410741492e-07 -2.362393020161923738e-03 0.000000000000000000e+00 1.963495408493620871e-03
1.943205955943159893e+02 1.931184957438802871e-07 -2.241434532579783707e-03 0.000000000000000000e+00 1.963495408493620871e-03
1.945823949820895109e+02 1.815971943488443755e-07 -1.901337588763803458e-03 0.000000000000000000e+00 1.963495408493620871e-03
1.947132946759766980e+02 1.762190189351461951e-07 -1.688631074778535477e-03 0.000000000000000000e+00 1.963495408493620871e-03
1.949750940637523513e+02 1.661155100902814560e-07 -1.203629731476201122e-03 0.000000000000000000e+00 1.963495408493620871e-03
1.951059937576406753e+02 1.612512365962631008e-07 -9.385369024500648865e-04 0.000000000000000000e+00 1.963495408493620871e-03
1.953677931454183465e+02 1.518282358263309924e-07 -3.919749306104151833e-04 0.000000000000000000e+00 1.963495408493620871e-03
1.954986928393076937e+02 1.471743492245631650e-07 -1.175969299158047092e-04 0.000000000000000000e+00 1.963495408493620871e-03
1.957604922270873828e+02 1.379902073470937101e-07 4.049885327417608680e-04 0.000000000000000000e+00 1.963495408493620871e-03
1.958913919209775827e+02 1.334379804043731985e-07 6.474518453830101824e-04 0.000000000000000000e+00 1.963495408493620871e-03
1.961531913087594035e+02 1.244862240812620504e-07 1.071743036161944967e-03 0.000000000000000000e+00 1.963495408493620871e-03
1.962840910026504559e+02 1.201243864729625726e-07 1.249809228309516421e-03 0.000000000000000000e+00 1.963495408493620871e-03
1.965458903904340389e+02 1.117204740365302904e-07 1.522736062273788785e-03 0.000000000000000000e+00 1.963495408493620871e-03
1.966767900843260577e+02 1.077334889042107410e-07 1.616133167162586140e-03 0.000000000000000000e+00 1.963495408493620871e-03
1.969385894721108627e+02 1.002511091504949250e-07 1.710940605101672098e-03 0.000000000000000000e+00 1.963495408493620871e-03
1.970694891660039616e+02 9.678500690506400632e-08 1.713384505542491854e-03 0.000000000000000000e+00 1.963495408493620871e-03
1.973312885537902730e+02 9.041000872475728550e-08 1.632486938936928908e-03 0.000000000000000000e+00 1.963495408493620871e-03
1.974621882476838266e+02 8.748347071588188704e-08 1.552055215668413351e-03 0.000000000000000000e+00 1.963495408493620871e-03
1.977239876354713601e+02 8.211321652711707822e-08 1.322864864285508597e-03 0.000000000000000000e+00 1.963495408493620871e-03
1.978548873293653116e+02 7.961349939401952716e-08 1.178504982605371558e-03 0.000000000000000000e+00 1.963495408493620871e-03
1.981166867171538399e+02 7.493131929822215920e-08 8.478507929525638896e-04 0.000000000000000000e+00 1.963495408493620871e-03
1.982475864110484167e+02 7.268305909633388297e-08 6.665756670728546166e-04 0.000000000000000000e+00 1.963495408493620871e-03
1.985093857988378261e+02 6.833754243721897108e-08 2.922060815187751156e-04 0.000000000000000000e+00 1.963495408493620871e-03
1.986402854927327439e+02 6.619425064323689687e-08 1.038911515654405353e-04 0.000000000000000000e+00 1.963495408493620871e-03
1.989020848805232617e+02 6.196843922203201232e-08 -2.558808638662043696e-04 0.000000000000000000e+00 1.963495408493620871e-03
1.990329845744185207e+02 5.987423494700009247e-08 -4.232804261521121332e-04 0.000000000000000000e+00 1.963495408493620871e-03
1.992947839622098058e+02 5.575606464549914622e-08 -7.168765671470510824e-04 0.000000000000000000e+00 1.963495408493620871e-03
1.994256836561058606e+02 5.374899183941410511e-08 -8.405157464817136943e-04 0.000000000000000000e+00 1.963495408493620871e-03
1.996874830438977995e+02 4.988148294063449174e-08 -1.031246725359699374e-03 0.000000000000000000e+00 1.963495408493620871e-03
1.998183827377943089e+02 4.804703339158742173e-08 -1.097322994557519207e-03 0.000000000000000000e+00 1.963495408493620871e-03
2.000801821255869015e+02 4.460612423251363670e-08 -1.166834971102737560e-03 0.000000000000000000e+00 1.963495408493620871e-03
2.002110818194837520e+02 4.301416927212759995e-08 -1.170866825402717536e-03 0.000000000000000000e+00 1.963495408493620871e-03
2.004728812072769983e+02 4.009138788584514080e-08 -1.119866853870345701e-03 0.000000000000000000e+00 1.963495408493620871e-03
2.006037809011741899e+02 3.875335456085314832e-08 -1.066907438350071053e-03 0.000000000000000000e+00 1.963495408493620871e-03
2.008655802889680047e+02 3.630621437556367834e-08 -9.143593890433563461e-04 0.000000000000000000e+00 1.963495408493620871e-03
2.009964799828653099e+02 3.517164526505266466e-08 -8.176585335897542739e-04 0.000000000000000000e+00 1.963495408493620871e-03
2.012582793706594941e+02 3.305518418654058990e-08 -5.949542744009561363e-04 0.000000000000000000e+00 1.963495408493620871e-03
2.013891790645570836e+02 3.204263888886795899e-08 -4.724002944208311296e-04 0.000000000000000000e+00 1.963495408493620871e-03
2.016509784523518647e+02 3.009182801195973513e-08 -2.186863286936045606e-04 0.000000000000000000e+00 1.963495408493620871e-03
2.017818781462493973e+02 2.913156537313631980e-08 -9.081767373334201907e-05 0.000000000000000000e+00 1.963495408493620871e-03
2.020436775340446047e+02 2.724076668684873050e-08 1.537776572491001033e-04 0.000000000000000000e+00 1.963495408493620871e-03
2.021745772279424216e+02 2.630396477603292865e-08 2.678352927929328157e-04 0.000000000000000000e+00 1.963495408493620871e-03
2.024363766157381122e+02 2.446162362117080772e-08 4.687943420848749917e-04 0.000000000000000000e+00 1.963495408493620871e-03
2.025672763096360995e+02 2.356321785563763434e-08 5.538256163800474568e-04 0.000000000000000000e+00 1.963495408493620871e-03
2.028290756974321596e+02 2.183100035495180889e-08 6.855111064658789494e-04 0.000000000000000000e+00 1.963495408493620871e-03
2.029599753913302038e+02 2.100893041578858234e-08 7.315396408670976885e-04 0.000000000000000000e+00 1.963495408493620871e-03
2.032217747791265197e+02 1.946640609224239828e-08 7.814655628332960961e-04 0.000000000000000000e+00 1.963495408493620871e-03
2.033526744730248481e+02 1.875287736667693956e-08 7.857359903451107937e-04 0.000000000000000000e+00 1.963495408493620871e-03
2.036144738608215334e+02 1.744348254255344572e-08 7.543839382140026537e-04 0.000000000000000000e+00 1.963495408493620871e-03
2.037453735547199756e+02 1.684473692948203734e-08 7.200732210005977071e-04 0.000000000000000000e+00 1.963495408493620871e-03
2.040071729425169735e+02 1.575136898582189440e-08 6.194294539935683332e-04 0.000000000000000000e+00 1.963495408493620871e-03
2.041380726364154157e+02 1.524552014616134734e-08 5.551522530806679134e-04 0.000000000000000000e+00 1.963495408493620871e-03
2.043998720242126126e+02 1.430401792949900036e-08 4.069106119538762095e-04 0.000000000000000000e+00 1.963495408493620871e-03
2.045307717181109979e+02 1.385455156403115120e-08 3.251526324102182617e-04 0.000000000000000000e+00 1.963495408493620871e-03
2.047925711059086211e+02 1.299019139454760986e-08 1.551881980363302329e-04 0.000000000000000000e+00 1.963495408493620871e-03
2.049234707998070064e+02 1.256522091513604826e-08 6.924710850258018063e-05 0.000000000000000000e+00 1.963495408493620871e-03
2.051852701876049139e+02 1.172916194302271815e-08 -9.549135408124084703e-05 0.000000000000000000e+00 1.963495408493620871e-03
2.053161698815033560e+02 1.131503601859918648e-08 -1.724486004907552781e-04 0.000000000000000000e+00 1.963495408493620871e-03
2.055779692693014056e+02 1.050066947203232673e-08 -3.081786169908207283e-04 0.000000000000000000e+00 1.963495408493620871e-03
2.057088689631999614e+02 1.010353683313131018e-08 -3.657955141636436581e-04 0.000000000000000000e+00 1.963495408493620871e-03
2.059706683509980394e+02 9.337920404435211825e-09 -4.559095946895798087e-04 0.000000000000000000e+00 1.963495408493620871e-03
2.061015680448967657e+02 8.974757756053720321e-09 -4.878466281218812265e-04 0.000000000000000000e+00 1.963495408493620871e-03
2.063633674326947585e+02 8.293915448226619100e-09 -5.232400816448055112e-04 0.000000000000000000e+00 1.963495408493620871e-03
2.064942671265937690e+02 7.979507569003611336e-09 -5.270098599083770843e-04 0.000000000000000000e+00 1.963495408493620871e-03
2.067560665143919607e+02 7.403904248402961309e-09 -5.079489521312975609e-04 0.000000000000000000e+00 1.963495408493620871e-03
2.068869662082910281e+02 7.141650552786421393e-09 -4.859968119772792370e-04 0.000000000000000000e+00 1.963495408493620871e-03
2.071487655960890777e+02 6.664809389533230496e-09 -4.207633426835109044e-04 0.000000000000000000e+00 1.963495408493620871e-03
2.072796652899883156e+02 6.445314804688546801e-09 -3.787457239512627546e-04 0.000000000000000000e+00 1.963495408493620871e-03
2.075414646777865642e+02 6.038984078454383808e-09 -2.809635599447655356e-04 0.000000000000000000e+00 1.963495408493620871e-03
2.076723643716858021e+02 5.845970798013519631e-09 -2.267988534512204270e-04 0.000000000000000000e+00 1.963495408493620871e-03
2.079341637594841359e+02 5.476433246539934601e-09 -1.143215466045871868e-04 0.000000000000000000e+00 1.963495408493620871e-03
2.080650634533833170e+02 5.295262784287584154e-09 -5.742360598637874118e-05 0.000000000000000000e+00 1.963495408493620871e-03
2.083268628411818497e+02 4.939514983082066165e-09 5.203221070198855037e-05 0.000000000000000000e+00 1.963495408493620871e-03
2.084577625350810308e+02 4.763374334133744863e-09 1.033620324207727356e-04 0.000000000000000000e+00 1.963495408493620871e-03
2.087195619228796488e+02 4.416970815809710879e-09 1.943132852038855136e-04 0.000000000000000000e+00 1.963495408493620871e-03
2.088504616167788299e+02 4.247882959839609648e-09 2.330654211582236577e-04 0.000000000000000000e+00 1.963495408493620871e-03
2.091122610045773058e+02 3.921518385833890765e-09 2.936455317537612340e-04 0.000000000000000000e+00 1.963495408493620871e-03
2.092431606984767711e+02 3.766502999530606741e-09 3.152293371653584449e-04 0.000000000000000000e+00 1.963495408493620871e-03
2.095049600862753039e+02 3.475501151763246108e-09 3.400077712978503757e-04 0.000000000000000000e+00 1.963495408493620871e-03
2.096358597801748260e+02 3.340976581842945833e-09 3.433026181717955183e-04 0.000000000000000000e+00 1.963495408493620871e-03
2.098976591679733872e+02 3.094439180458742771e-09 3.321044441470501424e-04 0.000000000000000000e+00 1.963495408493620871e-03
2.100285588618729093e+02 2.982029726703179569e-09 3.181845700232972286e-04 0.000000000000000000e+00 1.963495408493620871e-03
2.102903582496715558e+02 2.777538152274643013e-09 2.759958346527413607e-04 0.000000000000000000e+00 1.963495408493620871e-03
2.104212579435710211e+02 2.683414637288393521e-09 2.486541642903904365e-04 0.000000000000000000e+00 1.963495408493620871e-03
2.106830573313697528e+02 2.509190563474594197e-09 1.851849817493358735e-04 0.000000000000000000e+00 1.963495408493620871e-03
2.108139570252691612e+02 2.426454565002287567e-09 1.499718517652920240e-04 0.000000000000000000e+00 1.963495408493620871e-03
2.110757564130680350e+02 2.268088144633028022e-09 7.624604314891549950e-05 0.000000000000000000e+00 1.963495408493620871e-03
2.112066561069674435e+02 2.190462784283935181e-09 3.875446195254053975e-05 0.000000000000000000e+00 1.963495408493620871e-03
2.114684554947662889e+02 2.038079644691826033e-09 -3.340166447273056906e-05 0.000000000000000000e+00 1.963495408493620871e-03
2.115993551886656974e+02 1.962641759140273284e-09 -6.723979807027864286e-05 0.000000000000000000e+00 1.963495408493620871e-03
2.118611545764646280e+02 1.814300456520276169e-09 -1.271305595098224360e-04 0.000000000000000000e+00 1.963495408493620871e-03
2.119920542703640933e+02 1.741919608639997860e-09 -1.527196291756680805e-04 0.000000000000000000e+00 1.963495408493620871e-03
2.122538536581629955e+02 1.602315561433843534e-09 -1.933309136949625385e-04 0.000000000000000000e+00 1.963495408493620871e-03
2.123847533520624609e+02 1.536095370471199251e-09 -2.080537771629340047e-04 0.000000000000000000e+00 1.963495408493620871e-03
2.126465527398614483e+02 1.412014150601751817e-09 -2.251365409735779936e-04 0.000000000000000000e+00 1.963495408493620871e-03
2.127774524337608568e+02 1.354818689944437076e-09 -2.276201701150990832e-04 0.000000000000000000e+00 1.963495408493620871e-03
2.130392518215599011e+02 1.250409172223822190e-09 -2.209668380659137702e-04 0.000000000000000000e+00 1.963495408493620871e-03
2.131701515154593665e+02 1.203077665003284513e-09 -2.122486353736458995e-04 0.000000000000000000e+00 1.963495408493620871e-03
2.134319509032583824e+02 1.117560796529876685e-09 -1.857041906473469450e-04 0.000000000000000000e+00 1.963495408493620871e-03
2.135628505971578477e+02 1.078512703804401812e-09 -1.683520244726445904e-04 0.000000000000000000e+00 1.963495408493620871e-03
2.138246499849568920e+02 1.006853253139850524e-09 -1.273841079372216051e-04 0.000000000000000000e+00 1.963495408493620871e-03
2.139555496788563573e+02 9.730992499043142788e-10 -1.044761566888364871e-04 0.000000000000000000e+00 1.963495408493620871e-03
2.142173490666554301e+02 9.089780829112083229e-10 -5.664346467976135065e-05 0.000000000000000000e+00 1.963495408493620871e-03
2.143482487605548954e+02 8.777114265784740224e-10 -3.236695419834198484e-05 0.000000000000000000e+00 1.963495408493620871e-03
2.146100481483539397e+02 8.165493087457142581e-10 1.431347460147946462e-05 0.000000000000000000e+00 1.963495408493620871e-03
2.147409478422534619e+02 7.863029878784460749e-10 3.626961245319204456e-05 0.000000000000000000e+00 1.963495408493620871e-03
2.150027472300524778e+02 7.268369637042388056e-10 7.562261319353052709e-05 0.000000000000000000e+00 1.963495408493620871e-03
2.151336469239520000e+02 6.977809479504046781e-10 9.258758144520804791e-05 0.000000000000000000e+00 1.963495408493620871e-03
2.153954463117511011e+02 6.416282571188406837e-10 1.193668751637441900e-04 0.000000000000000000e+00 1.963495408493620871e-03
2.155263460056506233e+02 6.149152774076036013e-10 1.290475787496549165e-04 0.000000000000000000e+00 1.963495408493620871e-03
2.157881453934496960e+02 5.646983690668860903e-10 1.404566118509360849e-04 0.000000000000000000e+00 1.963495408493620871e-03
2.159190450873492182e+02 5.414734305010956444e-10 1.423096934135789659e-04 0.000000000000000000e+00 1.963495408493620871e-03
2.161808444751483194e+02 4.989140514824748881e-10 1.388119947518667852e-04 0.000000000000000000e+00 1.963495408493620871e-03
2.163117441690478415e+02 4.795377208514068276e-10 1.336101836595951443e-04 0.000000000000000000e+00 1.963495408493620871e-03
2.165735435568468574e+02 4.443591553861311292e-10 1.168965144804779414e-04 0.000000000000000000e+00 1.963495408493620871e-03
2.167044432507464364e+02 4.282165732332504584e-10 1.057762415804543155e-04 0.000000000000000000e+00 1.963495408493620871e-03
2.169662426385455376e+02 3.984492375211892335e-10 7.957515990676686051e-05 0.000000000000000000e+00 1.963495408493620871e-03
2.170971423324451166e+02 3.843717551314323285e-10 6.496498441284649628e-05 0.000000000000000000e+00 1.963495408493620871e-03
2.173589417202442178e+02 3.575222053181161085e-10 3.460789722984281333e-05 0.000000000000000000e+00 1.963495408493620871e-03
2.174898414141437968e+02 3.443927915036395672e-10 1.917826029373156425e-05 0.000000000000000000e+00 1.963495408493620871e-03
2.177516408019428695e+02 3.186575632480581630e-10 -1.091410125577689971e-05 0.000000000000000000e+00 1.963495408493620871e-03
2.178825404958424485e+02 3.059221149827646852e-10 -2.519620428771895081e-05 0.000000000000000000e+00 1.963495408493620871e-03
2.181443398836415497e+02 2.808844786857244337e-10 -5.070976854010967726e-05 0.000000000000000000e+00 1.963495408493620871e-03
2.182752395775411287e+02 2.686605239121132989e-10 -6.166276882476675605e-05 0.000000000000000000e+00 1.963495408493620871e-03
2.185370389653402015e+02 2.450663013158168508e-10 -7.884736196782222398e-05 0.000000000000000000e+00 1.963495408493620871e-03
2.186679386592397805e+02 2.338711866418033777e-10 -8.507426633886275400e-05 0.000000000000000000e+00 1.963495408493620871e-03
2.189297380470388816e+02 2.129011997643343088e-10 -9.277853673049679705e-05 0.000000000000000000e+00 1.963495408493620871e-03
2.190606377409384606e+02 2.032543714542656905e-10 -9.425214449066601893e-05 0.000000000000000000e+00 1.963495408493620871e-03
2.193224371287375334e+02 1.856935801379250575e-10 -9.242727209799871547e-05 0.000000000000000000e+00 1.963495408493620871e-03
2.194533368226371124e+02 1.777680969339697685e-10 -8.922200932610017509e-05 0.000000000000000000e+00 1.963495408493620871e-03
2.197151362104362136e+02 1.635355130612811323e-10 -7.859870015492333249e-05 0.000000000000000000e+00 1.963495408493620871e-03
2.198460359043357926e+02 1.570923419102961838e-10 -7.150051609634609600e-05 0.000000000000000000e+00 1.963495408493620871e-03
2.201078352921348653e+02 1.453864529719146745e-10 -5.501053839603728336e-05 0.000000000000000000e+00 1.963495408493620871e-03
2.202387349860344443e+02 1.399311763736094188e-10 -4.585835969539003030e-05 0.000000000000000000e+00 1.963495408493620871e-03
2.205005343738336023e+02 1.296659887639827865e-10 -2.669808235746485981e-05 0.000000000000000000e+00 1.963495408493620871e-03
2.206314340677331813e+02 1.246964873244320375e-10 -1.687803580074590258e-05 0.000000000000000000e+00 1.963495408493620871e-03
2.208932334555323109e+02 1.150361391590875356e-10 2.489664765949562098e-06 0.000000000000000000e+00 1.963495408493620871e-03
2.210241331494318899e+02 1.102760350444518313e-10 1.173533290757701594e-05 0.000000000000000000e+00 1.963495408493620871e-03
2.212859325372310479e+02 1.009416617784846822e-10 2.814236143397586356e-05 0.000000000000000000e+00 1.963495408493620871e-03
2.214168322311306270e+02 9.638341872924703219e-11 3.515217900179503345e-05 0.000000000000000000e+00 1.963495408493620871e-03
2.216786316189297850e+02 8.757407768615625303e-11 4.617824947884740182e-05 0.000000000000000000e+00 1.963495408493620871e-03
2.218095313128293640e+02 8.338510787131850010e-11 5.022257923857656551e-05 0.000000000000000000e+00 1.963495408493620871e-03
2.220713307006284936e+02 7.551876786872814384e-11 5.548613520241351148e-05 0.000000000000000000e+00 1.963495408493620871e-03
2.222022303945280726e+02 7.188932471310894950e-11 5.666648751753095226e-05 0.000000000000000000e+00 1.963495408493620871e-03
2.224640297823272306e+02 6.525883493856252576e-11 5.596884525819754486e-05 0.000000000000000000e+00 1.963495408493620871e-03
2.225949294762268096e+02 6.225363710289757574e-11 5.413189522569630851e-05 0.000000000000000000e+00 1.963495408493620871e-03
2.228567288640259392e+02 5.683082403985057293e-11 4.764591552282495927e-05 0.000000000000000000e+00 1.963495408493620871e-03
2.229876285579255182e+02 5.436314160303431603e-11 4.323383119258548762e-05 0.000000000000000000e+00 1.963495408493620871e-03
2.232494279457246762e+02 4.985541787021704299e-11 3.301925493502850146e-05 0.000000000000000000e+00 1.963495408493620871e-03
2.233803276396242552e+02 4.774338077786561750e-11 2.738132972361043911e-05 0.000000000000000000e+00 1.963495408493620871e-03
2.236421270274233848e+02 4.374582154095908794e-11 1.570247199910357918e-05 0.000000000000000000e+00 1.963495408493620871e-03
2.237730267213229638e+02 4.180067618559049736e-11 9.730707287548663611e-06 0.000000000000000000e+00 1.963495408493620871e-03
2.240348261091221218e+02 3.800194282370037400e-11 -2.200822628016323688e-06 0.000000000000000000e+00 1.963495408493620871e-03
2.241657258030217008e+02 3.612452032465250480e-11 -7.976149833958939969e-06 0.000000000000000000e+00 1.963495408493620871e-03
2.244275251908208304e+02 3.243695369071244430e-11 -1.840817674988277989e-05 0.000000000000000000e+00 1.963495408493620871e-03
2.245584248847204094e+02 3.063496171103049863e-11 -2.289635647912042528e-05 0.000000000000000000e+00 1.963495408493620871e-03
2.248202242725195674e+02 2.715049641018631587e-11 -2.974296855716289953e-05 0.000000000000000000e+00 1.963495408493620871e-03
2.249511239664191464e+02 2.549320122488971958e-11 -3.213704733159298470e-05 0.000000000000000000e+00 1.963495408493620871e-03
2.252129233542182760e+02 2.238118763432763848e-11 -3.500933605376541178e-05 0.000000000000000000e+00 1.963495408493620871e-03
2.253438230481178550e+02 2.094792999800610373e-11 -3.555384253053113107e-05 0.000000000000000000e+00 1.963495408493620871e-03
2.256056224359170130e+02 1.833737890829938151e-11 -3.512476583151282741e-05 0.000000000000000000e+00 1.963495408493620871e-03
2.257365221298165920e+02 1.716014097063759180e-11 -3.411899204762411023e-05 0.000000000000000000e+00 1.963495408493620871e-03
2.259983215176157501e+02 1.504663331695289940e-11 -3.039621117866986937e-05 0.000000000000000000e+00 1.963495408493620871e-03
2.261292212115153291e+02 1.409033982225906092e-11 -2.772677725245143837e-05 0.000000000000000000e+00 1.963495408493620871e-03
2.263910205993144587e+02 1.235661370553028391e-11 -2.096211505192468308e-05 0.000000000000000000e+00 1.963495408493620871e-03
2.265219202932140377e+02 1.155172656228615698e-11 -1.706358517844072713e-05 0.000000000000000000e+00 1.963495408493620871e-03
2.267837196810131957e+02 1.004776711284457248e-11 -9.020921488336250394e-06 0.000000000000000000e+00 1.963495408493620871e-03
2.269146193749127747e+02 9.325534158519506855e-12 -5.021552574719374530e-06 0.000000000000000000e+00 1.963495408493620871e-03
2.271764187627119043e+02 7.931145999011954871e-12 2.354199777620851204e-06 0.000000000000000000e+00 1.963495408493620871e-03
2.273073184566114833e+02 7.249947780966664339e-12 5.733815526792151828e-06 0.000000000000000000e+00 1.963495408493620871e-03
2.275691178444106413e+02 5.927099724871796195e-12 1.188945541292133710e-05 0.000000000000000000e+00 1.963495408493620871e-03
2.277000175383102203e+02 5.291537254871551694e-12 1.466963151605575562e-05 0.000000000000000000e+00 1.963495408493620871e-03
2.279618169261093499e+02 4.091726966078712342e-12 1.965130390716421014e-05 0.000000000000000000e+00 1.963495408493620871e-03
2.280927166200089289e+02 3.540122412076633619e-12 2.176020456035257923e-05 0.000000000000000000e+00 1.963495408493620871e-03
2.283545160078080869e+02 2.549541439882060930e-12 2.484375224285004778e-05 0.000000000000000000e+00 1.963495408493620871e-03
2.284854157017076659e+02 2.120142243881348621e-12 2.573377170489103531e-05 0.000000000000000000e+00 1.963495408493620871e-03
2.287472150895067955e+02 1.396816304673580946e-12 2.587179160148239936e-05 0.000000000000000000e+00 1.963495408493620871e-03
2.288781147834063745e+02 1.104158200530814465e-12 2.516581852558080781e-05 0.000000000000000000e+00 1.963495408493620871e-03
2.291399141712055325e+02 6.507658976263782912e-13 2.238801228357545933e-05 0.000000000000000000e+00 1.963495408493620871e-03
2.292708138651051115e+02 4.821036823556174021e-13 2.046618873262626145e-05 0.000000000000000000e+00 1.963495408493620871e-03
2.295326132529042411e+02 2.483278739567211769e-13 1.615673923145597853e-05 0.000000000000000000e+00 1.963495408493620871e-03
2.296635129468038201e+02 1.699004563575043979e-13 1.390721546511749459e-05 0.000000000000000000e+00 1.963495408493620871e-03
2.299253123346029781e+02 7.505837332584974470e-14 9.770978636468464413e-06 0.000000000000000000e+00 1.963495408493620871e-03
2.300562120285025571e+02 4.683450987045245105e-14 7.940012521983189469e-06 0.000000000000000000e+00 1.963495408493620871e-03
2.303180114163017151e+02 1.753299918728800356e-14 4.975372683996211491e-06 0.000000000000000000e+00 1.963495408493620871e-03
2.304489111102012942e+02 9.878470321955679768e-15 3.827100965289954801e-06 0.000000000000000000e+00 1.963495408493620871e-03
2.307107104980004237e+02 3.113908370194424281e-15 2.140261947636550551e-06 0.000000000000000000e+00 1.963495408493620871e-03
2.308416101919000027e+02 1.571079433264506388e-15 1.562196169086451596e-06 0.000000000000000000e+00 1.963495408493620871e-03
2.311034095796991608e+02 4.158353403512290466e-16 7.787781541292615853e-07 0.000000000000000000e+00 1.963495408493620871e-03
2.312343092735987398e+02 1.864107185979828300e-16 5.405353992923984541e-07 0.000000000000000000e+00 1.963495408493620871e-03
2.314961086613978694e+02 4.138086277390337055e-17 2.394203211837924471e-07 0.000000000000000000e+00 1.963495408493620871e-03
2.316270083552974484e+02 1.634597322658694756e-17 1.583003008766463947e-07 0.000000000000000000e+00 1.963495408493620871e-03
2.318888077430966064e+02 3.040430951591144469e-18 6.194450961534253838e-08 0.000000000000000000e+00 1.963495408493620871e-03
2.320197074369961854e+02 1.048569738160250801e-18 3.907204946013063063e-08 0.000000000000000000e+00 1.963495408493620871e-03
2.322815068247953150e+02 1.630979478267240496e-19 1.339124329646217704e-08 0.000000000000000000e+00 1.963495408493620871e-03
2.324124065186948940e+02 4.861009451672387718e-20 8.067506777411004213e-09 0.000000000000000000e+00 1.963495408493620871e-03
2.326742059064940520e+02 6.293538940127909651e-21 2.391804822520844826e-09 0.000000000000000000e+00 1.963495408493620871e-03
2.328051056003936310e+02 1.604049754678259418e-21 1.377550489431685535e-09 0.000000000000000000e+00 1.963495408493620871e-03
2.330669049881927606e+02 1.711828844104676334e-22 3.470795229699787926e-10 0.000000000000000000e+00 1.963495408493620871e-03
2.331978046820923396e+02 3.697192696884584488e-23 1.912456234793410825e-10 0.000000000000000000e+00 1.963495408493620871e-03
2.334596040698914976e+02 3.189987863151210439e-24 3.991192750713638333e-11 0.000000000000000000e+00 1.963495408493620871e-03
2.335905037637910766e+02 5.812641115763190465e-25 2.105146513990468572e-11 0.000000000000000000e+00 1.963495408493620871e-03
2.338523031515902062e+02 3.908609170200006871e-26 3.500648100672414379e-12 0.000000000000000000e+00 1.963495408493620871e-03
2.339832028454897852e+02 6.040497461108744258e-27 1.768096480260528911e-12 0.000000000000000000e+00 1.963495408493620871e-03
2.342450022332889432e+02 2.959177980056704457e-28 2.199192442173313266e-13 0.000000000000000000e+00 1.963495408493620871e-03
2.343759019271885222e+02 3.958522673994766848e-29 1.063849465223331944e-13 0.000000000000000000e+00 1.963495408493620871e-03
2.346377013149876802e+02 1.251877592817674280e-30 8.790263532332091678e-15 0.000000000000000000e+00 1.963495408493620871e-03
2.347686010088872592e+02 1.504471674380677011e-31 4.072366233430729486e-15 0.000000000000000000e+00 1.963495408493620871e-03
2.350304003966863888e+02 2.464150415145964313e-33 1.654120123307035396e-16 0.000000000000000000e+00 1.963495408493620871e-03
2.351613000905859678e+02 2.788179327813698644e-34 7.332472934192292688e-17 0.000000000000000000e+00 1.963495408493620871e-03
2.354230994783851258e+02 1.462975767499148876e-36 -1.916246696736006340e-19 0.000000000000000000e+00 1.963495408493620871e-03
2.355539991722847049e+02 1.623925741928999489e-37 -8.505862199677055212e-20 0.000000000000000000e+00 1.963495408493620871e-03
2.358157985600838344e+02 -5.121205014810859384e-41 1.078623530919954938e-22 0.000000000000000000e+00 1.963495408493620871e-03
2.359466982539834135e+02 -5.686537887722720681e-42 4.789888162159034582e-23 0.000000000000000000e+00 1.963495408493620871e-03
2.362084976417825715e+02 8.204314338614175824e-46 -3.993222120038335839e-26 0.000000000000000000e+00 1.963495408493620871e-03
2.363393973356821505e+02 9.109934762046444281e-47 -1.773668128013704928e-26 0.000000000000000000e+00 1.963495408493620871e-03
2.366011967234812801e+02 -1.343346048871774804e-50 1.097046382668317299e-29 0.000000000000000000e+00 1.963495408493620871e-03
2.367320964173808591e+02 -1.491629364434828585e-51 4.873373518216398567e-30 0.000000000000000000e+00 1.963495408493620871e-03
2.369938958051800171e+02 2.198855785749244810e-55 -2.387801083661866711e-33 0.000000000000000000e+00 1.963495408493620871e-03
2.371247954990795961e+02 2.441573364500865907e-56 -1.060815804952168832e-33 0.000000000000000000e+00 1.963495408493620871e-03
2.373865948868787257e+02 -3.599076125613255003e-60 4.290629106673178195e-37 0.000000000000000000e+00 1.963495408493620871e-03
2.375174945807783047e+02 -3.996355134638174840e-61 1.906291428190988805e-37 0.000000000000000000e+00 1.963495408493620871e-03
2.377792939685774627e+02 5.890740416238036767e-65 -6.547644291526467271e-41 0.000000000000000000e+00 1.963495408493620871e-03
2.379101936624770417e+02 6.540981751967997162e-66 -2.909197753923758126e-41 0.000000000000000000e+00 1.963495408493620871e-03
2.381719930502761713e+02 -9.641246510672993462e-70 8.662859051890951278e-45 0.000000000000000000e+00 1.963495408493620871e-03
2.383028927441757503e+02 -1.070548259262194344e-70 3.849150037314797416e-45 0.000000000000000000e+00 1.963495408493620871e-03
2.385646921319749083e+02 1.577904867831650498e-74 -1.009448059199504656e-48 0.000000000000000000e+00 1.963495408493620871e-03
2.386955918258744873e+02 1.752079824871343203e-75 -4.485386837203478888e-49 0.000000000000000000e+00 1.963495408493620871e-03
2.389573912136736453e+02 -2.582335391583360478e-79 1.048894197532595579e-52 0.000000000000000000e+00 1.963495408493620871e-03
2.390882909075732243e+02 -2.867383162045640570e-80 4.660770290207110168e-53 0.000000000000000000e+00 1.963495408493620871e-03
2.393500902953723539e+02 4.225990876087041932e-84 -9.816246639657495246e-57 0.000000000000000000e+00 1.963495408493620871e-03
2.394809899892719329e+02 4.692471556549363070e-85 -4.361941967287948996e-57 0.000000000000000000e+00 1.963495408493620871e-03
2.397427893770710909e+02 -6.915576827642375183e-89 8.342593706764867862e-61 0.000000000000000000e+00 1.963495408493620871e-03
2.398736890709706699e+02 -7.678944253439989130e-90 3.707171058021768903e-61 0.000000000000000000e+00 1.963495408493620871e-03
2.401354884587697995e+02 1.131649882465162907e-93 -6.483260118655827046e-65 0.000000000000000000e+00 1.963495408493620871e-03
2.402663881526693785e+02 1.256565691092385669e-94 -2.880985503825449861e-65 0.000000000000000000e+00 1.963495408493620871e-03
2.405281875404685366e+02 -1.851737572812170765e-98 4.634105796521424714e-69 0.000000000000000000e+00 1.963495408493620871e-03
2.406590872343681156e+02 -2.056139444447525352e-99 2.059296360267940063e-69 0.000000000000000000e+00 1.963495408493620871e-03
2.409208866221672452e+02 3.029914289723127911e-103 -3.061992650735675913e-73 0.000000000000000000e+00 1.963495408493620871e-03
2.410517863160668242e+02 3.364367895183277662e-104 -1.360697765657472085e-73 0.000000000000000000e+00 1.963495408493620871e-03
2.413135857038659822e+02 -4.957522098414953887e-108 1.878473438282705198e-77 0.000000000000000000e+00 1.963495408493620871e-03
2.414444853977655612e+02 -5.504752614610923660e-109 8.347696723120670246e-78 0.000000000000000000e+00 1.963495408493620871e-03
2.417062847855646908e+02 8.111146489127209891e-113 -1.074062638459594343e-81 0.000000000000000000e+00 1.963495408493620871e-03
2.418371844794642698e+02 9.006486525581334751e-114 -4.773037395288780622e-82 0.000000000000000000e+00 1.963495408493620871e-03
2.420989838672634278e+02 -1.327036778081352045e-117 5.743055933658851413e-86 0.000000000000000000e+00 1.963495408493620871e-03
2.422298835611630068e+02 -1.473520319659596728e-118 2.552181255891147718e-86 0.000000000000000000e+00 1.963495408493620871e-03
2.424916829489621648e+02 2.171034159094150937e-122 -2.880358796547253556e-90 0.000000000000000000e+00 1.963495408493620871e-03
2.426225826428617438e+02 2.410681515196931046e-123 -1.280023596332492271e-90 0.000000000000000000e+00 1.963495408493620871e-03
2.428843820306608734e+02 -3.551674765433538421e-127 1.358634289052436007e-94 0.000000000000000000e+00 1.963495408493620871e-03
2.430152817245604524e+02 -3.943722807267815286e-128 6.037770431729763126e-95 0.000000000000000000e+00 1.963495408493620871e-03
2.432770811123596104e+02 5.810083953264813475e-132 -6.041637167496867213e-99 0.000000000000000000e+00 1.963495408493620871e-03
2.434079808062591894e+02 6.451424388620381082e-133 -2.684918234735719840e-99 0.000000000000000000e+00 1.963495408493620871e-03
2.436697801940583190e+02 -9.504169177117980305e-137 2.538307329907549749e-103 0.000000000000000000e+00 1.963495408493620871e-03
2.438006798879578980e+02 -1.055327787780841553e-137 1.128035633592153801e-103 0.000000000000000000e+00 1.963495408493620871e-03
2.440624792757570560e+02 1.554634443329193134e-141 -1.009540929482570975e-107 0.000000000000000000e+00 1.963495408493620871e-03
2.441933789696566350e+02 1.726241338195607299e-142 -4.486467787895197728e-108 0.000000000000000000e+00 1.963495408493620871e-03
2.444551783574557646e+02 -2.542872766437910260e-146 3.807754555221163285e-112 0.000000000000000000e+00 1.963495408493620871e-03
2.445860780513553436e+02 -2.823565517145821404e-147 1.692198931184571264e-112 0.000000000000000000e+00 1.963495408493620871e-03
2.448478774391545016e+02 4.159135148266020215e-151 -1.364225581331612932e-116 0.000000000000000000e+00 1.963495408493620871e-03
2.449787771330540807e+02 4.618237711847790975e-152 -6.062759825322692790e-117 0.000000000000000000e+00 1.963495408493620871e-03
2.452405765208532102e+02 -6.802418188286234819e-156 4.649671755573665769e-121 0.000000000000000000e+00 1.963495408493620871e-03
2.453714762147527892e+02 -7.553297489629405932e-157 2.066369813181405160e-121 0.000000000000000000e+00 1.963495408493620871e-03
2.456332756025519473e+02 1.112513647059472246e-160 -1.509629177048988735e-125 0.000000000000000000e+00 1.963495408493620871e-03
2.457641752964515263e+02 1.235317579511290380e-161 -6.708995503669563579e-126 0.000000000000000000e+00 1.963495408493620871e-03
2.460259746842506559e+02 -1.819403064379991672e-165 4.674931477858063062e-130 0.000000000000000000e+00 1.963495408493620871e-03
2.461568743781502349e+02 -2.020236478597746615e-166 2.077609078248759552e-130 0.000000000000000000e+00 1.963495408493620871e-03
2.464186737659493929e+02 2.975321345495048429e-170 -1.382417698354711512e-134 0.000000000000000000e+00 1.963495408493620871e-03
2.465495734598489719e+02 3.303750007736376950e-171 -6.143687875941144612e-135 0.000000000000000000e+00 1.963495408493620871e-03
2.468113728476481299e+02 -4.865416670004739871e-175 3.907740168963822979e-139 0.000000000000000000e+00 1.963495408493620871e-03
2.469422725415477089e+02 -5.402482271457952471e-176 1.736667709010542543e-139 0.000000000000000000e+00 1.963495408493620871e-03
2.472040719293468385e+02 7.955861687137936526e-180 -1.056969837154453194e-143 0.000000000000000000e+00 1.963495408493620871e-03
2.473349716232464175e+02 8.834064146060076020e-181 -4.697369906565760610e-144 0.000000000000000000e+00 1.963495408493620871e-03
2.475967710110455755e+02 -1.300874052081851633e-184 2.738080764824804828e-148 0.000000000000000000e+00 1.963495408493620871e-03
2.477276707049451545e+02 -1.444470204364828530e-185 1.216856793130807892e-148 0.000000000000000000e+00 1.963495408493620871e-03
2.479894700927442841e+02 2.126982576863595014e-189 -6.798979599669856465e-153 0.000000000000000000e+00 1.963495408493620871e-03
2.481203697866438631e+02 2.361768261136986305e-190 -3.021606752274305395e-153 0.000000000000000000e+00 1.963495408493620871e-03
2.483821691744430211e+02 -3.477547556521318602e-194 1.619553976230457131e-157 0.000000000000000000e+00 1.963495408493620871e-03
2.485130688683426001e+02 -3.861414653387318729e-195 7.197647310796806668e-158 0.000000000000000000e+00 1.963495408493620871e-03
2.487748682561417297e+02 5.685419220282425511e-199 -3.703541057325006148e-162 0.000000000000000000e+00 1.963495408493620871e-03
2.489057679500413087e+02 6.313001156799086568e-200 -1.645936887817151061e-162 0.000000000000000000e+00 1.963495408493620871e-03
2.491675673378404667e+02 -9.294627330234289974e-204 8.135835552387444355e-167 0.000000000000000000e+00 1.963495408493620871e-03
2.492984670317400457e+02 -1.032061007187045510e-204 3.615755109254378832e-167 0.000000000000000000e+00 1.963495408493620871e-03
2.495602664195391753e+02 1.519432250645706730e-208 -1.717998157942186043e-171 0.000000000000000000e+00 1.963495408493620871e-03
2.496911661134387543e+02 1.687154063620276815e-209 -7.635198437964984858e-172 0.000000000000000000e+00 1.963495408493620871e-03
2.499529655012379123e+02 -2.483764209705238479e-213 3.489246040390534731e-176 0.000000000000000000e+00 1.963495408493620871e-03
2.500838651951374914e+02 -2.757933436924595590e-214 1.550707820073285352e-176 0.000000000000000000e+00 1.963495408493620871e-03
2.503456645829366209e+02 4.059932801711630689e-218 -6.819673713339602673e-181 0.000000000000000000e+00 1.963495408493620871e-03
2.504765642768362000e+02 4.508086851380413608e-219 -3.030837760287809208e-181 0.000000000000000000e+00 1.963495408493620871e-03
2.507383636646353580e+02 -6.636002923847832245e-223 1.283324616526636857e-185 0.000000000000000000e+00 1.963495408493620871e-03
2.508692633585349370e+02 -7.368515670876630159e-224 5.703432335883046761e-186 0.000000000000000000e+00 1.963495408493620871e-03
2.511310627463340950e+02 1.084609282673030468e-227 -2.326228448690560394e-190 0.000000000000000000e+00 1.963495408493620871e-03
2.512619624402336740e+02 1.204333518699461810e-228 -1.033838675113517616e-190 0.000000000000000000e+00 1.963495408493620871e-03
2.515237618280328036e+02 -1.772633156666437894e-232 4.063480722542956752e-195 0.000000000000000000e+00 1.963495408493620871e-03
2.516546615219323826e+02 -1.968304743410428240e-233 1.805923001163686792e-195 0.000000000000000000e+00 1.963495408493620871e-03
2.519164609097315406e+02 2.896963320185724795e-237 -6.843008952147165192e-200 0.000000000000000000e+00 1.963495408493620871e-03
2.520473606036311196e+02 3.216743864442716695e-238 -3.041226173466712319e-200 0.000000000000000000e+00 1.963495408493620871e-03
2.523091599914302492e+02 -4.734187671978765106e-242 1.111370504779052676e-204 0.000000000000000000e+00 1.963495408493620871e-03
2.524400596853298282e+02 -5.256769922834567168e-243 4.939250330502123175e-205 0.000000000000000000e+00 1.963495408493620871e-03
2.527018590731289862e+02 7.736170880053781972e-247 -1.741328415312020456e-209 0.000000000000000000e+00 1.963495408493620871e-03
2.528327587670285652e+02 8.590126664495208458e-248 -7.738974099819420285e-210 0.000000000000000000e+00 1.963495408493620871e-03
2.530945581548276948e+02 -1.264108954730289210e-251 2.632981502989673821e-214 0.000000000000000000e+00 1.963495408493620871e-03
2.532254578487272738e+02 -1.403647434006089881e-252 1.170175569637866063e-214 0.000000000000000000e+00 1.963495408493620871e-03
2.534872572365264318e+02 2.065478059942398053e-256 -3.843120928939556066e-219 0.000000000000000000e+00 1.963495408493620871e-03
2.536181569304260108e+02 2.293475627066459336e-257 -1.707999582590337299e-219 0.000000000000000000e+00 1.963495408493620871e-03
2.538799563182251404e+02 -3.374691198723236272e-261 5.416294949971730376e-224 0.000000000000000000e+00 1.963495408493620871e-03
2.540108560121247194e+02 -3.747206242449892616e-262 2.407168475789433704e-224 0.000000000000000000e+00 1.963495408493620871e-03
2.542726553999238774e+02 5.513464854480755988e-266 -7.372333606553085348e-229 0.000000000000000000e+00 1.963495408493620871e-03
2.544035550938234564e+02 6.122068486762124058e-267 -3.276495777089784623e-229 0.000000000000000000e+00 1.963495408493620871e-03
2.546653544816225860e+02 -9.007246339639220082e-271 9.693583878577902345e-234 0.000000000000000000e+00 1.963495408493620871e-03
2.547962541755221650e+02 -1.000151127604673638e-271 4.308136353473554971e-234 0.000000000000000000e+00 1.963495408493620871e-03
2.550580535633213231e+02 1.471417993265966915e-275 -1.231467722976592244e-238 0.000000000000000000e+00 1.963495408493620871e-03
2.551889532572209021e+02 1.633840534748555926e-276 -5.473038698400254548e-239 0.000000000000000000e+00 1.963495408493620871e-03
2.554507526450200317e+02 -2.403567953637852538e-280 1.511799006286369341e-243 0.000000000000000000e+00 1.963495408493620871e-03
2.555816523389196107e+02 -2.668886006768676814e-281 6.718927318012296950e-244 0.000000000000000000e+00 1.963495408493620871e-03
2.558434517267188255e+02 3.926022556431699010e-285 -1.793747643691041678e-248 0.000000000000000000e+00 1.963495408493620871e-03
2.559743514206184045e+02 4.359397049570778474e-286 -7.972006026133957595e-249 0.000000000000000000e+00 1.963495408493620871e-03
2.562361508084175057e+02 -6.412463934018805204e-290 2.057215747551066507e-253 0.000000000000000000e+00 1.963495408493620871e-03
2.563670505023170563e+02 -7.120304833983867524e-291 9.142953013584028616e-254 0.000000000000000000e+00 1.963495408493620871e-03
2.566288498901162143e+02 1.047303489918162621e-294 -2.280844718175075521e-258 0.000000000000000000e+00 1.963495408493620871e-03
2.567597495840157649e+02 1.162910303643261361e-295 -1.013684315227429524e-258 0.000000000000000000e+00 1.963495408493620871e-03
2.570215489718149229e+02 -1.710390755273410331e-299 2.444818071429625864e-263 0.000000000000000000e+00 1.963495408493620871e-03
2.571524486657144735e+02 -1.899192666645207517e-300 1.086560471936026517e-263 0.000000000000000000e+00 1.963495408493620871e-03
2.574142480535136883e+02 2.793141919279339496e-304 -2.533736293221049315e-268 0.000000000000000000e+00 1.963495408493620871e-03
2.575451477474132389e+02 3.101463707486996986e-305 -1.126079629088910283e-268 0.000000000000000000e+00 1.963495408493620871e-03
2.578069471352123969e+02 -4.561054154669027461e-309 2.538990202130565114e-273 0.000000000000000000e+00 1.963495408493620871e-03
2.579378468291119475e+02 -5.064527648690535459e-310 1.128415488346433832e-273 0.000000000000000000e+00 1.963495408493620871e-03
2.581996462169111055e+02 7.447520429089778421e-314 -2.460128474554582308e-278 0.000000000000000000e+00 1.963495408493620871e-03
2.583305459108106561e+02 8.269617796490924641e-315 -1.093367383751105315e-278 0.000000000000000000e+00 1.963495408493620871e-03
2.585923452986098141e+02 -1.215994367544475995e-318 2.304919902721884851e-283 0.000000000000000000e+00 1.963495408493620871e-03
2.587232449925093647e+02 -1.350281410084126805e-319 1.024387964503062339e-283 0.000000000000000000e+00 1.963495408493620871e-03
2.589850443803085795e+02 1.976262583364986177e-323 -2.088098887257525935e-288 0.000000000000000000e+00 1.963495408493620871e-03
2.591159440742081301e+02 0.000000000000000000e+00 -9.280256590229954196e-289 0.000000000000000000e+00 1.963495408493620871e-03
2.593777434620072881e+02 0.000000000000000000e+00 1.829073175163008719e-293 0.000000000000000000e+00 1.963495408493620871e-03
2.595086431559068387e+02 0.000000000000000000e+00 8.129059202224660905e-294 0.000000000000000000e+00 1.963495408493620871e-03
2.597704425437059967e+02 0.000000000000000000e+00 -1.549084853109280020e-298 0.000000000000000000e+00 1.963495408493620871e-03
2.599013422376055473e+02 0.000000000000000000e+00 -6.884694729026147823e-299 0.000000000000000000e+00 1.963495408493620871e-03
2.601631416254047622e+02 0.000000000000000000e+00 1.268394583333848751e-303 0.000000000000000000e+00 1.963495408493620871e-03
2.602940413193043128e+02 0.000000000000000000e+00 5.637208859194943516e-304 0.000000000000000000e+00 1.963495408493620871e-03
2.605558407071034708e+02 0.000000000000000000e+00 -1.003993850635026424e-308 0.000000000000000000e+00 1.963495408493620871e-03
2.606867404010030214e+02 0.000000000000000000e+00 -4.462118073899729444e-309 0.000000000000000000e+00 1.963495408493620871e-03
2.609485397888021794e+02 0.000000000000000000e+00 7.681730758398833488e-314 0.000000000000000000e+00 1.963495408493620871e-03
2.610794394827017300e+02 0.000000000000000000e+00 3.414045754475013122e-314 0.000000000000000000e+00 1.963495408493620871e-03
2.613412388705008880e+02 0.000000000000000000e+00 -5.680470356495148017e-319 0.000000000000000000e+00 1.963495408493620871e-03
2.614721385644004386e+02 0.000000000000000000e+00 -2.524675450248769841e-319 0.000000000000000000e+00 1.963495408493620871e-03
2.617339379521996534e+02 0.000000000000000000e+00 0.000000000000000000e+00 0.000000000000000000e+00 1.963495408493620871e-03
2.618648376460992040e+02 0.000000000000000000e+00 0.000000000000000000e+00 0.000000000000000000e+00 1.963495408493620871e-03
2.621266370338983620e+02 0.000000000000000000e+00 0.000000000000000000e+00 0.000000000000000000e+00 1.963495408493620871e-03
2.622575367277979126e+02 0.000000000000000000e+00 0.000000000000000000e+00 0.000000000000000000e+00 1.963495408493620871e-03
2.625193361155970706e+02 0.000000000000000000e+00 0.000000000000000000e+00 0.000000000000000000e+00 1.963495408493620871e-03
2.626502358094966212e+02 0.000000000000000000e+00 0.000000000000000000e+00 0.000000000000000000e+00 1.963495408493620871e-03
2.629120351972957792e+02 0.000000000000000000e+00 0.000000000000000000e+00 0.000000000000000000e+00 1.963495408493620871e-03
2.630429348911953298e+02 0.000000000000000000e+00 0.000000000000000000e+00 0.000000000000000000e+00 1.963495408493620871e-03
2.633047342789945446e+02 0.000000000000000000e+00 0.000000000000000000e+00 0.000000000000000000e+00 1.963495408493620871e-03
2.634356339728940952e+02 0.000000000000000000e+00 0.000000000000000000e+00 0.000000000000000000e+00 1.963495408493620871e-03
2.636974333606932532e+02 0.000000000000000000e+00 0.000000000000000000e+00 0.000000000000000000e+00 1.963495408493620871e-03
2.638283330545928038e+02 0.000000000000000000e+00 0.000000000000000000e+00 0.000000000000000000e+00 1.963495408493620871e-03
2.640901324423919618e+02 0.000000000000000000e+00 0.000000000000000000e+00 0.000000000000000000e+00 1.963495408493620871e-03
2.642210321362915124e+02 0.000000000000000000e+00 0.000000000000000000e+00 0.000000000000000000e+00 1.963495408493620871e-03
2.644828315240907273e+02 0.000000000000000000e+00 0.000000000000000000e+00 0.000000000000000000e+00 1.963495408493620871e-03
2.646137312179902779e+02 0.000000000000000000e+00 0.000000000000000000e+00 0.000000000000000000e+00 1.963495408493620871e-03
2.648755306057894359e+02 0.000000000000000000e+00 0.000000000000000000e+00 0.000000000000000000e+00 1.963495408493620871e-03
2.650064302996889865e+02 0.000000000000000000e+00 0.000000000000000000e+00 0.000000000000000000e+00 1.963495408493620871e-03
2.652682296874881445e+02 0.000000000000000000e+00 0.000000000000000000e+00 0.000000000000000000e+00 1.963495408493620871e-03
2.653991293813876950e+02 0.000000000000000000e+00 0.000000000000000000e+00 0.000000000000000000e+00 1.963495408493620871e-03
2.656609287691868531e+02 0.000000000000000000e+00 0.000000000000000000e+00 0.000000000000000000e+00 1.963495408493620871e-03
2.657918284630864036e+02 0.000000000000000000e+00 0.000000000000000000e+00 0.000000000000000000e+00 1.963495408493620871e-03
2.660536278508856185e+02 0.000000000000000000e+00 0.000000000000000000e+00 0.000000000000000000e+00 1.963495408493620871e-03
2.661845275447851691e+02 0.000000000000000000e+00 0.000000000000000000e+00 0.000000000000000000e+00 1.963495408493620871e-03
2.664463269325843271e+02 0.000000000000000000e+00 0.000000000000000000e+00 0.000000000000000000e+00 1.963495408493620871e-03
2.665772266264838777e+02 0.000000000000000000e+00 0.000000000000000000e+00 0.000000000000000000e+00 1.963495408493620871e-03
2.668390260142830357e+02 0.000000000000000000e+00 0.000000000000000000e+00 0.000000000000000000e+00 1.963495408493620871e-03
2.669699257081825863e+02 0.000000000000000000e+00 0.000000000000000000e+00 0.000000000000000000e+00 1.963495408493620871e-03
2.672317250959817443e+02 0.000000000000000000e+00 0.000000000000000000e+00 0.000000000000000000e+00 1.963495408493620871e-03
2.673626247898812949e+02 0.000000000000000000e+00 0.000000000000000000e+00 0.000000000000000000e+00 1.963495408493620871e-03
2.676244241776805097e+02 0.000000000000000000e+00 0.000000000000000000e+00 0.000000000000000000e+00 1.963495408493620871e-03
2.677553238715800603e+02 0.000000000000000000e+00 0.000000000000000000e+00 0.000000000000000000e+00 1.963495408493620871e-03
2.680171232593792183e+02 0.000000000000000000e+00 0.000000000000000000e+00 0.000000000000000000e+00 1.963495408493620871e-03
2.681480229532787689e+02 0.000000000000000000e+00 0.000000000000000000e+00 0.000000000000000000e+00 1.963495408493620871e-03
2.684098223410779269e+02 0.000000000000000000e+00 0.000000000000000000e+00 0.000000000000000000e+00 1.963495408493620871e-03
2.685407220349774775e+02 0.000000000000000000e+00 0.000000000000000000e+00 0.000000000000000000e+00 1.963495408493620871e-03
2.688025214227766924e+02 0.000000000000000000e+00 0.000000000000000000e+00 0.000000000000000000e+00 1.963495408493620871e-03
2.689334211166762429e+02 0.000000000000000000e+00 0.000000000000000000e+00 0.000000000000000000e+00 1.963495408493620871e-03
2.691952205044754010e+02 0.000000000000000000e+00 0.000000000000000000e+00 0.000000000000000000e+00 1.963495408493620871e-03
2.693261201983749515e+02 0.000000000000000000e+00 0.000000000000000000e+00 0.000000000000000000e+00 1.963495408493620871e-03
2.695879195861741096e+02 0.000000000000000000e+00 0.000000000000000000e+00 0.000000000000000000e+00 1.963495408493620871e-03
2.697188192800736601e+02 0.000000000000000000e+00 0.000000000000000000e+00 0.000000000000000000e+00 1.963495408493620871e-03
2.699806186678728182e+02 0.000000000000000000e+00 0.000000000000000000e+00 0.000000000000000000e+00 1.963495408493620871e-03
2.701115183617723687e+02 0.000000000000000000e+00 0.000000000000000000e+00 0.000000000000000000e+00 1.963495408493620871e-03
2.703733177495715836e+02 0.000000000000000000e+00 0.000000000000000000e+00 0.000000000000000000e+00 1.963495408493620871e-03
2.705042174434711342e+02 0.000000000000000000e+00 0.000000000000000000e+00 0.000000000000000000e+00 1.963495408493620871e-03
2.707660168312702922e+02 0.000000000000000000e+00 0.000000000000000000e+00 0.000000000000000000e+00 1.963495408493620871e-03
2.708969165251698428e+02 0.000000000000000000e+00 0.000000000000000000e+00 0.000000000000000000e+00 1.963495408493620871e-03
2.711587159129690008e+02 0.000000000000000000e+00 0.000000000000000000e+00 0.000000000000000000e+00 1.963495408493620871e-03
2.712896156068685514e+02 0.000000000000000000e+00 0.000000000000000000e+00 0.000000000000000000e+00 1.963495408493620871e-03
2.715514149946677094e+02 0.000000000000000000e+00 0.000000000000000000e+00 0.000000000000000000e+00 1.963495408493620871e-03
2.716823146885672600e+02 0.000000000000000000e+00 0.000000000000000000e+00 0.000000000000000000e+00 1.963495408493620871e-03
2.719441140763664748e+02 0.000000000000000000e+00 0.000000000000000000e+00 0.000000000000000000e+00 1.963495408493620871e-03
2.720750137702660254e+02 0.000000000000000000e+00 0.000000000000000000e+00 0.000000000000000000e+00 1.963495408493620871e-03
2.723368131580651834e+02 0.000000000000000000e+00 0.000000000000000000e+00 0.000000000000000000e+00 1.963495408493620871e-03
2.724677128519647340e+02 0.000000000000000000e+00 0.000000000000000000e+00 0.000000000000000000e+00 1.963495408493620871e-03
2.727295122397638920e+02 0.000000000000000000e+00 0.000000000000000000e+00 0.000000000000000000e+00 1.963495408493620871e-03
2.728604119336634426e+02 0.000000000000000000e+00 0.000000000000000000e+00 0.000000000000000000e+00 1.963495408493620871e-03
2.731222113214626575e+02 0.000000000000000000e+00 0.000000000000000000e+00 0.000000000000000000e+00 1.963495408493620871e-03
2.732531110153622080e+02 0.000000000000000000e+00 0.000000000000000000e+00 0.000000000000000000e+00 1.963495408493620871e-03
2.735149104031613660e+02 0.000000000000000000e+00 0.000000000000000000e+00 0.000000000000000000e+00 1.963495408493620871e-03
2.736458100970609166e+02 0.000000000000000000e+00 0.000000000000000000e+00 0.000000000000000000e+00 1.963495408493620871e-03
2.739076094848600746e+02 0.000000000000000000e+00 0.000000000000000000e+00 0.000000000000000000e+00 1.963495408493620871e-03
2.740385091787596252e+02 0.000000000000000000e+00 0.000000000000000000e+00 0.000000000000000000e+00 1.963495408493620871e-03
2.743003085665587832e+02 0.000000000000000000e+00 0.000000000000000000e+00 0.000000000000000000e+00 1.963495408493620871e-03
2.744312082604583338e+02 0.000000000000000000e+00 0.000000000000000000e+00 0.000000000000000000e+00 1.963495408493620871e-03
2.746930076482575487e+02 0.000000000000000000e+00 0.000000000000000000e+00 0.000000000000000000e+00 1.963495408493620871e-03
2.748239073421570993e+02 0.000000000000000000e+00 0.000000000000000000e+00 0.000000000000000000e+00 1.963495408493620871e-03
2.750857067299562573e+02 0.000000000000000000e+00 0.000000000000000000e+00 0.000000000000000000e+00 1.963495408493620871e-03
2.752166064238558079e+02 0.000000000000000000e+00 0.000000000000000000e+00 0.000000000000000000e+00 1.963495408493620871e-03
2.754784058116549659e+02 0.000000000000000000e+00 0.000000000000000000e+00 0.000000000000000000e+00 1.963495408493620871e-03
2.756093055055545165e+02 0.000000000000000000e+00 0.000000000000000000e+00 0.000000000000000000e+00 1.963495408493620871e-03
2.758711048933536745e+02 0.000000000000000000e+00 0.000000000000000000e+00 0.000000000000000000e+00 1.963495408493620871e-03
2.760020045872532251e+02 0.000000000000000000e+00 0.000000000000000000e+00 0.000000000000000000e+00 1.963495408493620871e-03
2.762638039750524399e+02 0.000000000000000000e+00 0.000000000000000000e+00 0.000000000000000000e+00 1.963495408493620871e-03
2.763947036689519905e+02 0.000000000000000000e+00 0.000000000000000000e+00 0.000000000000000000e+00 1.963495408493620871e-03
2.766565030567511485e+02 0.000000000000000000e+00 0.000000000000000000e+00 0.000000000000000000e+00 1.963495408493620871e-03
2.767874027506506991e+02 0.000000000000000000e+00 0.000000000000000000e+00 0.000000000000000000e+00 1.963495408493620871e-03
2.770492021384498571e+02 0.000000000000000000e+00 0.000000000000000000e+00 0.000000000000000000e+00 1.963495408493620871e-03
2.771801018323494077e+02 0.000000000000000000e+00 0.000000000000000000e+00 0.000000000000000000e+00 1.963495408493620871e-03
2.774419012201486225e+02 0.000000000000000000e+00 0.000000000000000000e+00 0.000000000000000000e+00 1.963495408493620871e-03
2.775728009140481731e+02 0.000000000000000000e+00 0.000000000000000000e+00 0.000000000000000000e+00 1.963495408493620871e-03
2.778346003018473311e+02 0.000000000000000000e+00 0.000000000000000000e+00 0.000000000000000000e+00 1.963495408493620871e-03
2.779654999957468817e+02 0.000000000000000000e+00 0.000000000000000000e+00 0.000000000000000000e+00 1.963495408493620871e-03
2.782272993835460397e+02 0.000000000000000000e+00 0.000000000000000000e+00 0.000000000000000000e+00 1.963495408493620871e-03
2.783581990774455903e+02 0.000000000000000000e+00 0.000000000000000000e+00 0.000000000000000000e+00 1.963495408493620871e-03
2.786199984652447483e+02 0.000000000000000000e+00 0.000000000000000000e+00 0.000000000000000000e+00 1.963495408493620871e-03
2.787508981591442989e+02 0.000000000000000000e+00 0.000000000000000000e+00 0.000000000000000000e+00 1.963495408493620871e-03
2.790126975469435138e+02 0.000000000000000000e+00 0.000000000000000000e+00 0.000000000000000000e+00 1.963495408493620871e-03
2.791435972408430644e+02 0.000000000000000000e+00 0.000000000000000000e+00 0.000000000000000000e+00 1.963495408493620871e-03
2.794053966286422224e+02 0.000000000000000000e+00 0.000000000000000000e+00 0.000000000000000000e+00 1.963495408493620871e-03
2.795362963225417730e+02 0.000000000000000000e+00 0.000000000000000000e+00 0.000000000000000000e+00 1.963495408493620871e-03
2.797980957103409310e+02 0.000000000000000000e+00 0.000000000000000000e+00 0.000000000000000000e+00 1.963495408493620871e-03
2.799289954042404815e+02 0.000000000000000000e+00 0.000000000000000000e+00 0.000000000000000000e+00 1.963495408493620871e-03
2.801907947920396964e+02 0.000000000000000000e+00 0.000000000000000000e+00 0.000000000000000000e+00 1.963495408493620871e-03
2.803216944859392470e+02 0.000000000000000000e+00 0.000000000000000000e+00 0.000000000000000000e+00 1.963495408493620871e-03
2.805834938737384050e+02 0.000000000000000000e+00 0.000000000000000000e+00 0.000000000000000000e+00 1.963495408493620871e-03
2.807143935676379556e+02 0.000000000000000000e+00 0.000000000000000000e+00 0.000000000000000000e+00 1.963495408493620871e-03
2.809761929554371136e+02 0.000000000000000000e+00 0.000000000000000000e+00 0.000000000000000000e+00 1.963495408493620871e-03
2.811070926493366642e+02 0.000000000000000000e+00 0.000000000000000000e+00 0.000000000000000000e+00 1.963495408493620871e-03
2.813688920371358222e+02 0.000000000000000000e+00 0.000000000000000000e+00 0.000000000000000000e+00 1.963495408493620871e-03
2.814997917310353728e+02 0.000000000000000000e+00 0.000000000000000000e+00 0.000000000000000000e+00 1.963495408493620871e-03
2.817615911188345876e+02 0.000000000000000000e+00 0.000000000000000000e+00 0.000000000000000000e+00 1.963495408493620871e-03
2.818924908127341382e+02 0.000000000000000000e+00 0.000000000000000000e+00 0.000000000000000000e+00 1.963495408493620871e-03
2.821542902005332962e+02 0.000000000000000000e+00 0.000000000000000000e+00 0.000000000000000000e+00 1.963495408493620871e-03
2.822851898944328468e+02 0.000000000000000000e+00 0.000000000000000000e+00 0.000000000000000000e+00 1.963495408493620871e-03
2.825469892822320048e+02 0.000000000000000000e+00 0.000000000000000000e+00 0.000000000000000000e+00 1.963495408493620871e-03
2.826778889761315554e+02 0.000000000000000000e+00 0.000000000000000000e+00 0.000000000000000000e+00 1.963495408493620871e-03
