# q:1.000000e+00, m:1.836000e+03, N:480 - x,px,py,pz,w
1.886919193135713044e+02 2.987243937470835005e-03 -9.584694659011294693e-02 0.000000000000000000e+00 1.963495408493620871e-03
1.888228207355859070e+02 3.494300246053587758e-03 -1.196876206538916576e-01 0.000000000000000000e+00 1.963495408493620871e-03
1.890846214612093945e+02 3.908052912547702734e-03 -1.596542462201190893e-01 0.000000000000000000e+00 1.963495408493620871e-03
1.892155211976242128e+02 3.924686867081628866e-03 -1.754091355220015747e-01 0.000000000000000000e+00 1.963495408493620871e-03
1.894773199658404508e+02 3.743967020199810529e-03 -1.969780227907312331e-01 0.000000000000000000e+00 1.963495408493620871e-03
1.896082193735506962e+02 3.663448930261829078e-03 -2.026833447207532224e-01 0.000000000000000000e+00 1.963495408493620871e-03
1.898700182581647198e+02 3.527813923089597251e-03 -2.035010866601772994e-01 0.000000000000000000e+00 1.963495408493620871e-03
1.900009177081711869e+02 3.463689576086175989e-03 -1.987717366511037309e-01 0.000000000000000000e+00 1.963495408493620871e-03
1.902627166212716361e+02 3.341610300247615031e-03 -1.796694558080056958e-01 0.000000000000000000e+00 1.963495408493620871e-03
1.903936160834439022e+02 3.283125181704686039e-03 -1.656859401867945003e-01 0.000000000000000000e+00 1.963495408493620871e-03
1.906554150203656945e+02 3.170785078694159011e-03 -1.304114962340734429e-01 0.000000000000000000e+00 1.963495408493620871e-03
1.907863144942873248e+02 3.115941193404128760e-03 -1.096725134536015445e-01 0.000000000000000000e+00 1.963495408493620871e-03
1.910481134543692008e+02 3.008468013153869740e-03 -6.419831509454185237e-02 0.000000000000000000e+00 1.963495408493620871e-03
1.911790129398235649e+02 2.954924754936890611e-03 -4.008815319335194693e-02 0.000000000000000000e+00 1.963495408493620871e-03
1.914408119228584439e+02 2.848297051648661544e-03 8.378646504721434796e-03 0.000000000000000000e+00 1.963495408493620871e-03
1.915717114198305353e+02 2.794774454734436607e-03 3.213364938786103520e-02 0.000000000000000000e+00 1.963495408493620871e-03
1.918335104258396200e+02 2.687984851482080623e-03 7.628086456954569217e-02 0.000000000000000000e+00 1.963495408493620871e-03
1.919644099342455945e+02 2.634834816327355500e-03 9.618300851134406471e-02 0.000000000000000000e+00 1.963495408493620871e-03
1.922262089627979833e+02 2.530034870003799920e-03 1.296845411284261174e-01 0.000000000000000000e+00 1.963495408493620871e-03
1.923571084822210082e+02 2.478827443027519471e-03 1.429731384540520456e-01 0.000000000000000000e+00 1.963495408493620871e-03
1.926189075321014741e+02 2.379711708037813775e-03 1.613831282468062012e-01 0.000000000000000000e+00 1.963495408493620871e-03
1.927498070617531880e+02 2.332188978889057282e-03 1.664104865105917319e-01 0.000000000000000000e+00 1.963495408493620871e-03
1.930116061311211979e+02 2.241682842841388312e-03 1.677339246099845416e-01 0.000000000000000000e+00 1.963495408493620871e-03
1.931425056700269636e+02 2.198718474025071912e-03 1.641562236142308784e-01 0.000000000000000000e+00 1.963495408493620871e-03
1.934043047569328451e+02 2.117312850928196495e-03 1.490268305335736287e-01 0.000000000000000000e+00 1.963495408493620871e-03
1.935352043042122716e+02 2.078451233089475061e-03 1.377921947074350062e-01 0.000000000000000000e+00 1.963495408493620871e-03
1.937970034071531984e+02 2.004042983398014212e-03 1.092511121687475412e-01 0.000000000000000000e+00 1.963495408493620871e-03
1.939279029622384201e+02 1.967818586371039916e-03 9.239606489374957432e-02 0.000000000000000000e+00 1.963495408493620871e-03
1.941897020804327951e+02 1.897005873637549024e-03 5.532231310256748719e-02 0.000000000000000000e+00 1.963495408493620871e-03
1.943206016431001899e+02 1.861795345285202630e-03 3.561588783777591694e-02 0.000000000000000000e+00 1.963495408493620871e-03
1.945824007763681038e+02 1.791779110403622947e-03 -4.087223665321909616e-03 0.000000000000000000e+00 1.963495408493620871e-03
1.947133003465920922e+02 1.756664221798186383e-03 -2.359001599587716436e-02 0.000000000000000000e+00 1.963495408493620871e-03
1.949750994949257006e+02 1.686640866623120155e-03 -5.992276689301567760e-02 0.000000000000000000e+00 1.963495408493620871e-03
1.951059990726448348e+02 1.651798916104123011e-03 -7.634945669941214930e-02 0.000000000000000000e+00 1.963495408493620871e-03
1.953677982357533836e+02 1.583112279220615180e-03 -1.041106108671022712e-01 0.000000000000000000e+00 1.963495408493620871e-03
1.954986978206912909e+02 1.549561789493807216e-03 -1.151879506927666053e-01 0.000000000000000000e+00 1.963495408493620871e-03
1.957604969977673761e+02 1.484652680078053701e-03 -1.307078064351570590e-01 0.000000000000000000e+00 1.963495408493620871e-03
1.958913965893972886e+02 1.453560721152619833e-03 -1.350700166874813646e-01 0.000000000000000000e+00 1.963495408493620871e-03
1.961531957792078060e+02 1.394418916982253067e-03 -1.366778462926617477e-01 0.000000000000000000e+00 1.963495408493620871e-03
1.962840953768728411e+02 1.366397269223597940e-03 -1.340229126781159463e-01 0.000000000000000000e+00 1.963495408493620871e-03
1.965458945780977444e+02 1.313419976507567213e-03 -1.221931258250316954e-01 0.000000000000000000e+00 1.963495408493620871e-03
1.966767941811980336e+02 1.288199052073762474e-03 -1.132735363984008897e-01 0.000000000000000000e+00 1.963495408493620871e-03
1.969385933927997883e+02 1.240044072434105197e-03 -9.044594657084531475e-02 0.000000000000000000e+00 1.963495408493620871e-03
1.970694930009378822e+02 1.216667083798121489e-03 -7.690303394114890445e-02 0.000000000000000000e+00 1.963495408493620871e-03
1.973312922223601049e+02 1.171084506316765828e-03 -4.701920835853293235e-02 0.000000000000000000e+00 1.963495408493620871e-03
1.974621918353693388e+02 1.148464435266132247e-03 -3.109352399696038716e-02 0.000000000000000000e+00 1.963495408493620871e-03
1.977239910664611671e+02 1.103552912965881762e-03 1.064607251572979862e-03 0.000000000000000000e+00 1.963495408493620871e-03
1.978548906843134034e+02 1.081048473791234796e-03 1.689608487960669869e-02 0.000000000000000000e+00 1.963495408493620871e-03
1.981166899250550557e+02 1.036197095627928088e-03 4.646011600970231803e-02 0.000000000000000000e+00 1.963495408493620871e-03
1.982475895477077188e+02 1.013885289404348970e-03 5.986450803874612814e-02 0.000000000000000000e+00 1.963495408493620871e-03
1.985093887979099634e+02 9.699075252917130092e-04 8.260550529354993010e-02 0.000000000000000000e+00 1.963495408493620871e-03
1.986402884251828596e+02 9.484319771153341874e-04 9.173177086852760120e-02 0.000000000000000000e+00 1.963495408493620871e-03
1.989020876843222823e+02 9.069005684514940815e-04 1.046545491446057852e-01 0.000000000000000000e+00 1.963495408493620871e-03
1.990329873158731573e+02 8.870241528856834257e-04 1.083833762570785703e-01 0.000000000000000000e+00 1.963495408493620871e-03
1.992947865831436616e+02 8.492595260046877179e-04 1.101051970714964356e-01 0.000000000000000000e+00 1.963495408493620871e-03
1.994256862185419834e+02 8.313994437716886940e-04 1.081755806463609443e-01 0.000000000000000000e+00 1.963495408493620871e-03
1.996874854930711933e+02 7.977056388362140787e-04 9.904484967517671046e-02 0.000000000000000000e+00 1.963495408493620871e-03
1.998183851319177506e+02 7.817086769066056281e-04 9.204696026628034211e-02 0.000000000000000000e+00 1.963495408493620871e-03
2.000801844130112102e+02 7.512511988984022860e-04 7.399900023896516243e-02 0.000000000000000000e+00 1.963495408493620871e-03
2.002110840550341209e+02 7.365078965451296545e-04 6.324093674737436832e-02 0.000000000000000000e+00 1.963495408493620871e-03
2.004728833423058632e+02 7.078344125774555570e-04 3.942461766425767178e-02 0.000000000000000000e+00 1.963495408493620871e-03
2.006037829873874045e+02 6.936344507208756002e-04 2.669921299132651388e-02 0.000000000000000000e+00 1.963495408493620871e-03
2.008655822807198490e+02 6.654852755148926409e-04 9.452549579771207799e-04 0.000000000000000000e+00 1.963495408493620871e-03
2.009964819288343847e+02 6.513928427418498156e-04 -1.176136921399366375e-02 0.000000000000000000e+00 1.963495408493620871e-03
2.012582812282070392e+02 6.233226494481921036e-04 -3.554625105295237952e-02 0.000000000000000000e+00 1.963495408493620871e-03
2.013891808793251244e+02 6.093616541340434768e-04 -4.636042932551993900e-02 0.000000000000000000e+00 1.963495408493620871e-03
2.016509801846162873e+02 5.818473463432710397e-04 -6.477599245441195697e-02 0.000000000000000000e+00 1.963495408493620871e-03
2.017818798386244055e+02 5.684140603774852883e-04 -7.220723693585406888e-02 0.000000000000000000e+00 1.963495408493620871e-03
2.020436791495040438e+02 5.424442792689295953e-04 -8.283612385041780324e-02 0.000000000000000000e+00 1.963495408493620871e-03
2.021745788061852238e+02 5.300253538589824211e-04 -8.597746092346653102e-02 0.000000000000000000e+00 1.963495408493620871e-03
2.024363781221400416e+02 5.064551200049701015e-04 -8.768871658721681672e-02 0.000000000000000000e+00 1.963495408493620871e-03
2.025672777812181380e+02 4.953277332662933295e-04 -8.631811384417881206e-02 0.000000000000000000e+00 1.963495408493620871e-03
2.028290771016861811e+02 4.743792266035114875e-04 -7.936236061932791519e-02 0.000000000000000000e+00 1.963495408493620871e-03
2.029599767629017038e+02 4.644601876353474535e-04 -7.393720568223118017e-02 0.000000000000000000e+00 1.963495408493620871e-03
2.032217760874289070e+02 4.456280203854741211e-04 -5.983230633003036592e-02 0.000000000000000000e+00 1.963495408493620871e-03
2.033526757506036517e+02 4.365385092342784841e-04 -5.138352504151345174e-02 0.000000000000000000e+00 1.963495408493620871e-03
2.036144750789302407e+02 4.189075329253259860e-04 -3.261712769244558968e-02 0.000000000000000000e+00 1.963495408493620871e-03
2.037453747439811593e+02 4.101944849179776356e-04 -2.256338062169989736e-02 0.000000000000000000e+00 1.963495408493620871e-03
2.040071740760205614e+02 3.929504844032379908e-04 -2.170237699880714355e-03 0.000000000000000000e+00 1.963495408493620871e-03
2.041380737429283272e+02 3.843255338111853901e-04 7.913545924344338178e-03 0.000000000000000000e+00 1.963495408493620871e-03
2.043998730786625799e+02 3.671559224492004433e-04 2.683311560732108692e-02 0.000000000000000000e+00 1.963495408493620871e-03
2.045307727474070703e+02 3.586180063628790289e-04 3.545875293502287473e-02 0.000000000000000000e+00 1.963495408493620871e-03
2.047925720867611403e+02 3.417932306069172547e-04 5.020115996819309034e-02 0.000000000000000000e+00 1.963495408493620871e-03
2.049234717572721536e+02 3.335800912638508479e-04 5.618184252231678277e-02 0.000000000000000000e+00 1.963495408493620871e-03
2.051852711000418878e+02 3.177065718505681568e-04 6.481783234645624447e-02 0.000000000000000000e+00 1.963495408493620871e-03
2.053161707721858988e+02 3.101212324416621714e-04 6.742690901738181142e-02 0.000000000000000000e+00 1.963495408493620871e-03
2.055779701180524910e+02 2.957393067775325717e-04 6.904231073497361926e-02 0.000000000000000000e+00 1.963495408493620871e-03
2.057088697916564115e+02 2.889612252161248432e-04 6.809377485245636519e-02 0.000000000000000000e+00 1.963495408493620871e-03
2.059706691402662386e+02 2.762267422536891976e-04 6.286478557727015470e-02 0.000000000000000000e+00 1.963495408493620871e-03
2.061015688151660186e+02 2.702130895260384342e-04 5.870889408157542455e-02 0.000000000000000000e+00 1.963495408493620871e-03
2.063633681662297477e+02 2.588278880639220897e-04 4.781255852960773767e-02 0.000000000000000000e+00 1.963495408493620871e-03
2.064942678423109612e+02 2.533488428514890428e-04 4.125276744104149074e-02 0.000000000000000000e+00 1.963495408493620871e-03
2.067560671956586873e+02 2.427498492173119798e-04 2.663254005895186391e-02 0.000000000000000000e+00 1.963495408493620871e-03
2.068869668728659690e+02 2.375232511961775832e-04 1.877897169765299634e-02 0.000000000000000000e+00 1.963495408493620871e-03
2.071487662284373812e+02 2.271968240391025089e-04 2.812385173727494775e-03 0.000000000000000000e+00 1.963495408493620871e-03
2.072796659067554401e+02 2.220367693878865986e-04 -5.099915888045335188e-03 0.000000000000000000e+00 1.963495408493620871e-03
2.075414652645363844e+02 2.117709203385970942e-04 -1.997967700940283392e-02 0.000000000000000000e+00 1.963495408493620871e-03
2.076723649439522035e+02 2.066668695201157025e-04 -2.678177082435660716e-02 0.000000000000000000e+00 1.963495408493620871e-03
2.079341643038964094e+02 1.966096137840099328e-04 -3.844892975491083498e-02 0.000000000000000000e+00 1.963495408493620871e-03
2.080650639843684360e+02 1.917005372549494564e-04 -4.320635453099352236e-02 0.000000000000000000e+00 1.963495408493620871e-03
2.083268633463539743e+02 1.822148811800406245e-04 -5.013834004714698422e-02 0.000000000000000000e+00 1.963495408493620871e-03
2.084577630278014340e+02 1.776849853728422696e-04 -5.227543285590569022e-02 0.000000000000000000e+00 1.963495408493620871e-03
2.087195623916344687e+02 1.691042629489215876e-04 -5.374195008800566192e-02 0.000000000000000000e+00 1.963495408493620871e-03
2.088504620739508937e+02 1.650668266447185867e-04 -5.310519562516779341e-02 0.000000000000000000e+00 1.963495408493620871e-03
2.091122614394149650e+02 1.574964201462989344e-04 -4.922694496911225043e-02 0.000000000000000000e+00 1.963495408493620871e-03
2.092431611225002541e+02 1.539308368279994582e-04 -4.608134434610473146e-02 0.000000000000000000e+00 1.963495408493620871e-03
2.095049604894155948e+02 1.471994511192008714e-04 -3.776077212155817819e-02 0.000000000000000000e+00 1.963495408493620871e-03
2.096358601731975568e+02 1.439696380656927332e-04 -3.272553928636321580e-02 0.000000000000000000e+00 1.963495408493620871e-03
2.098976595414547148e+02 1.377389760127649811e-04 -2.146413083589698151e-02 0.000000000000000000e+00 1.963495408493620871e-03
2.100285592258966858e+02 1.346733457878119882e-04 -1.539833200727278723e-02 0.000000000000000000e+00 1.963495408493620871e-03
2.102903585954571213e+02 1.286271292635705779e-04 -3.038047137513684784e-03 0.000000000000000000e+00 1.963495408493620871e-03
2.104212582805483578e+02 1.256088754008289005e-04 3.100558473002865828e-03 0.000000000000000000e+00 1.963495408493620871e-03
2.106830576514002473e+02 1.196079170551640476e-04 1.467117932026266308e-02 0.000000000000000000e+00 1.963495408493620871e-03
2.108139573371334734e+02 1.166247840624234802e-04 1.997452694224627345e-02 0.000000000000000000e+00 1.963495408493620871e-03
2.110757567092494185e+02 1.107470281439815998e-04 2.910263026678264198e-02 0.000000000000000000e+00 1.963495408493620871e-03
2.112066563956004188e+02 1.078781527800723114e-04 3.284318734115100613e-02 0.000000000000000000e+00 1.963495408493620871e-03
2.114684557689089104e+02 1.023356743942262155e-04 3.834052065483092853e-02 0.000000000000000000e+00 1.963495408493620871e-03
2.115993554558293681e+02 9.969038890741555167e-05 4.006731839837669035e-02 0.000000000000000000e+00 1.963495408493620871e-03
2.118611548302158099e+02 9.468394301037601896e-05 4.135726347495687766e-02 0.000000000000000000e+00 1.963495408493620871e-03
2.119920545176426856e+02 9.233197400377470931e-05 4.094543053757117995e-02 0.000000000000000000e+00 1.963495408493620871e-03
2.122538538929774177e+02 8.793042164107052157e-05 3.810823266222937433e-02 0.000000000000000000e+00 1.963495408493620871e-03
2.123847535808498890e+02 8.586274110340352491e-05 3.575586277211566244e-02 0.000000000000000000e+00 1.963495408493620871e-03
2.126465529570239426e+02 8.197025201966886285e-05 2.947556020594289949e-02 0.000000000000000000e+00 1.963495408493620871e-03
2.127774526452975579e+02 8.010819665034721001e-05 2.565453405307609874e-02 0.000000000000000000e+00 1.963495408493620871e-03
2.130392520222439430e+02 7.652625364704162192e-05 1.707835630530351104e-02 0.000000000000000000e+00 1.963495408493620871e-03
2.131701517108965334e+02 7.476790649960687570e-05 1.244614441048408696e-02 0.000000000000000000e+00 1.963495408493620871e-03
2.134319510885879367e+02 7.130635479089963307e-05 2.985231268954510221e-03 0.000000000000000000e+00 1.963495408493620871e-03
2.135628507776121694e+02 6.958014726399157726e-05 -1.723731342808482170e-03 0.000000000000000000e+00 1.963495408493620871e-03
2.138246501560418835e+02 6.615033292743823087e-05 -1.061971615941578045e-02 0.000000000000000000e+00 1.963495408493620871e-03
2.139555498454329268e+02 6.444558770472959221e-05 -1.470775121857583606e-02 0.000000000000000000e+00 1.963495408493620871e-03
2.142173492245850923e+02 6.108679860143417263e-05 -2.176795975778188924e-02 0.000000000000000000e+00 1.963495408493620871e-03
2.143482489143292469e+02 5.944739749959250183e-05 -2.467500221496829460e-02 0.000000000000000000e+00 1.963495408493620871e-03
2.146100482941630503e+02 5.628054906066352219e-05 -2.898244059057411559e-02 0.000000000000000000e+00 1.963495408493620871e-03
2.147409479842320650e+02 5.476985540988964723e-05 -3.035914385559314310e-02 0.000000000000000000e+00 1.963495408493620871e-03
2.150027473646806584e+02 5.191300534831338814e-05 -3.146374851173380088e-02 0.000000000000000000e+00 1.963495408493620871e-03
2.151336470550383808e+02 5.057288652177274269e-05 -3.120993538249677846e-02 0.000000000000000000e+00 1.963495408493620871e-03
2.153954464360264467e+02 4.806962460595458738e-05 -2.916322015867355011e-02 0.000000000000000000e+00 1.963495408493620871e-03
2.155263461266370655e+02 4.689670667107252933e-05 -2.742523939900531893e-02 0.000000000000000000e+00 1.963495408493620871e-03
2.157881455080996886e+02 4.469486640347002094e-05 -2.273971650698739660e-02 0.000000000000000000e+00 1.963495408493620871e-03
2.159190451989364874e+02 4.364476853662612794e-05 -1.987308061098251588e-02 0.000000000000000000e+00 1.963495408493620871e-03
2.161808445808334795e+02 4.163058699377748448e-05 -1.341568415448987639e-02 0.000000000000000000e+00 1.963495408493620871e-03
2.163117442718831569e+02 4.064419033408995944e-05 -9.918100085973987484e-03 0.000000000000000000e+00 1.963495408493620871e-03
2.165735436541974650e+02 3.870604921652478169e-05 -2.757865399145794510e-03 0.000000000000000000e+00 1.963495408493620871e-03
2.167044433454547914e+02 3.774059101596080905e-05 8.138124097950248659e-04 0.000000000000000000e+00 1.963495408493620871e-03
2.169662427281820385e+02 3.582366398685409145e-05 7.576398536888760693e-03 0.000000000000000000e+00 1.963495408493620871e-03
2.170971424196442854e+02 3.487102410194151060e-05 1.069200085898700317e-02 0.000000000000000000e+00 1.963495408493620871e-03
2.173589418027747797e+02 3.299413363534556309e-05 1.609060071348510090e-02 0.000000000000000000e+00 1.963495408493620871e-03
2.174898414944343870e+02 3.207800041607100676e-05 1.832379263427290697e-02 0.000000000000000000e+00 1.963495408493620871e-03
2.177516408779460448e+02 3.030843004537750462e-05 2.165873848706169336e-02 0.000000000000000000e+00 1.963495408493620871e-03
2.178825405697868121e+02 2.946466287646247548e-05 2.274197423545189223e-02 0.000000000000000000e+00 1.963495408493620871e-03
2.181443399536418326e+02 2.787020585181669449e-05 2.366589887887970978e-02 0.000000000000000000e+00 1.963495408493620871e-03
2.182752396456435235e+02 2.712332990341087508e-05 2.351980942100836275e-02 0.000000000000000000e+00 1.963495408493620871e-03
2.185370390297986489e+02 2.573074709460014225e-05 2.206441355317439318e-02 0.000000000000000000e+00 1.963495408493620871e-03
2.186679387219408000e+02 2.507990240292199815e-05 2.079593791498180952e-02 0.000000000000000000e+00 1.963495408493620871e-03
2.189297381063584567e+02 2.386156243815824933e-05 1.734075416051978832e-02 0.000000000000000000e+00 1.963495408493620871e-03
2.190606377986252085e+02 2.328230238103626477e-05 1.521461866491657239e-02 0.000000000000000000e+00 1.963495408493620871e-03
2.193224371832823181e+02 2.217451775680574314e-05 1.040755064748704467e-02 0.000000000000000000e+00 1.963495408493620871e-03
2.194533368756652578e+02 2.163333962523519320e-05 7.796447567796335743e-03 0.000000000000000000e+00 1.963495408493620871e-03
2.197151362605508496e+02 2.057211677589865231e-05 2.438420712990775098e-03 0.000000000000000000e+00 1.963495408493620871e-03
2.198460359530479877e+02 2.004408716409748640e-05 -2.401596437853438168e-04 0.000000000000000000e+00 1.963495408493620871e-03
2.201078353381582531e+02 1.899645216318337961e-05 -5.323080857211628936e-03 0.000000000000000000e+00 1.963495408493620871e-03
2.202387350307676570e+02 1.847589252650011683e-05 -7.670742069717666894e-03 0.000000000000000000e+00 1.963495408493620871e-03
2.205005344160992991e+02 1.745029497421238441e-05 -1.175174739109740435e-02 0.000000000000000000e+00 1.963495408493620871e-03
2.206314341088160234e+02 1.694964155674263007e-05 -1.344746709967768392e-02 0.000000000000000000e+00 1.963495408493620871e-03
2.208932334943553428e+02 1.598261038185137605e-05 -1.599884319362281787e-02 0.000000000000000000e+00 1.963495408493620871e-03
2.210241331871713726e+02 1.552167837361658766e-05 -1.684016586578444136e-02 0.000000000000000000e+00 1.963495408493620871e-03
2.212859325728982469e+02 1.465122887820521273e-05 -1.759674570088438569e-02 0.000000000000000000e+00 1.963495408493620871e-03
2.214168322658022134e+02 1.424403722646053907e-05 -1.752146957696348525e-02 0.000000000000000000e+00 1.963495408493620871e-03
2.216786316516922852e+02 1.348612837055815716e-05 -1.650165210829262000e-02 0.000000000000000000e+00 1.963495408493620871e-03
2.218095313446725925e+02 1.313278686213306364e-05 -1.558711286350231845e-02 0.000000000000000000e+00 1.963495408493620871e-03
2.220713307307044033e+02 1.247319910882996270e-05 -1.306878169597466659e-02 0.000000000000000000e+00 1.963495408493620871e-03
2.222022304237521837e+02 1.216056754440555100e-05 -1.150982849459487867e-02 0.000000000000000000e+00 1.963495408493620871e-03
2.224640298099127733e+02 1.156448510385500760e-05 -7.971701641061493260e-03 0.000000000000000000e+00 1.963495408493620871e-03
2.225949295030227404e+02 1.127402283486687681e-05 -6.044309667991436784e-03 0.000000000000000000e+00 1.963495408493620871e-03
2.228567288893059697e+02 1.070562586943152366e-05 -2.079995225649316354e-03 0.000000000000000000e+00 1.963495408493620871e-03
2.229876285824769866e+02 1.042315282584434095e-05 -9.380525694480720128e-05 0.000000000000000000e+00 1.963495408493620871e-03
2.232494279688808660e+02 9.863158239502075063e-06 3.683710290504798798e-03 0.000000000000000000e+00 1.963495408493620871e-03
2.233803276621115117e+02 9.584948931605475307e-06 5.432803469276090147e-03 0.000000000000000000e+00 1.963495408493620871e-03
2.236421270486331423e+02 9.036836068543627014e-06 8.482731134823902341e-03 0.000000000000000000e+00 1.963495408493620871e-03
2.237730267419213703e+02 8.769240841464505311e-06 9.755496862513590717e-03 0.000000000000000000e+00 1.963495408493620871e-03
2.240348261285542151e+02 8.252365058818994520e-06 1.168435713958254456e-02 0.000000000000000000e+00 1.963495408493620871e-03
2.241657258218956486e+02 8.006077989643491756e-06 1.232947777983538218e-02 0.000000000000000000e+00 1.963495408493620871e-03
2.244275252086285661e+02 7.541260376478713752e-06 1.293720446272534144e-02 0.000000000000000000e+00 1.963495408493620871e-03
2.245584249020168386e+02 7.324102074890055872e-06 1.290649246250100482e-02 0.000000000000000000e+00 1.963495408493620871e-03
2.248202242888369824e+02 6.920592141987529075e-06 1.220264561167361608e-02 0.000000000000000000e+00 1.963495408493620871e-03
2.249511239822654431e+02 6.732938291540736131e-06 1.155134337962228017e-02 0.000000000000000000e+00 1.963495408493620871e-03
2.252129233691607055e+02 6.383625561877769271e-06 9.737311756385966244e-03 0.000000000000000000e+00 1.963495408493620871e-03
2.253438230626247503e+02 6.218579465094548783e-06 8.607354994100637965e-03 0.000000000000000000e+00 1.963495408493620871e-03
2.256056224495877416e+02 5.904865801652080614e-06 6.032650047533115976e-03 0.000000000000000000e+00 1.963495408493620871e-03
2.257365221430845281e+02 5.752399981038929644e-06 4.625929487074747701e-03 0.000000000000000000e+00 1.963495408493620871e-03
2.259983215301116957e+02 5.454693846962077350e-06 1.725862643705653333e-03 0.000000000000000000e+00 1.963495408493620871e-03
2.261292212236404851e+02 5.306933101986773552e-06 2.697181225738212729e-04 0.000000000000000000e+00 1.963495408493620871e-03
2.263910206107307204e+02 5.014246146992629963e-06 -2.505986113824451578e-03 0.000000000000000000e+00 1.963495408493620871e-03
2.265219203042905463e+02 4.868860386548194814e-06 -3.794412416327580528e-03 0.000000000000000000e+00 1.963495408493620871e-03
2.267837196914425988e+02 4.582426939389132812e-06 -6.047879774392432919e-03 0.000000000000000000e+00 1.963495408493620871e-03
2.269146193850325517e+02 4.442561909259786098e-06 -6.992197414054046600e-03 0.000000000000000000e+00 1.963495408493620871e-03
2.271764187722422719e+02 4.172380122444192292e-06 -8.433106975827983631e-03 0.000000000000000000e+00 1.963495408493620871e-03
2.273073184658604191e+02 4.043668924795639500e-06 -8.921446868599591101e-03 0.000000000000000000e+00 1.963495408493620871e-03
2.275691178531221794e+02 3.800873134419946713e-06 -9.400888773564455153e-03 0.000000000000000000e+00 1.963495408493620871e-03
2.277000175467648262e+02 3.687573341528777921e-06 -9.396582798195610847e-03 0.000000000000000000e+00 1.963495408493620871e-03
2.279618169340720328e+02 3.477378734657922347e-06 -8.918285043441390864e-03 0.000000000000000000e+00 1.963495408493620871e-03
2.280927166277354274e+02 3.379857621445858169e-06 -8.460065139171895482e-03 0.000000000000000000e+00 1.963495408493620871e-03
2.283545160150817139e+02 3.198818787777375757e-06 -7.168570770426187233e-03 0.000000000000000000e+00 1.963495408493620871e-03
2.284854157087635258e+02 3.113546496944360870e-06 -6.358942115010355646e-03 0.000000000000000000e+00 1.963495408493620871e-03
2.287472150961446289e+02 2.951966086122582475e-06 -4.506505085769997934e-03 0.000000000000000000e+00 1.963495408493620871e-03
2.288781147898436075e+02 2.873648151380279011e-06 -3.491322221284066853e-03 0.000000000000000000e+00 1.963495408493620871e-03
2.291399141772571966e+02 2.721067918421968062e-06 -1.393529814765737205e-03 0.000000000000000000e+00 1.963495408493620871e-03
2.292708138709726029e+02 2.645439931518656291e-06 -3.379294965594162488e-04 0.000000000000000000e+00 1.963495408493620871e-03
2.295326132584186212e+02 2.495770004874066773e-06 1.678642489205863474e-03 0.000000000000000000e+00 1.963495408493620871e-03
2.296635129521495458e+02 2.421440117553035815e-06 2.616980489897402680e-03 0.000000000000000000e+00 1.963495408493620871e-03
2.299253123396274248e+02 2.275002563110720662e-06 4.263225851828585794e-03 0.000000000000000000e+00 1.963495408493620871e-03
2.300562120333736402e+02 2.203485800519822748e-06 4.955927630860299492e-03 0.000000000000000000e+00 1.963495408493620871e-03
2.303180114208813052e+02 2.065323805044405496e-06 6.019667064965618201e-03 0.000000000000000000e+00 1.963495408493620871e-03
2.304489111146416747e+02 1.999519633543787998e-06 6.384639249882398740e-03 0.000000000000000000e+00 1.963495408493620871e-03
2.307107105021759139e+02 1.875451538652941325e-06 6.756526679419318226e-03 0.000000000000000000e+00 1.963495408493620871e-03
2.308416101959489026e+02 1.817623639355097452e-06 6.766517413429882014e-03 0.000000000000000000e+00 1.963495408493620871e-03
2.311034095835060214e+02 1.710512675915898312e-06 6.446894878315305791e-03 0.000000000000000000e+00 1.963495408493620871e-03
2.312343092772896966e+02 1.660937545470492269e-06 6.128537346074849207e-03 0.000000000000000000e+00 1.963495408493620871e-03
2.314961086648667958e+02 1.569163975530992061e-06 5.219752697490732084e-03 0.000000000000000000e+00 1.963495408493620871e-03
2.316270083586597934e+02 1.526077057374773098e-06 4.646251720677603211e-03 0.000000000000000000e+00 1.963495408493620871e-03
2.318888077462543151e+02 1.444697775040505104e-06 3.328737015898672151e-03 0.000000000000000000e+00 1.963495408493620871e-03
2.320197074400555550e+02 1.405365063625681349e-06 2.604486713376123405e-03 0.000000000000000000e+00 1.963495408493620871e-03
2.322815068276672719e+02 1.328919815692849745e-06 1.104053904702432566e-03 0.000000000000000000e+00 1.963495408493620871e-03
2.324124065214761856e+02 1.291083478643020835e-06 3.473489494957029099e-04 0.000000000000000000e+00 1.963495408493620871e-03
2.326742059091037902e+02 1.216275981322988184e-06 -1.101127863981717254e-03 0.000000000000000000e+00 1.963495408493620871e-03
2.328051056029211168e+02 1.179131697398041917e-06 -1.776686073993755111e-03 0.000000000000000000e+00 1.963495408493620871e-03
2.330669049905643817e+02 1.105952198149803183e-06 -2.965587511765100347e-03 0.000000000000000000e+00 1.963495408493620871e-03
2.331978046843893821e+02 1.070203600044414037e-06 -3.467889428710306879e-03 0.000000000000000000e+00 1.963495408493620871e-03
2.334596040720474548e+02 1.001127575316695888e-06 -4.244030418467388543e-03 0.000000000000000000e+00 1.963495408493620871e-03
2.335905037658796743e+02 9.682295042047070937e-07 -4.513417621966098886e-03 0.000000000000000000e+00 1.963495408493620871e-03
2.338523031535509631e+02 9.062223862863892484e-07 -4.797017970538832235e-03 0.000000000000000000e+00 1.963495408493620871e-03
2.339832028473891512e+02 8.773486661885740810e-07 -4.813342689693657188e-03 0.000000000000000000e+00 1.963495408493620871e-03
2.342450022350721781e+02 8.239409087194884364e-07 -4.603487514371250311e-03 0.000000000000000000e+00 1.963495408493620871e-03
2.343759019289158800e+02 7.992754213217185789e-07 -4.385150368781029137e-03 0.000000000000000000e+00 1.963495408493620871e-03
2.346377013166085135e+02 7.537323637799727754e-07 -3.753027956577449555e-03 0.000000000000000000e+00 1.963495408493620871e-03
2.347686010104570471e+02 7.324157723202815857e-07 -3.351304303109698193e-03 0.000000000000000000e+00 1.963495408493620871e-03
2.350304003981581786e+02 6.922803371551145569e-07 -2.424778552634255461e-03 0.000000000000000000e+00 1.963495408493620871e-03
2.351613000920106913e+02 6.729360246525562662e-07 -1.913929382421800367e-03 0.000000000000000000e+00 1.963495408493620871e-03
2.354230994797200367e+02 6.354291432321989759e-07 -8.528701575560610100e-04 0.000000000000000000e+00 1.963495408493620871e-03
2.355539991735764715e+02 6.168928321114023190e-07 -3.165160161856997835e-04 0.000000000000000000e+00 1.963495408493620871e-03
2.358157985612938603e+02 5.802816601099141106e-07 7.124176729702644956e-04 0.000000000000000000e+00 1.963495408493620871e-03
2.359466982551542742e+02 5.621079544518811041e-07 1.193422093320116797e-03 0.000000000000000000e+00 1.963495408493620871e-03
2.362084976428790810e+02 5.263054154369540129e-07 2.042205577220218733e-03 0.000000000000000000e+00 1.963495408493620871e-03
2.363393973367432466e+02 5.088125666793142351e-07 2.402171306445363697e-03 0.000000000000000000e+00 1.963495408493620871e-03
2.366011967244753009e+02 4.750079905073664663e-07 2.961997403126983251e-03 0.000000000000000000e+00 1.963495408493620871e-03
2.367320964183431045e+02 4.589107736858828870e-07 3.158531526179922562e-03 0.000000000000000000e+00 1.963495408493620871e-03
2.369938958060817811e+02 4.285835017512362055e-07 3.371536944626403638e-03 0.000000000000000000e+00 1.963495408493620871e-03
2.371247954999525405e+02 4.144770904774245308e-07 3.389483382694063497e-03 0.000000000000000000e+00 1.963495408493620871e-03
2.373865948876967593e+02 3.884248820433679887e-07 3.254164287322443977e-03 0.000000000000000000e+00 1.963495408493620871e-03
2.375174945815699061e+02 3.764221276775953003e-07 3.106329822114126029e-03 0.000000000000000000e+00 1.963495408493620871e-03
2.377792939693192125e+02 3.543232786692736518e-07 2.672035329360092706e-03 0.000000000000000000e+00 1.963495408493620871e-03
2.379101936631946330e+02 3.440148051595798238e-07 2.393980560315392154e-03 0.000000000000000000e+00 1.963495408493620871e-03
2.381719930509480605e+02 3.246731640849604728e-07 1.749677010450715643e-03 0.000000000000000000e+00 1.963495408493620871e-03
2.383028927448256979e+02 3.153800405954737922e-07 1.393296290378050412e-03 0.000000000000000000e+00 1.963495408493620871e-03
2.385646921325827350e+02 2.974098176727095289e-07 6.515492023958642477e-04 0.000000000000000000e+00 1.963495408493620871e-03
2.386955918264623051e+02 2.885434719872829219e-07 2.758200294208366151e-04 0.000000000000000000e+00 1.963495408493620871e-03
2.389573912142229801e+02 2.710511571791903461e-07 -4.468007952806018080e-04 0.000000000000000000e+00 1.963495408493620871e-03
2.390882909081045398e+02 2.623700779537406766e-07 -7.854709169839465925e-04 0.000000000000000000e+00 1.963495408493620871e-03
2.393500902958688812e+02 2.452678106096323450e-07 -1.384644459440203743e-03 0.000000000000000000e+00 1.963495408493620871e-03
2.394809899897520324e+02 2.369086667637985137e-07 -1.639646441526495298e-03 0.000000000000000000e+00 1.963495408493620871e-03
2.397427893775201539e+02 2.207491409408161360e-07 -2.038475073056893530e-03 0.000000000000000000e+00 1.963495408493620871e-03
2.398736890714050105e+02 2.130530221637681516e-07 -2.179958743996948754e-03 0.000000000000000000e+00 1.963495408493620871e-03
2.401354884591761731e+02 1.985545491320238743e-07 -2.337692882380738510e-03 0.000000000000000000e+00 1.963495408493620871e-03
2.402663881530624508e+02 1.918151828400245958e-07 -2.354821688466340358e-03 0.000000000000000000e+00 1.963495408493620871e-03
2.405281875408360861e+02 1.793817764301301789e-07 -2.269116129031260344e-03 0.000000000000000000e+00 1.963495408493620871e-03
2.406590872347235575e+02 1.736641129312294732e-07 -2.170117747043149616e-03 0.000000000000000000e+00 1.963495408493620871e-03
2.409208866224996086e+02 1.631611571149477193e-07 -1.875173712588475584e-03 0.000000000000000000e+00 1.963495408493620871e-03
2.410517863163882737e+02 1.582758459694398234e-07 -1.684975643943568621e-03 0.000000000000000000e+00 1.963495408493620871e-03
2.413135857041661723e+02 1.491369308974349064e-07 -1.242117738978151288e-03 0.000000000000000000e+00 1.963495408493620871e-03
2.414444853980556900e+02 1.447580606818686008e-07 -9.963087891809625524e-04 0.000000000000000000e+00 1.963495408493620871e-03
2.417062847858355497e+02 1.363112070506035138e-07 -4.833344408884061643e-04 0.000000000000000000e+00 1.963495408493620871e-03
2.418371844797262611e+02 1.321502036840205539e-07 -2.229257858485796345e-04 0.000000000000000000e+00 1.963495408493620871e-03
2.420989838675077976e+02 1.239501393875481686e-07 2.787075123525631533e-04 0.000000000000000000e+00 1.963495408493620871e-03
2.422298835613990207e+02 1.198820041903283056e-07 5.143124440124273618e-04 0.000000000000000000e+00 1.963495408493620871e-03
2.424916829491821488e+02 1.118685501299702206e-07 9.326200265754127673e-04 0.000000000000000000e+00 1.963495408493620871e-03
2.426225826430746793e+02 1.079512241013618158e-07 1.111378225116327161e-03 0.000000000000000000e+00 1.963495408493620871e-03
2.428843820308593706e+02 1.003778159385057999e-07 1.392325627359182428e-03 0.000000000000000000e+00 1.963495408493620871e-03
2.430152817247523558e+02 9.677147827248319376e-08 1.492904648258716865e-03 0.000000000000000000e+00 1.963495408493620871e-03
2.432770811125387809e+02 8.998065541338356016e-08 1.607832598452651812e-03 0.000000000000000000e+00 1.963495408493620871e-03
2.434079808064325050e+02 8.682768515429844379e-08 1.622767227550277235e-03 0.000000000000000000e+00 1.963495408493620871e-03
2.436697801942201522e+02 8.102023437960718102e-08 1.569920592974480972e-03 0.000000000000000000e+00 1.963495408493620871e-03
2.438006798881142174e+02 7.835635899720895591e-08 1.504662535368110447e-03 0.000000000000000000e+00 1.963495408493620871e-03
2.440624792759029731e+02 7.347800443079791877e-08 1.306569763770020149e-03 0.000000000000000000e+00 1.963495408493620871e-03
2.441933789697975499e+02 7.121733456816311442e-08 1.177780298261282442e-03 0.000000000000000000e+00 1.963495408493620871e-03
2.444551783575871298e+02 6.700478791171535274e-08 8.768962017175792193e-04 0.000000000000000000e+00 1.963495408493620871e-03
2.445860780514823887e+02 6.499360658810722382e-08 7.094149880191311444e-04 0.000000000000000000e+00 1.963495408493620871e-03
2.448478774392727928e+02 6.112619368158938628e-08 3.588278990713161332e-04 0.000000000000000000e+00 1.963495408493620871e-03
2.449787771331683928e+02 5.922488507046092112e-08 1.803824754346841164e-04 0.000000000000000000e+00 1.963495408493620871e-03
2.452405765209596211e+02 5.548324714816290113e-08 -1.641703237595376749e-04 0.000000000000000000e+00 1.963495408493620871e-03
2.453714762148555621e+02 5.362760161929383649e-08 -3.263488541283472190e-04 0.000000000000000000e+00 1.963495408493620871e-03
2.456332756026474442e+02 4.997223566868592293e-08 -6.147947956939171094e-04 0.000000000000000000e+00 1.963495408493620871e-03
2.457641752965438400e+02 4.818443382965719024e-08 -7.384479846712730527e-04 0.000000000000000000e+00 1.963495408493620871e-03
2.460259746843366599e+02 4.472621799113868173e-08 -9.341579101646364965e-04 0.000000000000000000e+00 1.963495408493620871e-03
2.461568743782333399e+02 4.307873424875832942e-08 -1.004977653571459753e-03 0.000000000000000000e+00 1.963495408493620871e-03
2.464186737660267568e+02 3.997562226666743088e-08 -1.087598729285358832e-03 0.000000000000000000e+00 1.963495408493620871e-03
2.465495734599236073e+02 3.853515084438095539e-08 -1.099821315123701831e-03 0.000000000000000000e+00 1.963495408493620871e-03
2.468113728477178199e+02 3.588343638432792303e-08 -1.067775596891549616e-03 0.000000000000000000e+00 1.963495408493620871e-03
2.469422725416147841e+02 3.466873776811548626e-08 -1.025237815548649036e-03 0.000000000000000000e+00 1.963495408493620871e-03
2.472040719294095368e+02 3.244812295462400491e-08 -8.940544993127717138e-04 0.000000000000000000e+00 1.963495408493620871e-03
2.473349716233066715e+02 3.142146271897534542e-08 -8.080445234641873108e-04 0.000000000000000000e+00 1.963495408493620871e-03
2.475967710111019642e+02 2.951320313215042710e-08 -6.057301724687482293e-04 0.000000000000000000e+00 1.963495408493620871e-03
2.477276707049993263e+02 2.860439728492658068e-08 -4.926735743691944627e-04 0.000000000000000000e+00 1.963495408493620871e-03
2.479894700927948179e+02 2.686070194964548187e-08 -2.557526411368532841e-04 0.000000000000000000e+00 1.963495408493620871e-03
2.481203697866925211e+02 2.600475573143558649e-08 -1.349831165325128925e-04 0.000000000000000000e+00 1.963495408493620871e-03
2.483821691744884390e+02 2.432211828663505160e-08 9.879480655428291881e-05 0.000000000000000000e+00 1.963495408493620871e-03
2.485130688683861990e+02 2.348793485072140228e-08 2.091425890720007572e-04 0.000000000000000000e+00 1.963495408493620871e-03
2.487748682561823159e+02 2.184503509091593991e-08 4.061133322107635026e-04 0.000000000000000000e+00 1.963495408493620871e-03
2.489057679500803033e+02 2.104144634162312088e-08 4.908562686325646700e-04 0.000000000000000000e+00 1.963495408493620871e-03
2.491675673378768465e+02 1.948700507658118116e-08 6.253371743938813954e-04 0.000000000000000000e+00 1.963495408493620871e-03
2.492984670317751181e+02 1.874665896114023558e-08 6.743422779170985979e-04 0.000000000000000000e+00 1.963495408493620871e-03
2.495602664195717466e+02 1.735298042035687879e-08 7.329503229884683354e-04 0.000000000000000000e+00 1.963495408493620871e-03
2.496911661134701319e+02 1.670688536367602290e-08 7.427342320600095488e-04 0.000000000000000000e+00 1.963495408493620871e-03
2.499529655012672436e+02 1.551969178170824777e-08 7.239856933696593375e-04 0.000000000000000000e+00 1.963495408493620871e-03
2.500838651951656857e+02 1.497738912414695619e-08 6.966012591299624223e-04 0.000000000000000000e+00 1.963495408493620871e-03
2.503456645829629394e+02 1.398945247929129915e-08 6.104041149486949232e-04 0.000000000000000000e+00 1.963495408493620871e-03
2.504765642768614384e+02 1.353467921249758277e-08 5.534442077324662609e-04 0.000000000000000000e+00 1.963495408493620871e-03
2.507383636646588911e+02 1.269328127930704986e-08 4.192129339470600669e-04 0.000000000000000000e+00 1.963495408493620871e-03
2.508692633585575038e+02 1.229430562649607956e-08 3.439954378796098930e-04 0.000000000000000000e+00 1.963495408493620871e-03
2.511310627463551839e+02 1.153178460393021083e-08 1.855722093988905930e-04 0.000000000000000000e+00 1.963495408493620871e-03
2.512619624402537966e+02 1.115845491246846145e-08 1.045337473303375845e-04 0.000000000000000000e+00 1.963495408493620871e-03
2.515237618280516187e+02 1.042595816790202570e-08 -5.252779108886837002e-05 0.000000000000000000e+00 1.963495408493620871e-03
2.516546615219503451e+02 1.006302283769399136e-08 -1.267571744563891875e-04 0.000000000000000000e+00 1.963495408493620871e-03
2.519164609097482526e+02 9.348273098265944654e-09 -2.594383975793871830e-04 0.000000000000000000e+00 1.963495408493620871e-03
2.520473606036472063e+02 8.998461806631927716e-09 -3.167125886578898205e-04 0.000000000000000000e+00 1.963495408493620871e-03
2.523091599914451422e+02 8.321332452160580667e-09 -4.084175351438671569e-04 0.000000000000000000e+00 1.963495408493620871e-03
2.524400596853442096e+02 7.998587912861064069e-09 -4.422193704096255952e-04 0.000000000000000000e+00 1.963495408493620871e-03
2.527018590731423444e+02 7.390627417373918929e-09 -4.832060844211758552e-04 0.000000000000000000e+00 1.963495408493620871e-03
2.528327587670414118e+02 7.108695196994086647e-09 -4.905803881239841329e-04 0.000000000000000000e+00 1.963495408493620871e-03
2.530945581548396319e+02 6.590638871248977825e-09 -4.798485887520158397e-04 0.000000000000000000e+00 1.963495408493620871e-03
2.532254578487387562e+02 6.354167483768344668e-09 -4.625122666220811765e-04 0.000000000000000000e+00 1.963495408493620871e-03
2.534872572365370615e+02 5.923817100848738002e-09 -4.069779012534552104e-04 0.000000000000000000e+00 1.963495408493620871e-03
2.536181569304362426e+02 5.726023520406053872e-09 -3.699040106660045390e-04 0.000000000000000000e+00 1.963495408493620871e-03
2.538799563182345764e+02 5.360730382967787959e-09 -2.816394242893069540e-04 0.000000000000000000e+00 1.963495408493620871e-03
2.540108560121338712e+02 5.187840694567856488e-09 -2.319345033345276952e-04 0.000000000000000000e+00 1.963495408493620871e-03
2.542726553999322903e+02 4.857995575968512083e-09 -1.273225052294104439e-04 0.000000000000000000e+00 1.963495408493620871e-03
2.544035550938316419e+02 4.696698885291128719e-09 -7.379296093462751134e-05 0.000000000000000000e+00 1.963495408493620871e-03
2.546653544816299757e+02 4.380471105730423365e-09 3.020308671751196421e-05 0.000000000000000000e+00 1.963495408493620871e-03
2.547962541755294410e+02 4.223820027411118583e-09 7.951551781815359042e-05 0.000000000000000000e+00 1.963495408493620871e-03
2.550580535633279169e+02 3.915350151175852724e-09 1.681529055413740620e-04 0.000000000000000000e+00 1.963495408493620871e-03
2.551889532572273254e+02 3.764355408617459879e-09 2.065753902613990636e-04 0.000000000000000000e+00 1.963495408493620871e-03
2.554507526450258865e+02 3.472039564855419957e-09 2.680180538077745010e-04 0.000000000000000000e+00 1.963495408493620871e-03
2.555816523389253518e+02 3.332725229666643709e-09 2.907243616998242972e-04 0.000000000000000000e+00 1.963495408493620871e-03
2.558434517267239983e+02 3.070407335162724797e-09 3.188514459844482519e-04 0.000000000000000000e+00 1.963495408493620871e-03
2.559743514206235204e+02 2.948911226470971853e-09 3.243608893443158470e-04 0.000000000000000000e+00 1.963495408493620871e-03
2.562361508084221668e+02 2.726043701544010129e-09 3.186262463683749960e-04 0.000000000000000000e+00 1.963495408493620871e-03
2.563670505023214901e+02 2.624583769564541200e-09 3.078086494755391230e-04 0.000000000000000000e+00 1.963495408493620871e-03
2.566288498901203070e+02 2.440566085430777272e-09 2.719788626518274978e-04 0.000000000000000000e+00 1.963495408493620871e-03
2.567597495840197439e+02 2.356363966942764467e-09 2.478235500738250200e-04 0.000000000000000000e+00 1.963495408493620871e-03
2.570215489718185609e+02 2.201619530818423529e-09 1.904595959963611236e-04 0.000000000000000000e+00 1.963495408493620871e-03
2.571524486657179978e+02 2.128739843464379171e-09 1.581472874586615585e-04 0.000000000000000000e+00 1.963495408493620871e-03
2.574142480535168716e+02 1.990313385381212812e-09 8.984733923173011786e-05 0.000000000000000000e+00 1.963495408493620871e-03
2.575451477474163084e+02 1.922837697953899728e-09 5.474243138624177677e-05 0.000000000000000000e+00 1.963495408493620871e-03
2.578069471352151254e+02 1.790890715753643208e-09 -1.384632439441157677e-05 0.000000000000000000e+00 1.963495408493620871e-03
2.579378468291146760e+02 1.725603753757227712e-09 -4.646540549550746166e-05 0.000000000000000000e+00 1.963495408493620871e-03
2.581996462169134929e+02 1.597118351461935702e-09 -1.048939067828627190e-04 0.000000000000000000e+00 1.963495408493620871e-03
2.583305459108130435e+02 1.534211396961887051e-09 -1.302118069080734301e-04 0.000000000000000000e+00 1.963495408493620871e-03
2.585923452986118605e+02 1.412384881706947849e-09 -1.710888258771393943e-04 0.000000000000000000e+00 1.963495408493620871e-03
2.587232449925114111e+02 1.354307880666065802e-09 -1.864157273925630084e-04 0.000000000000000000e+00 1.963495408493620871e-03
2.589850443803103985e+02 1.244940411819476412e-09 -2.059174451713214509e-04 0.000000000000000000e+00 1.963495408493620871e-03
2.591159440742099491e+02 1.194295409687722285e-09 -2.100682279481854960e-04 0.000000000000000000e+00 1.963495408493620871e-03
2.593777434620088798e+02 1.101446129879404184e-09 -2.070735073309085670e-04 0.000000000000000000e+00 1.963495408493620871e-03
2.595086431559084303e+02 1.059237436611375754e-09 -2.003104023916312849e-04 0.000000000000000000e+00 1.963495408493620871e-03
2.597704425437073610e+02 9.828380443691006271e-10 -1.777822970711841937e-04 0.000000000000000000e+00 1.963495408493620871e-03
2.599013422376067979e+02 9.479800126649733892e-10 -1.625224961354455118e-04 0.000000000000000000e+00 1.963495408493620871e-03
2.601631416254058990e+02 8.841079435510637103e-10 -1.260321954944400693e-04 0.000000000000000000e+00 1.963495408493620871e-03
2.602940413193053359e+02 8.541096675035976959e-10 -1.053340427324466958e-04 0.000000000000000000e+00 1.963495408493620871e-03
2.605558407071044940e+02 7.972830956282668316e-10 -6.116112009810697548e-05 0.000000000000000000e+00 1.963495408493620871e-03
2.606867404010039309e+02 7.696313511103036239e-10 -3.836134585852746682e-05 0.000000000000000000e+00 1.963495408493620871e-03
2.609485397888030889e+02 7.156191146936519470e-10 5.964845934849119210e-06 0.000000000000000000e+00 1.963495408493620871e-03
2.610794394827025258e+02 6.888909720358158389e-10 2.699030551145659813e-05 0.000000000000000000e+00 1.963495408493620871e-03
2.613412388705016838e+02 6.362519593279610346e-10 6.476212011626684170e-05 0.000000000000000000e+00 1.963495408493620871e-03
2.614721385644011207e+02 6.104470170371823109e-10 8.121780852210998595e-05 0.000000000000000000e+00 1.963495408493620871e-03
2.617339379522003355e+02 5.604044876870739595e-10 1.081060810516884844e-04 0.000000000000000000e+00 1.963495408493620871e-03
2.618648376460997724e+02 5.365077841544982657e-10 1.182955627547202970e-04 0.000000000000000000e+00 1.963495408493620871e-03
2.621266370338989304e+02 4.914237950779174098e-10 1.311928073548168715e-04 0.000000000000000000e+00 1.963495408493620871e-03
2.622575367277983673e+02 4.705075836461233584e-10 1.339421745319344364e-04 0.000000000000000000e+00 1.963495408493620871e-03
2.625193361155975253e+02 4.320924797957821747e-10 1.322088157607229206e-04 0.000000000000000000e+00 1.963495408493620871e-03
2.626502358094969622e+02 4.146079689445007698e-10 1.279931651916629940e-04 0.000000000000000000e+00 1.963495408493620871e-03
2.629120351972961203e+02 3.829211472755998594e-10 1.139322232038307093e-04 0.000000000000000000e+00 1.963495408493620871e-03
2.630429348911955572e+02 3.684519838628238436e-10 1.043331827423468272e-04 0.000000000000000000e+00 1.963495408493620871e-03
2.633047342789947720e+02 3.419231271867227327e-10 8.098296671342990584e-05 0.000000000000000000e+00 1.963495408493620871e-03
2.634356339728942089e+02 3.294648955007282074e-10 6.762219231881420509e-05 0.000000000000000000e+00 1.963495408493620871e-03
2.636974333606933669e+02 3.058813142940087379e-10 3.909091546048801480e-05 0.000000000000000000e+00 1.963495408493620871e-03
2.638283330545928038e+02 2.944206584119472749e-10 2.438020807733795294e-05 0.000000000000000000e+00 1.963495408493620871e-03
2.640901324423919618e+02 2.720634003676651741e-10 -4.092164274753502904e-06 0.000000000000000000e+00 1.963495408493620871e-03
2.642210321362915124e+02 2.610178838337868839e-10 -1.759540057928330944e-05 0.000000000000000000e+00 1.963495408493620871e-03
2.644828315240907273e+02 2.393057175525207716e-10 -4.210225878770145738e-05 0.000000000000000000e+00 1.963495408493620871e-03
2.646137312179902779e+02 2.286886116992683950e-10 -5.288976656044997815e-05 0.000000000000000000e+00 1.963495408493620871e-03
2.648755306057894359e+02 2.081635123718785798e-10 -7.066848291853595196e-05 0.000000000000000000e+00 1.963495408493620871e-03
2.650064302996889865e+02 1.984010573875588975e-10 -7.746808154618076202e-05 0.000000000000000000e+00 1.963495408493620871e-03
2.652682296874881445e+02 1.800729718467284875e-10 -8.612131986793629423e-05 0.000000000000000000e+00 1.963495408493620871e-03
2.653991293813876950e+02 1.716277856373771584e-10 -8.804495715498528825e-05 0.000000000000000000e+00 1.963495408493620871e-03
2.656609287691868531e+02 1.562510623473094442e-10 -8.736625835318205860e-05 0.000000000000000000e+00 1.963495408493620871e-03
2.657918284630864036e+02 1.493339988561052934e-10 -8.493265287074976426e-05 0.000000000000000000e+00 1.963495408493620871e-03
2.660536278508856185e+02 1.369725238284309306e-10 -7.655185216849502282e-05 0.000000000000000000e+00 1.963495408493620871e-03
2.661845275447851691e+02 1.314195968202015827e-10 -7.072265191005739488e-05 0.000000000000000000e+00 1.963495408493620871e-03
2.664463269325843271e+02 1.214191944901870428e-10 -5.625863142407513777e-05 0.000000000000000000e+00 1.963495408493620871e-03
2.665772266264838777e+02 1.168028022168494319e-10 -4.788678825475769244e-05 0.000000000000000000e+00 1.963495408493620871e-03
2.668390260142830357e+02 1.082059196729925535e-10 -2.991534429635197466e-05 0.000000000000000000e+00 1.963495408493620871e-03
2.669699257081825863e+02 1.040755492719175191e-10 -2.063630886703213323e-05 0.000000000000000000e+00 1.963495408493620871e-03
2.672317250959817443e+02 9.608335319426009312e-11 -2.773872547212730919e-06 0.000000000000000000e+00 1.963495408493620871e-03
2.673626247898812949e+02 9.214269935969976582e-11 5.667165544213840329e-06 0.000000000000000000e+00 1.963495408493620871e-03
2.676244241776805097e+02 8.438981406736573262e-11 2.099943039384523098e-05 0.000000000000000000e+00 1.963495408493620871e-03
2.677553238715800603e+02 8.058044299891273411e-11 2.777971895744040908e-05 0.000000000000000000e+00 1.963495408493620871e-03
2.680171232593792183e+02 7.317024613067866936e-11 3.912485558379157253e-05 0.000000000000000000e+00 1.963495408493620871e-03
2.681480229532787689e+02 6.961492946258810544e-11 4.353158195405201932e-05 0.000000000000000000e+00 1.963495408493620871e-03
2.684098223410779269e+02 6.287087357941414868e-11 4.918086403875821194e-05 0.000000000000000000e+00 1.963495408493620871e-03
2.685407220349774775e+02 5.972256141671405056e-11 5.044243864278174052e-05 0.000000000000000000e+00 1.963495408493620871e-03
2.688025214227766924e+02 5.390155190019110150e-11 4.991553053247712039e-05 0.000000000000000000e+00 1.963495408493620871e-03
2.689334211166762429e+02 5.123506008190767022e-11 4.829018166422832463e-05 0.000000000000000000e+00 1.963495408493620871e-03
2.691952205044754010e+02 4.637024331779136131e-11 4.296822968585190054e-05 0.000000000000000000e+00 1.963495408493620871e-03
2.693261201983749515e+02 4.413516738547977912e-11 3.935314460124215454e-05 0.000000000000000000e+00 1.963495408493620871e-03
2.695879195861741096e+02 4.000927302944899956e-11 3.054082834324019387e-05 0.000000000000000000e+00 1.963495408493620871e-03
2.697188192800736601e+02 3.806033788266101498e-11 2.542916053757395364e-05 0.000000000000000000e+00 1.963495408493620871e-03
2.699806186678728182e+02 3.435319928887581488e-11 1.413705904381959788e-05 0.000000000000000000e+00 1.963495408493620871e-03
2.701115183617723687e+02 3.254740322831376578e-11 8.180524616011503768e-06 0.000000000000000000e+00 1.963495408493620871e-03
2.703733177495715836e+02 2.902509769832228978e-11 -3.457914560354261203e-06 0.000000000000000000e+00 1.963495408493620871e-03
2.705042174434711342e+02 2.728879688259671811e-11 -8.957656078676909698e-06 0.000000000000000000e+00 1.963495408493620871e-03
2.707660168312702922e+02 2.388565403864715412e-11 -1.858953005469440569e-05 0.000000000000000000e+00 1.963495408493620871e-03
2.708969165251698428e+02 2.223000143672778329e-11 -2.270974555797190890e-05 0.000000000000000000e+00 1.963495408493620871e-03
2.711587159129690008e+02 1.905012186996192550e-11 -2.951106577741259237e-05 0.000000000000000000e+00 1.963495408493620871e-03
2.712896156068685514e+02 1.755435952838213035e-11 -3.218598409260007046e-05 0.000000000000000000e+00 1.963495408493620871e-03
2.715514149946677094e+02 1.478767937425415157e-11 -3.605959153001317885e-05 0.000000000000000000e+00 1.963495408493620871e-03
2.716823146885672600e+02 1.353896792776759974e-11 -3.717802741905850805e-05 0.000000000000000000e+00 1.963495408493620871e-03
2.719441140763664748e+02 1.132250221970622376e-11 -3.745715060511161070e-05 0.000000000000000000e+00 1.963495408493620871e-03
2.720750137702660254e+02 1.035739319994219872e-11 -3.662747577711480864e-05 0.000000000000000000e+00 1.963495408493620871e-03
2.723368131580651834e+02 8.702462233628151465e-12 -3.306820477905631086e-05 0.000000000000000000e+00 1.963495408493620871e-03
2.724677128519647340e+02 7.996268635919427321e-12 -3.050026447888040871e-05 0.000000000000000000e+00 1.963495408493620871e-03
2.727295122397638920e+02 6.801913041582299275e-12 -2.443439775578196875e-05 0.000000000000000000e+00 1.963495408493620871e-03
2.728604119336634426e+02 6.285708672822663854e-12 -2.108253834974318781e-05 0.000000000000000000e+00 1.963495408493620871e-03
2.731222113214626575e+02 5.385850082113504225e-12 -1.432523551621685246e-05 0.000000000000000000e+00 1.963495408493620871e-03
2.732531110153622080e+02 4.975337109835234054e-12 -1.094523859268804916e-05 0.000000000000000000e+00 1.963495408493620871e-03
2.735149104031613660e+02 4.214502319683548235e-12 -4.284339747914699104e-06 0.000000000000000000e+00 1.963495408493620871e-03
2.736458100970609166e+02 3.849126904582008681e-12 -1.010946217555499637e-06 0.000000000000000000e+00 1.963495408493620871e-03
2.739076094848600746e+02 3.148474991695836765e-12 5.391695495579117110e-06 0.000000000000000000e+00 1.963495408493620871e-03
2.740385091787596252e+02 2.811206385939665167e-12 8.426870819376108753e-06 0.000000000000000000e+00 1.963495408493620871e-03
2.743003085665587832e+02 2.173487829886247379e-12 1.378863896552257295e-05 0.000000000000000000e+00 1.963495408493620871e-03
2.744312082604583338e+02 1.878638891213640612e-12 1.599426695215791223e-05 0.000000000000000000e+00 1.963495408493620871e-03
2.746930076482575487e+02 1.345872091218245913e-12 1.897115140970619929e-05 0.000000000000000000e+00 1.963495408493620871e-03
2.748239073421570993e+02 1.114374173386879679e-12 1.971761684448538674e-05 0.000000000000000000e+00 1.963495408493620871e-03
2.750857067299562573e+02 7.240942329492722416e-13 1.962742998152659755e-05 0.000000000000000000e+00 1.963495408493620871e-03
2.752166064238558079e+02 5.671710790762256067e-13 1.888725604280386559e-05 0.000000000000000000e+00 1.963495408493620871e-03
2.754784058116549659e+02 3.270747492416921743e-13 1.640266058693232626e-05 0.000000000000000000e+00 1.963495408493620871e-03
2.756093055055545165e+02 2.392203066672962002e-13 1.479560949885735637e-05 0.000000000000000000e+00 1.963495408493620871e-03
2.758711048933536745e+02 1.202792910028845814e-13 1.140148231872172166e-05 0.000000000000000000e+00 1.963495408493620871e-03
2.760020045872532251e+02 8.123394516887685717e-14 9.707625985558670481e-06 0.000000000000000000e+00 1.963495408493620871e-03
2.762638039750524399e+02 3.520680811031125079e-14 6.699206868625796504e-06 0.000000000000000000e+00 1.963495408493620871e-03
2.763947036689519905e+02 2.177234890764615253e-14 5.409760831424460247e-06 0.000000000000000000e+00 1.963495408493620871e-03
2.766565030567511485e+02 8.086751066870549065e-15 3.360862785817853381e-06 0.000000000000000000e+00 1.963495408493620871e-03
2.767874027506506991e+02 4.550191479131785621e-15 2.583193664846033437e-06 0.000000000000000000e+00 1.963495408493620871e-03
2.770492021384498571e+02 1.445358895495782792e-15 1.448546776299175890e-06 0.000000000000000000e+00 1.963495408493620871e-03
2.771801018323494077e+02 7.360719670075443979e-16 1.062665372131321202e-06 0.000000000000000000e+00 1.963495408493620871e-03
2.774419012201486225e+02 1.999352019397213306e-16 5.381720976353295469e-07 0.000000000000000000e+00 1.963495408493620871e-03
2.775728009140481731e+02 9.169085451829550954e-17 3.776613920386917523e-07 0.000000000000000000e+00 1.963495408493620871e-03
2.778346003018473311e+02 2.130937156522615898e-17 1.725165030726584392e-07 0.000000000000000000e+00 1.963495408493620871e-03
2.779654999957468817e+02 8.752690812726648444e-18 1.160117575375638604e-07 0.000000000000000000e+00 1.963495408493620871e-03
2.782272993835460397e+02 1.741217575242607736e-18 4.765541570003882528e-08 0.000000000000000000e+00 1.963495408493620871e-03
2.783581990774455903e+02 6.366520543940843745e-19 3.075386975149494298e-08 0.000000000000000000e+00 1.963495408493620871e-03
2.786199984652447483e+02 1.083712228035182866e-19 1.130422921030328738e-08 0.000000000000000000e+00 1.963495408493620871e-03
2.787508981591442989e+02 3.503150206561103460e-20 7.008959962250620708e-09 0.000000000000000000e+00 1.963495408493620871e-03
2.790126975469435138e+02 5.092365816415078769e-21 2.288824889567288204e-09 0.000000000000000000e+00 1.963495408493620871e-03
2.791435972408430644e+02 1.444603348594000160e-21 1.364782275083371552e-09 0.000000000000000000e+00 1.963495408493620871e-03
2.794053966286422224e+02 1.785055722420889262e-22 3.920397304045088552e-10 0.000000000000000000e+00 1.963495408493620871e-03
2.795362963225417730e+02 4.411607531288319944e-23 2.249841934883024920e-10 0.000000000000000000e+00 1.963495408493620871e-03
2.797980957103409310e+02 4.592230669815953358e-24 5.608216361543346828e-11 0.000000000000000000e+00 1.963495408493620871e-03
2.799289954042404815e+02 9.828449066488853021e-25 3.099432070960457256e-11 0.000000000000000000e+00 1.963495408493620871e-03
2.801907947920396964e+02 8.479327085540680093e-26 6.579579162231075466e-12 0.000000000000000000e+00 1.963495408493620871e-03
2.803216944859392470e+02 1.567354956440780244e-26 3.503438009009935495e-12 0.000000000000000000e+00 1.963495408493620871e-03
2.805834938737384050e+02 1.089557824313068204e-27 6.166448967211977056e-13 0.000000000000000000e+00 1.963495408493620871e-03
2.807143935676379556e+02 1.745256885004124215e-28 3.164586356450044287e-13 0.000000000000000000e+00 1.963495408493620871e-03
2.809761929554371136e+02 9.323007522904935773e-30 4.436949558891114679e-14 0.000000000000000000e+00 1.963495408493620871e-03
2.811070926493366642e+02 1.310280191266828303e-30 2.195021165374358860e-14 0.000000000000000000e+00 1.963495408493620871e-03
2.813688920371358222e+02 4.974339027505280789e-32 2.296596147674997145e-15 0.000000000000000000e+00 1.963495408493620871e-03
2.814997917310353728e+02 6.278063952423632022e-33 1.095266921950502872e-15 0.000000000000000000e+00 1.963495408493620871e-03
2.817615911188345876e+02 1.489476597077038570e-34 7.557490582764408582e-17 0.000000000000000000e+00 1.963495408493620871e-03
2.818924908127341382e+02 1.743382990618718949e-35 3.473309251288697687e-17 0.000000000000000000e+00 1.963495408493620871e-03
2.821542902005332962e+02 2.065632659262894047e-37 1.141763708066502507e-18 0.000000000000000000e+00 1.963495408493620871e-03
2.822851898944328468e+02 2.321420810307611848e-38 5.046589038918595812e-19 0.000000000000000000e+00 1.963495408493620871e-03
2.825469892822320048e+02 8.291035396330308497e-41 -2.788764499495506772e-21 0.000000000000000000e+00 1.963495408493620871e-03
2.826778889761315554e+02 9.201170234149356903e-42 -1.236224067530266211e-21 0.000000000000000000e+00 1.963495408493620871e-03
