# q:1.000000e+00, m:1.836000e+03, N:480 - x,px,py,pz,w
1.886930354836717925e+02 -2.348866601512034080e-01 -2.694052000467180852e-01 0.000000000000000000e+00 1.963495408493620871e-03
1.888252275509510980e+02 -1.976582010665508538e-01 -2.268386158495411253e-01 0.000000000000000000e+00 1.963495408493620871e-03
1.890897831126447954e+02 -1.065441381070959259e-01 -1.291867871872946494e-01 0.000000000000000000e+00 1.963495408493620871e-03
1.892216732118734797e+02 -7.172700966631412323e-02 -7.568644594540946402e-02 0.000000000000000000e+00 1.963495408493620871e-03
1.894846344457523344e+02 -2.741915246278075341e-02 3.560384401011579270e-02 0.000000000000000000e+00 1.963495408493620871e-03
1.896157224346636099e+02 -1.890313024221354499e-02 9.179002417234699562e-02 0.000000000000000000e+00 1.963495408493620871e-03
1.898774307723503227e+02 -1.819338931144899585e-02 1.999489698149832240e-01 0.000000000000000000e+00 1.963495408493620871e-03
1.900082893140521492e+02 -1.765083461372901272e-02 2.504954281958308715e-01 0.000000000000000000e+00 1.963495408493620871e-03
1.902700484303463213e+02 -1.506336373587618786e-02 3.393250920603929632e-01 0.000000000000000000e+00 1.963495408493620871e-03
1.904009474596436746e+02 -1.311028167134017410e-02 3.763745734411065857e-01 0.000000000000000000e+00 1.963495408493620871e-03
1.906627655608281771e+02 -8.493227915048992202e-03 4.315363881813383817e-01 0.000000000000000000e+00 1.963495408493620871e-03
1.907936684158070477e+02 -6.371864903180778951e-03 4.489117428975032409e-01 0.000000000000000000e+00 1.963495408493620871e-03
1.910554665908563550e+02 -2.320685141250697185e-03 4.607570258973799904e-01 0.000000000000000000e+00 1.963495408493620871e-03
1.911863654861057853e+02 -2.742588705683737804e-04 4.551221643773700753e-01 0.000000000000000000e+00 1.963495408493620871e-03
1.914481643833783266e+02 3.921199143853394686e-03 4.203796305006107237e-01 0.000000000000000000e+00 1.963495408493620871e-03
1.915790633042558966e+02 6.022382379693377169e-03 3.918314406602580457e-01 0.000000000000000000e+00 1.963495408493620871e-03
1.918408614018050002e+02 1.028484900658694495e-02 3.142891505736545854e-01 0.000000000000000000e+00 1.963495408493620871e-03
1.919717598684562461e+02 1.240947575242610720e-02 2.664559035667324327e-01 0.000000000000000000e+00 1.963495408493620871e-03
1.922335570173975441e+02 1.670210660451873497e-02 1.566219609543612890e-01 0.000000000000000000e+00 1.963495408493620871e-03
1.923644550210808575e+02 1.883446093609017491e-02 9.622395578302332664e-02 0.000000000000000000e+00 1.963495408493620871e-03
1.926262512490926326e+02 2.313118253913206551e-02 -3.007222796528657982e-02 0.000000000000000000e+00 1.963495408493620871e-03
1.927571487958405783e+02 2.526223649794102216e-02 -9.415631188817019659e-02 0.000000000000000000e+00 1.963495408493620871e-03
1.930189441026564054e+02 2.955419621880404912e-02 -2.180147955281519501e-01 0.000000000000000000e+00 1.963495408493620871e-03
1.931498411918107365e+02 3.168535198168094535e-02 -2.760404960236452210e-01 0.000000000000000000e+00 1.963495408493620871e-03
1.934116355751812080e+02 3.598512499035294576e-02 -3.783267317839655863e-01 0.000000000000000000e+00 1.963495408493620871e-03
1.935425322044994516e+02 3.812635086389302985e-02 -4.211753135770271994e-01 0.000000000000000000e+00 1.963495408493620871e-03
1.938043256575143971e+02 4.245766915288179399e-02 -4.854738429346943107e-01 0.000000000000000000e+00 1.963495408493620871e-03
1.939352218221104067e+02 4.462015141397904228e-02 -5.060802780998693295e-01 0.000000000000000000e+00 1.963495408493620871e-03
1.941970143335540513e+02 4.900111234601153831e-02 -5.213363615296821019e-01 0.000000000000000000e+00 1.963495408493620871e-03
1.943279100280946068e+02 5.118943979548946921e-02 -5.158529917011336341e-01 0.000000000000000000e+00 1.963495408493620871e-03
1.945897015885051928e+02 5.561940855607519496e-02 -4.782152754891041413e-01 0.000000000000000000e+00 1.963495408493620871e-03
1.947205968093124113e+02 5.782739568036190936e-02 -4.466841988333148383e-01 0.000000000000000000e+00 1.963495408493620871e-03
1.949823874133319350e+02 6.228393593344871970e-02 -3.603288563235481634e-01 0.000000000000000000e+00 1.963495408493620871e-03
1.951132821587343358e+02 6.449633766620779807e-02 -3.068078170037396024e-01 0.000000000000000000e+00 1.963495408493620871e-03
1.953750718063557485e+02 6.894459198132288358e-02 -1.835296308118568864e-01 0.000000000000000000e+00 1.963495408493620871e-03
1.955059660790587373e+02 7.114450641351127702e-02 -1.155782946931820238e-01 0.000000000000000000e+00 1.963495408493620871e-03
1.957677547793507813e+02 7.555484517587038318e-02 2.678371450532013309e-02 0.000000000000000000e+00 1.963495408493620871e-03
1.958986485843666401e+02 7.773206864785736636e-02 9.914916981266963525e-02 0.000000000000000000e+00 1.963495408493620871e-03
1.961604363474330626e+02 8.209467058831290687e-02 2.392672979786013565e-01 0.000000000000000000e+00 1.963495408493620871e-03
1.962913296891835842e+02 8.425094034756880346e-02 3.050455908693290308e-01 0.000000000000000000e+00 1.963495408493620871e-03
1.965531165220076844e+02 8.858043917252339527e-02 4.213015726705704456e-01 0.000000000000000000e+00 1.963495408493620871e-03
1.966840094024691439e+02 9.072733054155171506e-02 4.701844245578382653e-01 0.000000000000000000e+00 1.963495408493620871e-03
1.969457953062017452e+02 9.505138448675140572e-02 5.440179551378596656e-01 0.000000000000000000e+00 1.963495408493620871e-03
1.970766877246053923e+02 9.720205752510963082e-02 5.680131830186369024e-01 0.000000000000000000e+00 1.963495408493620871e-03
1.973384726959109230e+02 1.015424663916673631e-01 5.869041042623813764e-01 0.000000000000000000e+00 1.963495408493620871e-03
1.974693646502604736e+02 1.037029419979871581e-01 5.816387750683660318e-01 0.000000000000000000e+00 1.963495408493620871e-03
1.977311486855185194e+02 1.080610846053048635e-01 5.411462974065639475e-01 0.000000000000000000e+00 1.963495408493620871e-03
1.978620401749622886e+02 1.102256304184318081e-01 5.066123575117305045e-01 0.000000000000000000e+00 1.963495408493620871e-03
1.981238232749136898e+02 1.145790578614392929e-01 4.113504674754290269e-01 0.000000000000000000e+00 1.963495408493620871e-03
1.982547143015198117e+02 1.167320390743853686e-01 3.520657339902912852e-01 0.000000000000000000e+00 1.963495408493620871e-03
1.985164964742312179e+02 1.210443131946028761e-01 2.151363037182943139e-01 0.000000000000000000e+00 1.963495408493620871e-03
1.986473870444705199e+02 1.231676590406543537e-01 1.395050438202367071e-01 0.000000000000000000e+00 1.963495408493620871e-03
1.989091683061812432e+02 1.274067247449345297e-01 -1.919124705380459428e-02 0.000000000000000000e+00 1.963495408493620871e-03
1.990400584286179821e+02 1.294895877006836393e-01 -9.997783266137766356e-02 0.000000000000000000e+00 1.963495408493620871e-03
1.993018387965373108e+02 1.336455957850489207e-01 -2.566214578758959641e-01 0.000000000000000000e+00 1.963495408493620871e-03
1.994327284791783370e+02 1.356905278122546576e-01 -3.302838777117151903e-01 0.000000000000000000e+00 1.963495408493620871e-03
1.996945079673534167e+02 1.397807280466845103e-01 -4.607715100820070075e-01 0.000000000000000000e+00 1.963495408493620871e-03
1.998253972154660119e+02 1.418006875386900734e-01 -5.158138722313753144e-01 0.000000000000000000e+00 1.963495408493620871e-03
2.000871758312349300e+02 1.458558002682862065e-01 -5.993901671302875878e-01 0.000000000000000000e+00 1.963495408493620871e-03
2.002180646469693102e+02 1.478657070717970812e-01 -6.268645943230151119e-01 0.000000000000000000e+00 1.963495408493620871e-03
2.004798423925167299e+02 1.519112164348195293e-01 -6.495631873689234892e-01 0.000000000000000000e+00 1.963495408493620871e-03
2.006107307764870313e+02 1.539186446934961983e-01 -6.445946963596143053e-01 0.000000000000000000e+00 1.963495408493620871e-03
2.008725076530536455e+02 1.579582497526758611e-01 -6.013763430490097761e-01 0.000000000000000000e+00 1.963495408493620871e-03
2.010033956066398559e+02 1.599579518575894310e-01 -5.638880101084193797e-01 0.000000000000000000e+00 1.963495408493620871e-03
2.012651716198140832e+02 1.639691096219243471e-01 -4.597860035603821283e-01 0.000000000000000000e+00 1.963495408493620871e-03
2.013960591483143503e+02 1.659450209698868917e-01 -3.947741391158949287e-01 0.000000000000000000e+00 1.963495408493620871e-03
2.016578343130323674e+02 1.698899285539199333e-01 -2.443507640771266642e-01 0.000000000000000000e+00 1.963495408493620871e-03
2.017887214256486743e+02 1.718232868866910734e-01 -1.611263805316349718e-01 0.000000000000000000e+00 1.963495408493620871e-03
2.020504957630980130e+02 1.756685036269679534e-01 1.381185285377800609e-02 0.000000000000000000e+00 1.963495408493620871e-03
2.021813824713475185e+02 1.775479227071493638e-01 1.030081737696947330e-01 0.000000000000000000e+00 1.963495408493620871e-03
2.024431560052032921e+02 1.812829022528590905e-01 2.761821681765987968e-01 0.000000000000000000e+00 1.963495408493620871e-03
2.025740423201962699e+02 1.831109785653428079e-01 3.577348263526567429e-01 0.000000000000000000e+00 1.963495408493620871e-03
2.028358150703443528e+02 1.867540045363664802e-01 5.024179648114057706e-01 0.000000000000000000e+00 1.963495408493620871e-03
2.029667009999732272e+02 1.885448837129889421e-01 5.636036222685752994e-01 0.000000000000000000e+00 1.963495408493620871e-03
2.032284729785492914e+02 1.921300296592838852e-01 6.569665469475325370e-01 0.000000000000000000e+00 1.963495408493620871e-03
2.033593585271982818e+02 1.939004450805782431e-01 6.879680257849484226e-01 0.000000000000000000e+00 1.963495408493620871e-03
2.036211297406495078e+02 1.974568307819848378e-01 7.145698232143419260e-01 0.000000000000000000e+00 1.963495408493620871e-03
2.037520149110364116e+02 1.992158393424507956e-01 7.099689146778176418e-01 0.000000000000000000e+00 1.963495408493620871e-03
2.040137853647789541e+02 2.027494944280218148e-01 6.642898229197129467e-01 0.000000000000000000e+00 1.963495408493620871e-03
2.041446701603941847e+02 2.044925656337546749e-01 6.240235370850614194e-01 0.000000000000000000e+00 1.963495408493620871e-03
2.044064398637716806e+02 2.079816413169319755e-01 5.114675082644721815e-01 0.000000000000000000e+00 1.963495408493620871e-03
2.045373242912349951e+02 2.096927329359276060e-01 4.409125243267278949e-01 0.000000000000000000e+00 1.963495408493620871e-03
2.047990932617084923e+02 2.130986070670615740e-01 2.772728040130834071e-01 0.000000000000000000e+00 1.963495408493620871e-03
2.049299773322061640e+02 2.147580239255201806e-01 1.865939080579398501e-01 0.000000000000000000e+00 1.963495408493620871e-03
2.051917455957945151e+02 2.180444632415610706e-01 -4.133147557880634260e-03 0.000000000000000000e+00 1.963495408493620871e-03
2.053226293231690534e+02 2.196392584903278378e-01 -1.014659406690576748e-01 0.000000000000000000e+00 1.963495408493620871e-03
2.055843969079153055e+02 2.227938722211361688e-01 -2.906483414259264375e-01 0.000000000000000000e+00 1.963495408493620871e-03
2.057152803052585455e+02 2.243276642859634018e-01 -3.798662770587926119e-01 0.000000000000000000e+00 1.963495408493620871e-03
2.059770472347937584e+02 2.273727468890054393e-01 -5.384251107621618182e-01 0.000000000000000000e+00 1.963495408493620871e-03
2.061079303118364976e+02 2.288612668444310883e-01 -6.056604104567786528e-01 0.000000000000000000e+00 1.963495408493620871e-03
2.063696966015812109e+02 2.318335306683698138e-01 -7.087407570707473514e-01 0.000000000000000000e+00 1.963495408493620871e-03
2.065005793638489138e+02 2.332948237447653450e-01 -7.432876062763882352e-01 0.000000000000000000e+00 1.963495408493620871e-03
2.067623450221151131e+02 2.362261607390561680e-01 -7.739016805703951007e-01 0.000000000000000000e+00 1.963495408493620871e-03
2.068932274735036003e+02 2.376706521019323892e-01 -7.697620588114870710e-01 0.000000000000000000e+00 1.963495408493620871e-03
2.071549925082243533e+02 2.405695697173988457e-01 -7.218968390615145836e-01 0.000000000000000000e+00 1.963495408493620871e-03
2.072858746533070757e+02 2.419934789717841928e-01 -6.790672292677641941e-01 0.000000000000000000e+00 1.963495408493620871e-03
2.075476390759819196e+02 2.448384888721701902e-01 -5.587654915964644919e-01 0.000000000000000000e+00 1.963495408493620871e-03
2.076785209227640223e+02 2.462252308364604736e-01 -4.831135645187898398e-01 0.000000000000000000e+00 1.963495408493620871e-03
2.079402847538339074e+02 2.489757292138174427e-01 -3.071841797650233796e-01 0.000000000000000000e+00 1.963495408493620871e-03
2.080711663148046853e+02 2.503046516503130148e-01 -2.095026984158319672e-01 0.000000000000000000e+00 1.963495408493620871e-03
2.083329295826166856e+02 2.529235608317985662e-01 -3.792400590615030431e-03 0.000000000000000000e+00 1.963495408493620871e-03
2.084638108727444319e+02 2.541826787117858477e-01 1.013070538316744873e-01 0.000000000000000000e+00 1.963495408493620871e-03
2.087255736078188590e+02 2.566588926039207741e-01 3.057428242988647904e-01 0.000000000000000000e+00 1.963495408493620871e-03
2.088564546416789653e+02 2.578499045117393917e-01 4.022708517455841903e-01 0.000000000000000000e+00 1.963495408493620871e-03
2.091182168707421170e+02 2.602014263143621053e-01 5.741198169476058322e-01 0.000000000000000000e+00 1.963495408493620871e-03
2.092490976593414587e+02 2.613412638716092196e-01 6.471599934366473184e-01 0.000000000000000000e+00 1.963495408493620871e-03
2.095108594000440974e+02 2.636109715017017630e-01 7.594941231820200311e-01 0.000000000000000000e+00 1.963495408493620871e-03
2.096417399499966336e+02 2.647201792896665129e-01 7.974450711392296887e-01 0.000000000000000000e+00 1.963495408493620871e-03
2.099035012123330546e+02 2.669437793331204678e-01 8.322284598565061753e-01 0.000000000000000000e+00 1.963495408493620871e-03
2.100343815277772705e+02 2.680340713784949980e-01 8.287939496107493698e-01 0.000000000000000000e+00 1.963495408493620871e-03
2.102961423196479700e+02 2.702218984940465973e-01 7.793675648711573256e-01 0.000000000000000000e+00 1.963495408493620871e-03
2.104270224054439780e+02 2.712901890089844392e-01 7.343146405096574458e-01 0.000000000000000000e+00 1.963495408493620871e-03
2.106887827392411054e+02 2.734214081186743250e-01 6.068667596950463317e-01 0.000000000000000000e+00 1.963495408493620871e-03
2.108196626037897374e+02 2.744507389413431975e-01 5.264797677404232656e-01 0.000000000000000000e+00 1.963495408493620871e-03
2.110814225006560889e+02 2.764829508949581127e-01 3.394822440538975972e-01 0.000000000000000000e+00 1.963495408493620871e-03
2.112123021568154968e+02 2.774516586280169617e-01 2.355506636206533277e-01 0.000000000000000000e+00 1.963495408493620871e-03
2.114740616461616298e+02 2.793453742110851845e-01 1.629080246793401798e-02 0.000000000000000000e+00 1.963495408493620871e-03
2.116049411097840789e+02 2.802401308356541887e-01 -9.591660978715910169e-02 0.000000000000000000e+00 1.963495408493620871e-03
2.118667002240781017e+02 2.819827475832155095e-01 -3.144574752244123639e-01 0.000000000000000000e+00 1.963495408493620871e-03
2.119975795103564735e+02 2.828062746819540729e-01 -4.177914083632983111e-01 0.000000000000000000e+00 1.963495408493620871e-03
2.122593382771573829e+02 2.844190333945212368e-01 -6.019867584333182808e-01 0.000000000000000000e+00 1.963495408493620871e-03
2.123902173974946379e+02 2.851888582271248640e-01 -6.804438000121840746e-01 0.000000000000000000e+00 1.963495408493620871e-03
2.126519758352184510e+02 2.867152864433848425e-01 -8.015843972198857248e-01 0.000000000000000000e+00 1.963495408493620871e-03
2.127828547965369808e+02 2.874531078897559766e-01 -8.428477419744870858e-01 0.000000000000000000e+00 1.963495408493620871e-03
2.130446129155567405e+02 2.889324239044975817e-01 -8.817571357871885063e-01 0.000000000000000000e+00 1.963495408493620871e-03
2.131754917219936658e+02 2.896516660234954577e-01 -8.791279056116975132e-01 0.000000000000000000e+00 1.963495408493620871e-03
2.134372495298689500e+02 2.910970553967271446e-01 -8.287622586358562859e-01 0.000000000000000000e+00 1.963495408493620871e-03
2.135681281860206866e+02 2.917952879824500800e-01 -7.819932911774213347e-01 0.000000000000000000e+00 1.963495408493620871e-03
2.138298856944536226e+02 2.931864911182421873e-01 -6.487605587919118566e-01 0.000000000000000000e+00 1.963495408493620871e-03
2.139607642083539645e+02 2.938472228280941678e-01 -5.643893684369311048e-01 0.000000000000000000e+00 1.963495408493620871e-03
2.142225214379330680e+02 2.951418953165505510e-01 -3.676188195032597528e-01 0.000000000000000000e+00 1.963495408493620871e-03
2.143533998224405650e+02 2.957421790697389308e-01 -2.580853732753541907e-01 0.000000000000000000e+00 1.963495408493620871e-03
2.146151568030824706e+02 2.968959262467113502e-01 -2.695934511133102340e-02 0.000000000000000000e+00 1.963495408493620871e-03
2.147460350744879349e+02 2.974193463986860575e-01 9.140820817723716019e-02 0.000000000000000000e+00 1.963495408493620871e-03
2.150077918395457459e+02 2.984156240707535046e-01 3.222338856918062211e-01 0.000000000000000000e+00 1.963495408493620871e-03
2.151386700131674559e+02 2.988667282863463059e-01 4.315566323182313813e-01 0.000000000000000000e+00 1.963495408493620871e-03
2.154004265902120494e+02 2.997330840732230772e-01 6.268240603974706282e-01 0.000000000000000000e+00 1.963495408493620871e-03
2.155313046775896737e+02 3.001300961722006000e-01 7.102382034999573657e-01 0.000000000000000000e+00 1.963495408493620871e-03
2.157930610853151450e+02 3.009095108884540237e-01 8.395939088993963351e-01 0.000000000000000000e+00 1.963495408493620871e-03
2.159239390932522724e+02 3.012753143743263085e-01 8.840130309804015152e-01 0.000000000000000000e+00 1.963495408493620871e-03
2.161856953413707174e+02 3.020111369922471312e-01 9.269127097817189131e-01 0.000000000000000000e+00 1.963495408493620871e-03
2.163165732735376139e+02 3.023608650889856309e-01 9.251580220588951908e-01 0.000000000000000000e+00 1.963495408493620871e-03
2.165783293684555133e+02 3.030690165902767963e-01 8.744370175955562541e-01 0.000000000000000000e+00 1.963495408493620871e-03
2.167092072288265570e+02 3.034011699728869638e-01 8.264737612158297164e-01 0.000000000000000000e+00 1.963495408493620871e-03
2.169709631810812596e+02 3.040617057597235773e-01 6.889884852924554881e-01 0.000000000000000000e+00 1.963495408493620871e-03
2.171018409773064377e+02 3.043586617586328535e-01 6.015742694955350522e-01 0.000000000000000000e+00 1.963495408493620871e-03
2.173635968068149396e+02 3.049266212672780973e-01 3.970243942968378903e-01 0.000000000000000000e+00 1.963495408493620871e-03
2.174944745512705992e+02 3.051656551384575033e-01 2.828904830430206685e-01 0.000000000000000000e+00 1.963495408493620871e-03
2.177562302868341249e+02 3.055980470589316766e-01 4.174719848847457948e-02 0.000000000000000000e+00 1.963495408493620871e-03
2.178871079952872662e+02 3.057624256275137120e-01 -8.191127374529094674e-02 0.000000000000000000e+00 1.963495408493620871e-03
2.181488636697277173e+02 3.060391067842496704e-01 -3.232995888839237386e-01 0.000000000000000000e+00 1.963495408493620871e-03
2.182797413577455359e+02 3.061298095026488975e-01 -4.377592717669033240e-01 0.000000000000000000e+00 1.963495408493620871e-03
2.185414969992703220e+02 3.062732739410862215e-01 -6.423993731991670675e-01 0.000000000000000000e+00 1.963495408493620871e-03
2.186723746780419901e+02 3.063112076163261310e-01 -7.300135831902033745e-01 0.000000000000000000e+00 1.963495408493620871e-03
2.189341303037340367e+02 3.063742870688599407e-01 -8.665671428318318936e-01 0.000000000000000000e+00 1.963495408493620871e-03
2.190650079791223277e+02 3.063846940548504705e-01 -9.139342596689292719e-01 0.000000000000000000e+00 1.963495408493620871e-03
2.193267635966797116e+02 3.064124693360348317e-01 -9.611877465900711126e-01 0.000000000000000000e+00 1.963495408493620871e-03
2.194576412713576872e+02 3.064116463630215392e-01 -9.607372797425625111e-01 0.000000000000000000e+00 1.963495408493620871e-03
2.197193968851413217e+02 3.064226856774612262e-01 -9.105034412453807402e-01 0.000000000000000000e+00 1.963495408493620871e-03
2.198502745619944676e+02 3.064101274537364694e-01 -8.618158870905721081e-01 0.000000000000000000e+00 1.963495408493620871e-03
2.201120301802950223e+02 3.063855998084596410e-01 -7.213268179930077961e-01 0.000000000000000000e+00 1.963495408493620871e-03
2.202429078659230868e+02 3.063435759071511111e-01 -6.317247994572146030e-01 0.000000000000000000e+00 1.963495408493620871e-03
2.205046635068872547e+02 3.062362405562097933e-01 -4.218493497070025522e-01 0.000000000000000000e+00 1.963495408493620871e-03
2.206355412130772891e+02 3.061395193140596938e-01 -3.045374039973568481e-01 0.000000000000000000e+00 1.963495408493620871e-03
2.208972969046081971e+02 3.059012890114750083e-01 -5.598554588446041924e-02 0.000000000000000000e+00 1.963495408493620871e-03
2.210281746465699086e+02 3.057325783579902811e-01 7.174690535378935863e-02 0.000000000000000000e+00 1.963495408493620871e-03
2.212899304201018538e+02 3.053445072523565673e-01 3.213121397631605314e-01 0.000000000000000000e+00 1.963495408493620871e-03
2.214208082125246619e+02 3.051052975457141381e-01 4.398262166857294098e-01 0.000000000000000000e+00 1.963495408493620871e-03
2.216825640945019700e+02 3.045895916024877748e-01 6.521942677398204768e-01 0.000000000000000000e+00 1.963495408493620871e-03
2.218134419478896859e+02 3.042994149329985576e-01 7.433801802622482802e-01 0.000000000000000000e+00 1.963495408493620871e-03
2.220751979540870593e+02 3.037069624628936371e-01 8.860139387696115421e-01 0.000000000000000000e+00 1.963495408493620871e-03
2.222060758733845489e+02 3.033928156085600181e-01 9.358756332672528711e-01 0.000000000000000000e+00 1.963495408493620871e-03
2.224678320092097863e+02 3.027750509114542909e-01 9.869118400812354475e-01 0.000000000000000000e+00 1.963495408493620871e-03
2.225987099957790747e+02 3.024555599871600053e-01 9.877821916746207798e-01 0.000000000000000000e+00 1.963495408493620871e-03
2.228604662628888207e+02 3.018340670664987346e-01 9.391555472176427166e-01 0.000000000000000000e+00 1.963495408493620871e-03
2.229913443184314019e+02 3.015094984502447728e-01 8.906613094181626833e-01 0.000000000000000000e+00 1.963495408493620871e-03
2.232531007229108582e+02 3.008660892805627984e-01 7.490424660615376817e-01 0.000000000000000000e+00 1.963495408493620871e-03
2.233839788528802330e+02 3.005189634901550555e-01 6.581825021325677927e-01 0.000000000000000000e+00 1.963495408493620871e-03
2.236457354105646687e+02 2.998065458758525370e-01 4.447371484073960879e-01 0.000000000000000000e+00 1.963495408493620871e-03
2.237766136256797438e+02 2.994113295690046805e-01 3.252178832924605412e-01 0.000000000000000000e+00 1.963495408493620871e-03
2.240383703628598084e+02 2.985782686980037459e-01 7.191591450803447305e-02 0.000000000000000000e+00 1.963495408493620871e-03
2.241692486780128775e+02 2.981130961480821240e-01 -5.839075070316468441e-02 0.000000000000000000e+00 1.963495408493620871e-03
2.244310056256239534e+02 2.971319647084140203e-01 -3.134727281964734269e-01 0.000000000000000000e+00 1.963495408493620871e-03
2.245618840546404158e+02 2.965992320534208693e-01 -4.348642326093086208e-01 0.000000000000000000e+00 1.963495408493620871e-03
2.248236412365204728e+02 2.954991432395309703e-01 -6.528463832645388099e-01 0.000000000000000000e+00 1.963495408493620871e-03
2.249545197884482661e+02 2.949200773323998881e-01 -7.467571259449581333e-01 0.000000000000000000e+00 1.963495408493620871e-03
2.252162772173217036e+02 2.937530096251003697e-01 -8.945210944156998245e-01 0.000000000000000000e+00 1.963495408493620871e-03
2.253471558955746730e+02 2.931552966118807224e-01 -9.467136920183205628e-01 0.000000000000000000e+00 1.963495408493620871e-03
2.256089135737140907e+02 2.919749596935203306e-01 -1.001600890386981746e+00 0.000000000000000000e+00 1.963495408493620871e-03
2.257397923779977873e+02 2.913790292013622718e-01 -1.003966896720190682e+00 0.000000000000000000e+00 1.963495408493620871e-03
2.260015503036850646e+02 2.902110785831485962e-01 -9.573680526881704900e-01 0.000000000000000000e+00 1.963495408493620871e-03
2.261324292340871409e+02 2.896186903758243281e-01 -9.094998660232195276e-01 0.000000000000000000e+00 1.963495408493620871e-03
2.263941874105042302e+02 2.884462620337537864e-01 -7.687470583733764240e-01 0.000000000000000000e+00 1.963495408493620871e-03
2.265250664713350091e+02 2.878393747075005393e-01 -6.780572593281244398e-01 0.000000000000000000e+00 1.963495408493620871e-03
2.267868249125579894e+02 2.866121780690972787e-01 -4.642588467071839808e-01 0.000000000000000000e+00 1.963495408493620871e-03
2.269177041138314621e+02 2.859630380022127882e-01 -3.441541522363937844e-01 0.000000000000000000e+00 1.963495408493620871e-03
2.271794628445166779e+02 2.846266927328846563e-01 -8.875704751282167959e-02 0.000000000000000000e+00 1.963495408493620871e-03
2.273103421997970486e+02 2.839149652560575832e-01 4.295139929267205448e-02 0.000000000000000000e+00 1.963495408493620871e-03
2.275721012478982743e+02 2.824448938605720882e-01 3.010003421583005156e-01 0.000000000000000000e+00 1.963495408493620871e-03
2.277029807698912407e+02 2.816698454570118471e-01 4.239896259494917441e-01 0.000000000000000000e+00 1.963495408493620871e-03
2.279647401572693752e+02 2.800859950942440890e-01 6.453794767728335824e-01 0.000000000000000000e+00 1.963495408493620871e-03
2.280956198537160446e+02 2.792679071328890705e-01 7.410755821612682315e-01 0.000000000000000000e+00 1.963495408493620871e-03
2.283573795898439869e+02 2.776257553401152989e-01 8.923715461974104368e-01 0.000000000000000000e+00 1.963495408493620871e-03
2.284882594622474699e+02 2.767947572141211676e-01 9.463063529029693832e-01 0.000000000000000000e+00 1.963495408493620871e-03
2.287500195452776381e+02 2.751530204612062658e-01 1.004545070155874020e+00 0.000000000000000000e+00 1.963495408493620871e-03
2.288808995913217359e+02 2.743313162895130164e-01 1.008554285372999848e+00 0.000000000000000000e+00 1.963495408493620871e-03
2.291426600157249140e+02 2.727181557361466613e-01 9.652885326611039263e-01 0.000000000000000000e+00 1.963495408493620871e-03
2.292735402338214783e+02 2.719085448978061370e-01 9.190043371813382267e-01 0.000000000000000000e+00 1.963495408493620871e-03
2.295353009999580536e+02 2.703084221229364315e-01 7.808980508087637329e-01 0.000000000000000000e+00 1.963495408493620871e-03
2.296661813933138490e+02 2.694928782738539308e-01 6.912429459777627017e-01 0.000000000000000000e+00 1.963495408493620871e-03
2.299279425133466646e+02 2.678552335526011019e-01 4.789175263689270379e-01 0.000000000000000000e+00 1.963495408493620871e-03
2.300588230909359595e+02 2.670064151065760782e-01 3.593311222623452039e-01 0.000000000000000000e+00 1.963495408493620871e-03
2.303205845875933733e+02 2.652758114386106758e-01 1.049528452723708372e-01 0.000000000000000000e+00 1.963495408493620871e-03
2.304514653623440665e+02 2.643698077501976940e-01 -2.638600583519551401e-02 0.000000000000000000e+00 1.963495408493620871e-03
2.307132272624418192e+02 2.625129186206202059e-01 -2.843291585541801725e-01 0.000000000000000000e+00 1.963495408493620871e-03
2.308441082461203848e+02 2.615474037691932208e-01 -4.075910797523847329e-01 0.000000000000000000e+00 1.963495408493620871e-03
2.311058705686778296e+02 2.595856453125301999e-01 -6.300791779034951023e-01 0.000000000000000000e+00 1.963495408493620871e-03
2.312367517670150505e+02 2.585828143883843744e-01 -7.266034703660748661e-01 0.000000000000000000e+00 1.963495408493620871e-03
2.314985145167524081e+02 2.565755754441005898e-01 -8.800171265153593492e-01 0.000000000000000000e+00 1.963495408493620871e-03
2.316293959288415749e+02 2.555660654161464040e-01 -9.352774769465015403e-01 0.000000000000000000e+00 1.963495408493620871e-03
2.318911590991816638e+02 2.535721055928696899e-01 -9.967703268668453020e-01 0.000000000000000000e+00 1.963495408493620871e-03
2.320220407204757009e+02 2.525791861332388200e-01 -1.002639182373039839e+00 0.000000000000000000e+00 1.963495408493620871e-03
2.322838043018418261e+02 2.506299149614371613e-01 -9.632818871813342287e-01 0.000000000000000000e+00 1.963495408493620871e-03
2.324146861290288655e+02 2.496576993757774476e-01 -9.190230662973710718e-01 0.000000000000000000e+00 1.963495408493620871e-03
2.326764501189014993e+02 2.477398372444285513e-01 -7.850549842390562860e-01 0.000000000000000000e+00 1.963495408493620871e-03
2.328073321539973222e+02 2.467714795710301834e-01 -6.975238084182675546e-01 0.000000000000000000e+00 1.963495408493620871e-03
2.330690965627694311e+02 2.448351097419032008e-01 -4.896763016996951157e-01 0.000000000000000000e+00 1.963495408493620871e-03
2.331999788142659327e+02 2.438413878930374423e-01 -3.723192347250624534e-01 0.000000000000000000e+00 1.963495408493620871e-03
2.334617436640264145e+02 2.418255258185951773e-01 -1.220186514859865901e-01 0.000000000000000000e+00 1.963495408493620871e-03
2.335926261443040914e+02 2.407809504913189236e-01 7.571372326404202102e-03 0.000000000000000000e+00 1.963495408493620871e-03
2.338543914598556626e+02 2.386518095265287021e-01 2.628494817390171212e-01 0.000000000000000000e+00 1.963495408493620871e-03
2.339852741789323147e+02 2.375550684662070255e-01 3.851870441435778503e-01 0.000000000000000000e+00 1.963495408493620871e-03
2.342470399748743546e+02 2.353351955981350663e-01 6.064889320129848160e-01 0.000000000000000000e+00 1.963495408493620871e-03
2.343779229362652359e+02 2.342061551918421525e-01 7.028213438699366655e-01 0.000000000000000000e+00 1.963495408493620871e-03
2.346396892126936677e+02 2.319490196583291475e-01 8.568209866262113117e-01 0.000000000000000000e+00 1.963495408493620871e-03
2.347705724129043858e+02 2.308184132822027890e-01 9.128865464430050425e-01 0.000000000000000000e+00 1.963495408493620871e-03
2.350323391578593828e+02 2.285869368769364307e-01 9.770570013155150946e-01 0.000000000000000000e+00 1.963495408493620871e-03
2.351632225898383410e+02 2.274800894852713196e-01 9.847597045608080801e-01 0.000000000000000000e+00 1.963495408493620871e-03
2.354249897894138996e+02 2.253092207110822254e-01 9.498956090409319541e-01 0.000000000000000000e+00 1.963495408493620871e-03
2.355558734482116847e+02 2.242316077861317702e-01 9.082746012492144416e-01 0.000000000000000000e+00 1.963495408493620871e-03
2.358176410976738850e+02 2.221099173904800828e-01 7.803115501378607988e-01 0.000000000000000000e+00 1.963495408493620871e-03
2.359485249846974284e+02 2.210451527543668970e-01 6.960738135880060184e-01 0.000000000000000000e+00 1.963495408493620871e-03
2.362102930939937551e+02 2.189225368503412150e-01 4.951835919279434783e-01 0.000000000000000000e+00 1.963495408493620871e-03
2.363411772177172168e+02 2.178406154678468321e-01 3.813480247436787374e-01 0.000000000000000000e+00 1.963495408493620871e-03
2.366029458086115369e+02 2.156548852569057650e-01 1.377282592983583576e-01 0.000000000000000000e+00 1.963495408493620871e-03
2.367338301806081802e+02 2.145311149315728971e-01 1.122289865517173135e-02 0.000000000000000000e+00 1.963495408493620871e-03
2.369955992752302620e+02 2.122494153777716719e-01 -2.385720173441835401e-01 0.000000000000000000e+00 1.963495408493620871e-03
2.371264839039022263e+02 2.110798128676252550e-01 -3.585955790450288116e-01 0.000000000000000000e+00 1.963495408493620871e-03
2.373882535128017537e+02 2.087171575201631213e-01 -5.763373345921991575e-01 0.000000000000000000e+00 1.963495408493620871e-03
2.375191383990360237e+02 2.075201209234904809e-01 -6.715008305691611001e-01 0.000000000000000000e+00 1.963495408493620871e-03
2.377809085162304541e+02 2.051301689239387605e-01 -8.245931000097819208e-01 0.000000000000000000e+00 1.963495408493620871e-03
2.379117936534156854e+02 2.039366413045747839e-01 -8.809328742418326419e-01 0.000000000000000000e+00 1.963495408493620871e-03
2.381735642610255468e+02 2.015829214103449785e-01 -9.471004574399363163e-01 0.000000000000000000e+00 1.963495408493620871e-03
2.383044496396323382e+02 2.004188346742870053e-01 -9.565337818787631452e-01 0.000000000000000000e+00 1.963495408493620871e-03
2.385662207199699480e+02 1.981382677012733518e-01 -9.266071336270451653e-01 0.000000000000000000e+00 1.963495408493620871e-03
2.386971063338565955e+02 1.970106356001910530e-01 -8.881458775997259636e-01 0.000000000000000000e+00 1.963495408493620871e-03
2.389588778811565248e+02 1.947950590987452546e-01 -7.677275206915389338e-01 0.000000000000000000e+00 1.963495408493620871e-03
2.390897637318255704e+02 1.936885562898605362e-01 -6.877463849491998182e-01 0.000000000000000000e+00 1.963495408493620871e-03
2.393515357569702928e+02 1.914892526532868677e-01 -4.959029949769564460e-01 0.000000000000000000e+00 1.963495408493620871e-03
2.394824218533495639e+02 1.903745186633298281e-01 -3.867340159259491927e-01 0.000000000000000000e+00 1.963495408493620871e-03
2.397441943784581042e+02 1.881300931288474587e-01 -1.523388581952234422e-01 0.000000000000000000e+00 1.963495408493620871e-03
2.398750807316753253e+02 1.869821139312390357e-01 -3.027333814892907426e-02 0.000000000000000000e+00 1.963495408493620871e-03
2.401368537765336271e+02 1.846576402996029653e-01 2.113466544073410169e-01 0.000000000000000000e+00 1.963495408493620871e-03
2.402677403930011906e+02 1.834706629636216058e-01 3.277657403224497612e-01 0.000000000000000000e+00 1.963495408493620871e-03
2.405295139626886680e+02 1.810769743452335656e-01 5.396728957075186406e-01 0.000000000000000000e+00 1.963495408493620871e-03
2.406604008399793031e+02 1.798675611220608705e-01 6.326873709868199303e-01 0.000000000000000000e+00 1.963495408493620871e-03
2.409221749212366035e+02 1.774552699670230438e-01 7.832553926463472482e-01 0.000000000000000000e+00 1.963495408493620871e-03
2.410530620491866500e+02 1.762532377957449214e-01 8.392725182601333822e-01 0.000000000000000000e+00 1.963495408493620871e-03
2.413148366177792070e+02 1.738845736914663154e-01 9.068280504270540554e-01 0.000000000000000000e+00 1.963495408493620871e-03
2.414457239844724654e+02 1.727159264995276056e-01 9.179590171454603542e-01 0.000000000000000000e+00 1.963495408493620871e-03
2.417074990197744739e+02 1.704292071569795952e-01 8.933684954215845853e-01 0.000000000000000000e+00 1.963495408493620871e-03
2.418383866186390492e+02 1.693022439175808080e-01 8.584684136194489223e-01 0.000000000000000000e+00 1.963495408493620871e-03
2.421001621158452508e+02 1.670926778498620646e-01 7.466778804276306136e-01 0.000000000000000000e+00 1.963495408493620871e-03
2.422310499495251577e+02 1.659939283695053280e-01 6.716507639658779727e-01 0.000000000000000000e+00 1.963495408493620871e-03
2.424928259224188025e+02 1.638165641040019160e-01 4.906068739602264528e-01 0.000000000000000000e+00 1.963495408493620871e-03
2.426237140010651387e+02 1.627183073618335696e-01 3.871436979719684590e-01 0.000000000000000000e+00 1.963495408493620871e-03
2.428854904731725526e+02 1.605138781514574287e-01 1.642974105399920559e-01 0.000000000000000000e+00 1.963495408493620871e-03
2.430163788077114191e+02 1.593909765845436810e-01 4.790913534405369378e-02 0.000000000000000000e+00 1.963495408493620871e-03
2.432781557962895249e+02 1.571226511708518625e-01 -1.831151837235408530e-01 0.000000000000000000e+00 1.963495408493620871e-03
2.434090443906451640e+02 1.559680316672664713e-01 -2.947675263271152257e-01 0.000000000000000000e+00 1.963495408493620871e-03
2.436708218937400829e+02 1.536431086408567293e-01 -4.987133644755289419e-01 0.000000000000000000e+00 1.963495408493620871e-03
2.438017107413224664e+02 1.524708647984959475e-01 -5.886368414584413067e-01 0.000000000000000000e+00 1.963495408493620871e-03
2.440634887368546799e+02 1.501343914793903389e-01 -7.351412209304871714e-01 0.000000000000000000e+00 1.963495408493620871e-03
2.441943778234676188e+02 1.489719464498356905e-01 -7.902474817049629507e-01 0.000000000000000000e+00 1.963495408493620871e-03
2.444561562805760389e+02 1.466826687479336477e-01 -8.584223228212094492e-01 0.000000000000000000e+00 1.963495408493620871e-03
2.445870455921717053e+02 1.455554354005565432e-01 -8.710830483838087890e-01 0.000000000000000000e+00 1.963495408493620871e-03
2.448488244885764971e+02 1.433523440392402981e-01 -8.519758414421774173e-01 0.000000000000000000e+00 1.963495408493620871e-03
2.449797140191799656e+02 1.422696546488496916e-01 -8.209253094317729982e-01 0.000000000000000000e+00 1.963495408493620871e-03
2.452414933535928867e+02 1.401514067707887168e-01 -7.186574234511505788e-01 0.000000000000000000e+00 1.963495408493620871e-03
2.453723831083029552e+02 1.391022946333221877e-01 -6.491687250896263084e-01 0.000000000000000000e+00 1.963495408493620871e-03
2.456341628998143563e+02 1.370299666947476513e-01 -4.802679811667586729e-01 0.000000000000000000e+00 1.963495408493620871e-03
2.457650528908960723e+02 1.359897002292466961e-01 -3.832927490802023884e-01 0.000000000000000000e+00 1.963495408493620871e-03
2.460268331655215945e+02 1.339085051833969198e-01 -1.738531777550411939e-01 0.000000000000000000e+00 1.963495408493620871e-03
2.461577234038472284e+02 1.328522465311074152e-01 -6.418590299987203540e-02 0.000000000000000000e+00 1.963495408493620871e-03
2.464195041758305820e+02 1.307233319603231525e-01 1.540706065207220199e-01 0.000000000000000000e+00 1.963495408493620871e-03
2.465503946622166893e+02 1.296426320637499019e-01 2.598790558676237206e-01 0.000000000000000000e+00 1.963495408493620871e-03
2.468121759208146671e+02 1.274695505445527510e-01 4.539470845449423697e-01 0.000000000000000000e+00 1.963495408493620871e-03
2.469430666435740136e+02 1.263756637080208356e-01 5.399492578576092772e-01 0.000000000000000000e+00 1.963495408493620871e-03
2.472048483562060426e+02 1.241965609873962872e-01 6.810350006744024798e-01 0.000000000000000000e+00 1.963495408493620871e-03
2.473357392965848476e+02 1.231135422531366708e-01 7.347028286019847698e-01 0.000000000000000000e+00 1.963495408493620871e-03
2.475975214255433343e+02 1.209813194242571888e-01 8.027392636028303219e-01 0.000000000000000000e+00 1.963495408493620871e-03
2.477284125677994382e+02 1.199328122488912962e-01 8.166875711735144261e-01 0.000000000000000000e+00 1.963495408493620871e-03
2.479901950909797961e+02 1.178854015701114727e-01 8.028073938960585965e-01 0.000000000000000000e+00 1.963495408493620871e-03
2.481210864309968258e+02 1.168816896128032079e-01 7.756299886707872515e-01 0.000000000000000000e+00 1.963495408493620871e-03
2.483828693535714649e+02 1.149222199537058564e-01 6.833766827172882419e-01 0.000000000000000000e+00 1.963495408493620871e-03
2.485137609003855914e+02 1.139556041223906413e-01 6.198788531568054649e-01 0.000000000000000000e+00 1.963495408493620871e-03
2.487755442494759848e+02 1.120529043887848464e-01 4.643644605234040212e-01 0.000000000000000000e+00 1.963495408493620871e-03
2.489064360185105329e+02 1.111024327531772160e-01 3.746136800106761311e-01 0.000000000000000000e+00 1.963495408493620871e-03
2.491682198237731427e+02 1.092082056924760375e-01 1.800561133056859942e-01 0.000000000000000000e+00 1.963495408493620871e-03
2.492991118257548067e+02 1.082509494198235500e-01 7.786096050658161682e-02 0.000000000000000000e+00 1.963495408493620871e-03
2.495608960972820114e+02 1.063266878087768957e-01 -1.260685024453402914e-01 0.000000000000000000e+00 1.963495408493620871e-03
2.496917883292013300e+02 1.053519368674675494e-01 -2.252363543995193895e-01 0.000000000000000000e+00 1.963495408493620871e-03
2.499535730458174783e+02 1.033939038040918301e-01 -4.078626931791752286e-01 0.000000000000000000e+00 1.963495408493620871e-03
2.500844654899889861e+02 1.024094489879560643e-01 -4.891901770053069809e-01 0.000000000000000000e+00 1.963495408493620871e-03
2.503462506070230518e+02 1.004487177849909263e-01 -6.234751989288819241e-01 0.000000000000000000e+00 1.963495408493620871e-03
2.504771432397345166e+02 9.947451853823319201e-02 -6.750857580458741181e-01 0.000000000000000000e+00 1.963495408493620871e-03
2.507389287127365947e+02 9.755596115222620046e-02 -7.419374493190521447e-01 0.000000000000000000e+00 1.963495408493620871e-03
2.508698215171371828e+02 9.661299864096845047e-02 -7.567844150564898564e-01 0.000000000000000000e+00 1.963495408493620871e-03
2.511316073262508723e+02 9.477250459530216220e-02 -7.477758605085649268e-01 0.000000000000000000e+00 1.963495408493620871e-03
2.512625003014247795e+02 9.387217667027575319e-02 -7.244738677781095149e-01 0.000000000000000000e+00 1.963495408493620871e-03
2.515242864613300355e+02 9.211841719509983317e-02 -6.424721325539740624e-01 0.000000000000000000e+00 1.963495408493620871e-03
2.516551796217787569e+02 9.125676389736192551e-02 -5.851986596952050146e-01 0.000000000000000000e+00 1.963495408493620871e-03
2.519169661704205510e+02 8.956709574164453680e-02 -4.437522536883381497e-01 0.000000000000000000e+00 1.963495408493620871e-03
2.520478595357961069e+02 8.872725409968890142e-02 -3.616656516827039258e-01 0.000000000000000000e+00 1.963495408493620871e-03
2.523096465077371704e+02 8.706082635148701399e-02 -1.830204272040174551e-01 0.000000000000000000e+00 1.963495408493620871e-03
2.524405400886557516e+02 8.622280902744781927e-02 -8.887408951549853608e-02 0.000000000000000000e+00 1.963495408493620871e-03
2.527023274888526032e+02 8.454393686179040301e-02 9.952226434332134275e-02 0.000000000000000000e+00 1.963495408493620871e-03
2.528332212775772518e+02 8.369561689969447216e-02 1.914192106826337891e-01 0.000000000000000000e+00 1.963495408493620871e-03
2.530950090722969037e+02 8.199327641916737131e-02 3.613010907921238024e-01 0.000000000000000000e+00 1.963495408493620871e-03
2.532259030443076426e+02 8.113753055618506960e-02 4.373155109217983227e-01 0.000000000000000000e+00 1.963495408493620871e-03
2.534876911756704772e+02 7.943187454398703551e-02 5.636957598784659851e-01 0.000000000000000000e+00 1.963495408493620871e-03
2.536185853020603247e+02 7.858372093062067354e-02 6.127733821316232454e-01 0.000000000000000000e+00 1.963495408493620871e-03
2.538803737191601613e+02 7.691140519560907274e-02 6.776094242870023265e-01 0.000000000000000000e+00 1.963495408493620871e-03
2.540112679825593034e+02 7.608914921634621353e-02 6.929794099231814108e-01 0.000000000000000000e+00 1.963495408493620871e-03
2.542730566697514121e+02 7.448399999702716434e-02 6.880928205083467475e-01 0.000000000000000000e+00 1.963495408493620871e-03
2.544039510737437695e+02 7.370012196134061166e-02 6.683519148844778712e-01 0.000000000000000000e+00 1.963495408493620871e-03
2.546657400581787272e+02 7.217638351838467914e-02 5.963266417308898948e-01 0.000000000000000000e+00 1.963495408493620871e-03
2.547966346241884139e+02 7.143081605423756697e-02 5.453175090128145053e-01 0.000000000000000000e+00 1.963495408493620871e-03
2.550584239572064575e+02 6.997503073923500017e-02 4.183687205714772817e-01 0.000000000000000000e+00 1.963495408493620871e-03
2.551893187100134526e+02 6.925559919713661361e-02 3.442855856436149442e-01 0.000000000000000000e+00 1.963495408493620871e-03
2.554511084320914733e+02 6.783544933682933431e-02 1.822692086169213355e-01 0.000000000000000000e+00 1.963495408493620871e-03
2.555820033823287361e+02 6.712505779431354735e-02 9.653373954069921492e-02 0.000000000000000000e+00 1.963495408493620871e-03
2.558437934927444815e+02 6.570757914052209603e-02 -7.567078855812409133e-02 0.000000000000000000e+00 1.963495408493620871e-03
2.559746886272485540e+02 6.499356220317642485e-02 -1.599593853646347208e-01 0.000000000000000000e+00 1.963495408493620871e-03
2.562364790778548240e+02 6.356260164144229841e-02 -3.162569512871459265e-01 0.000000000000000000e+00 1.963495408493620871e-03
2.563673743644091019e+02 6.284303027574129896e-02 -3.864609310724325120e-01 0.000000000000000000e+00 1.963495408493620871e-03
2.566291650828055140e+02 6.140662593350697251e-02 -5.038172544537083963e-01 0.000000000000000000e+00 1.963495408493620871e-03
2.567600604870320353e+02 6.069082986122330270e-02 -5.497963491032304972e-01 0.000000000000000000e+00 1.963495408493620871e-03
2.570218514160744689e+02 5.927606838144981738e-02 -6.117025165858325231e-01 0.000000000000000000e+00 1.963495408493620871e-03
2.571527469205925627e+02 5.857928183886951246e-02 -6.272497777002548069e-01 0.000000000000000000e+00 1.963495408493620871e-03
2.574145380505908633e+02 5.721740932206965252e-02 -6.260298050095836064e-01 0.000000000000000000e+00 1.963495408493620871e-03
2.575454336646430420e+02 5.655283588638752856e-02 -6.096942068501483014e-01 0.000000000000000000e+00 1.963495408493620871e-03
2.578072250377708201e+02 5.526333127960360997e-02 -5.472924656646638297e-01 0.000000000000000000e+00 1.963495408493620871e-03
2.579381207908474494e+02 5.463531152109735861e-02 -5.023656628410378966e-01 0.000000000000000000e+00 1.963495408493620871e-03
2.581999124736767044e+02 5.341562623715133407e-02 -3.895931178020148877e-01 0.000000000000000000e+00 1.963495408493620871e-03
2.583308083962782575e+02 5.281728159914444998e-02 -3.234176156648653766e-01 0.000000000000000000e+00 1.963495408493620871e-03
2.585926004357338002e+02 5.164427593352642620e-02 -1.781313490048901105e-01 0.000000000000000000e+00 1.963495408493620871e-03
2.587234965384469092e+02 5.106150885911445864e-02 -1.009916710384524130e-01 0.000000000000000000e+00 1.963495408493620871e-03
2.589852889275137500e+02 4.990471879508270869e-02 5.444143713687271680e-02 0.000000000000000000e+00 1.963495408493620871e-03
2.591161851913170153e+02 4.932401653470828290e-02 1.307632929221926310e-01 0.000000000000000000e+00 1.963495408493620871e-03
2.593779778664221567e+02 4.816175436097418217e-02 2.727763496134051335e-01 0.000000000000000000e+00 1.963495408493620871e-03
2.595088742508922905e+02 4.757669996291764847e-02 3.368328676859986270e-01 0.000000000000000000e+00 1.963495408493620871e-03
2.597706671242922880e+02 4.640584123558953028e-02 4.445447345174887710e-01 0.000000000000000000e+00 1.963495408493620871e-03
2.599015635894230059e+02 4.582009492857266192e-02 4.871359335010313485e-01 0.000000000000000000e+00 1.963495408493620871e-03
2.601633565979544187e+02 4.465760267876243972e-02 5.455576956232752739e-01 0.000000000000000000e+00 1.963495408493620871e-03
2.602942531267308937e+02 4.408308360866010356e-02 5.610100323677429390e-01 0.000000000000000000e+00 1.963495408493620871e-03
2.605560462678107569e+02 4.295731306626600354e-02 5.628961267859950990e-01 0.000000000000000000e+00 1.963495408493620871e-03
2.606869428758249114e+02 4.240791720211578575e-02 5.496802966421188152e-01 0.000000000000000000e+00 1.963495408493620871e-03
2.609487362081317201e+02 4.134358783844105378e-02 4.963297156531965015e-01 0.000000000000000000e+00 1.963495408493620871e-03
2.610796329336364465e+02 4.082794571726557770e-02 4.572078497517266249e-01 0.000000000000000000e+00 1.963495408493620871e-03
2.613414265401273724e+02 3.983327095810712537e-02 3.581073676141092177e-01 0.000000000000000000e+00 1.963495408493620871e-03
2.614723234196853809e+02 3.935005256508849331e-02 2.996258427033955396e-01 0.000000000000000000e+00 1.963495408493620871e-03
2.617341173539937245e+02 3.841182907504771260e-02 1.707648673019037111e-01 0.000000000000000000e+00 1.963495408493620871e-03
2.618650143981059273e+02 3.795012290826435541e-02 1.021384090428023306e-01 0.000000000000000000e+00 1.963495408493620871e-03
2.621268086466466798e+02 3.704027107076549724e-02 -3.652255431508083516e-02 0.000000000000000000e+00 1.963495408493620871e-03
2.622577058303077706e+02 3.658539175369282526e-02 -1.048120433463425871e-01 0.000000000000000000e+00 1.963495408493620871e-03
2.625195003138937864e+02 3.567606457423236344e-02 -2.323569533242154650e-01 0.000000000000000000e+00 1.963495408493620871e-03
2.626503975884216970e+02 3.521723679447542887e-02 -2.901401230616352800e-01 0.000000000000000000e+00 1.963495408493620871e-03
2.629121922039526567e+02 3.429498305529304902e-02 -3.878626522710260094e-01 0.000000000000000000e+00 1.963495408493620871e-03
2.630430895237595337e+02 3.383060313461858093e-02 -4.268273665546220563e-01 0.000000000000000000e+00 1.963495408493620871e-03
2.633048842022911344e+02 3.290279260706770181e-02 -4.810814490339815341e-01 0.000000000000000000e+00 1.963495408493620871e-03
2.634357815509222860e+02 3.244142375055967392e-02 -4.960227855312788203e-01 0.000000000000000000e+00 1.963495408493620871e-03
2.636975762974385589e+02 3.153321166728213776e-02 -5.001492866097516643e-01 0.000000000000000000e+00 1.963495408493620871e-03
2.638284736970363156e+02 3.108945470608170600e-02 -4.896293441234623178e-01 0.000000000000000000e+00 1.963495408493620871e-03
2.640902685870524351e+02 3.023091493527103185e-02 -4.446012450306858210e-01 0.000000000000000000e+00 1.963495408493620871e-03
2.642211660847702319e+02 2.981756733451892613e-02 -4.109672588025281015e-01 0.000000000000000000e+00 1.963495408493620871e-03
2.644829612178832008e+02 2.902702164572837709e-02 -3.249472106209790323e-01 0.000000000000000000e+00 1.963495408493620871e-03
2.646138588565084433e+02 2.864778039202538207e-02 -2.738778869446652497e-01 0.000000000000000000e+00 1.963495408493620871e-03
2.648756542934336267e+02 2.792098248378769784e-02 -1.608732816700144397e-01 0.000000000000000000e+00 1.963495408493620871e-03
2.650065520835872803e+02 2.756801733805046284e-02 -1.004881755682746625e-01 0.000000000000000000e+00 1.963495408493620871e-03
2.652683478046437244e+02 2.687968357203745010e-02 2.186400276324948488e-02 0.000000000000000000e+00 1.963495408493620871e-03
2.653992457156026035e+02 2.653751962740986264e-02 8.228959244275635410e-02 0.000000000000000000e+00 1.963495408493620871e-03
2.656610416265980348e+02 2.585442339993033328e-02 1.954908526931807833e-01 0.000000000000000000e+00 1.963495408493620871e-03
2.657919396017630334e+02 2.550810592348351849e-02 2.469659489554435483e-01 0.000000000000000000e+00 1.963495408493620871e-03
2.660537355849126016e+02 2.480674144137544335e-02 3.344772440377518086e-01 0.000000000000000000e+00 1.963495408493620871e-03
2.661846335733513342e+02 2.444976443045985409e-02 3.696411148947399417e-01 0.000000000000000000e+00 1.963495408493620871e-03
2.664464295541096703e+02 2.372893064923113637e-02 4.193060638123325967e-01 0.000000000000000000e+00 1.963495408493620871e-03
2.665773275398352666e+02 2.336697488050640259e-02 4.334787813262765410e-01 0.000000000000000000e+00 1.963495408493620871e-03
2.668391235302534596e+02 2.264923570220344143e-02 4.391959747479207143e-01 0.000000000000000000e+00 1.963495408493620871e-03
2.669700215416088440e+02 2.229754749157824775e-02 4.309866016079199613e-01 0.000000000000000000e+00 1.963495408493620871e-03
2.672318176332486814e+02 2.161763691847943050e-02 3.934158683578653504e-01 0.000000000000000000e+00 1.963495408493620871e-03
2.673627157259246019e+02 2.129267461082714682e-02 3.648105523097162628e-01 0.000000000000000000e+00 1.963495408493620871e-03
2.676245120345092232e+02 2.067783088726650106e-02 2.909790657060458141e-01 0.000000000000000000e+00 1.963495408493620871e-03
2.677554102574449075e+02 2.038773594800666333e-02 2.468929706175154448e-01 0.000000000000000000e+00 1.963495408493620871e-03
2.680172068510661347e+02 1.984165603717545634e-02 1.489320601947572986e-01 0.000000000000000000e+00 1.963495408493620871e-03
2.681481052154080089e+02 1.958136040213556001e-02 9.640699572086809666e-02 0.000000000000000000e+00 1.963495408493620871e-03
2.684099020694896467e+02 1.908146179593358388e-02 -1.034334491949420731e-02 0.000000000000000000e+00 1.963495408493620871e-03
2.685408005395142368e+02 1.883505682108881432e-02 -6.321779015497880350e-02 0.000000000000000000e+00 1.963495408493620871e-03
2.688025975463721693e+02 1.834400860745183034e-02 -1.625719630092535284e-01 0.000000000000000000e+00 1.963495408493620871e-03
2.689334960582390863e+02 1.809308838427864385e-02 -2.079070496878910324e-01 0.000000000000000000e+00 1.963495408493620871e-03
2.691952930864376867e+02 1.757876950000619373e-02 -2.853232687607801799e-01 0.000000000000000000e+00 1.963495408493620871e-03
2.693261915841239897e+02 1.731250485582262050e-02 -3.166344878714191791e-01 0.000000000000000000e+00 1.963495408493620871e-03
2.695879885534542950e+02 1.676602139374759950e-02 -3.613895082134571113e-01 0.000000000000000000e+00 1.963495408493620871e-03
2.697188870210791833e+02 1.648749920054151316e-02 -3.745397327293349399e-01 0.000000000000000000e+00 1.963495408493620871e-03
2.699806839493893449e+02 1.592900825369657561e-02 -3.812141476166850396e-01 0.000000000000000000e+00 1.963495408493620871e-03
2.701115824206714251e+02 1.565391543334484006e-02 -3.749395451979969929e-01 0.000000000000000000e+00 1.963495408493620871e-03
2.703733794137597215e+02 1.512190792616366353e-02 -3.439712853044122887e-01 0.000000000000000000e+00 1.963495408493620871e-03
2.705042779521198781e+02 1.486974816836876719e-02 -3.199206184941711939e-01 0.000000000000000000e+00 1.963495408493620871e-03
2.707660751405784936e+02 1.439904824853190102e-02 -2.572553242265115392e-01 0.000000000000000000e+00 1.963495408493620871e-03
2.708969738008043464e+02 1.418186773927550964e-02 -2.196190328918590229e-01 0.000000000000000000e+00 1.963495408493620871e-03
2.711587712602236024e+02 1.378330267238709640e-02 -1.356478172067971666e-01 0.000000000000000000e+00 1.963495408493620871e-03
2.712896700544434907e+02 1.359853593339415204e-02 -9.047656251935246030e-02 0.000000000000000000e+00 1.963495408493620871e-03
2.715514677569580613e+02 1.325207816984077212e-02 1.588239028505744610e-03 0.000000000000000000e+00 1.963495408493620871e-03
2.716823666454882300e+02 1.308358315767605730e-02 4.731279092210630144e-02 0.000000000000000000e+00 1.963495408493620871e-03
2.719441644721889020e+02 1.274874996204953918e-02 1.334759728211733498e-01 0.000000000000000000e+00 1.963495408493620871e-03
2.720750633849599467e+02 1.257542625060828478e-02 1.729216236906039872e-01 0.000000000000000000e+00 1.963495408493620871e-03
2.723368611923141316e+02 1.221325367558213915e-02 2.405740876427823194e-01 0.000000000000000000e+00 1.963495408493620871e-03
2.724677600685936341e+02 1.202072001143486557e-02 2.681095736598918533e-01 0.000000000000000000e+00 1.963495408493620871e-03
2.727295577706211702e+02 1.161574876445437346e-02 3.079172332048553118e-01 0.000000000000000000e+00 1.963495408493620871e-03
2.728604565941130318e+02 1.140471806477564090e-02 3.199258368075721948e-01 0.000000000000000000e+00 1.963495408493620871e-03
2.731222542126330950e+02 1.097453233285893004e-02 3.270999926769617705e-01 0.000000000000000000e+00 1.963495408493620871e-03
2.732531530212488065e+02 1.076080411621378394e-02 3.224273447369544465e-01 0.000000000000000000e+00 1.963495408493620871e-03
2.735149506736710237e+02 1.034665545831608274e-02 2.972097103925293027e-01 0.000000000000000000e+00 1.963495408493620871e-03
2.736458495373228743e+02 1.015220667391860364e-02 2.772081133576665413e-01 0.000000000000000000e+00 1.963495408493620871e-03
2.739076473670949667e+02 9.795284123231776802e-03 2.245913767151958007e-01 0.000000000000000000e+00 1.963495408493620871e-03
2.740385463458503068e+02 9.635466339100763611e-03 1.928089946711410430e-01 0.000000000000000000e+00 1.963495408493620871e-03
2.743003444358793104e+02 9.352713466958243252e-03 1.216246708556666251e-01 0.000000000000000000e+00 1.963495408493620871e-03
2.744312435432991606e+02 9.227191095569067456e-03 8.321488839797826220e-02 0.000000000000000000e+00 1.963495408493620871e-03
2.746930418642634777e+02 9.001087050351375476e-03 4.725602469134865258e-03 0.000000000000000000e+00 1.963495408493620871e-03
2.748239410579499236e+02 8.893738331620652804e-03 -3.435559206989471925e-02 0.000000000000000000e+00 1.963495408493620871e-03
2.750857394825438291e+02 8.681629462313596862e-03 -1.082010346306468418e-01 0.000000000000000000e+00 1.963495408493620871e-03
2.752166386875362036e+02 8.569330266073132280e-03 -1.421144621216226533e-01 0.000000000000000000e+00 1.963495408493620871e-03
2.754784370623183349e+02 8.326929432397878195e-03 -2.005222200047335201e-01 0.000000000000000000e+00 1.963495408493620871e-03
2.756093362137909253e+02 8.192454017493928237e-03 -2.244372457572110791e-01 0.000000000000000000e+00 1.963495408493620871e-03
2.758711344471826692e+02 7.898880474679553093e-03 -2.593743404181928502e-01 0.000000000000000000e+00 1.963495408493620871e-03
2.760020335279099868e+02 7.740872365485997574e-03 -2.701625794732162023e-01 0.000000000000000000e+00 1.963495408493620871e-03
2.762638316436160153e+02 7.411191094116050156e-03 -2.774440849121255215e-01 0.000000000000000000e+00 1.963495408493620871e-03
2.763947306942620230e+02 7.245288682054560302e-03 -2.740658001497744967e-01 0.000000000000000000e+00 1.963495408493620871e-03
2.766565288179717754e+02 6.922464751651209725e-03 -2.537849353046117140e-01 0.000000000000000000e+00 1.963495408493620871e-03
2.767874279133333175e+02 6.772414216979373743e-03 -2.373370086709213900e-01 0.000000000000000000e+00 1.963495408493620871e-03
2.770492261986392464e+02 6.502445983983170044e-03 -1.936439742442975787e-01 0.000000000000000000e+00 1.963495408493620871e-03
2.771801254032059774e+02 6.386215070480419018e-03 -1.671005720195322120e-01 0.000000000000000000e+00 1.963495408493620871e-03
2.774419239397757906e+02 6.191105941983704279e-03 -1.074254682756398127e-01 0.000000000000000000e+00 1.963495408493620871e-03
2.775728232689299944e+02 6.110332977705720640e-03 -7.513076342952362818e-02 0.000000000000000000e+00 1.963495408493620871e-03
2.778346220279211138e+02 5.975113018357166260e-03 -8.973382383722527944e-03 0.000000000000000000e+00 1.963495408493620871e-03
2.779655214379592962e+02 5.914013497995205919e-03 2.404649043876003200e-02 0.000000000000000000e+00 1.963495408493620871e-03
2.782273202869762940e+02 5.794963349925881871e-03 8.659909489391798276e-02 0.000000000000000000e+00 1.963495408493620871e-03
2.783582196996553080e+02 5.729095692024866252e-03 1.154114984730768567e-01 0.000000000000000000e+00 1.963495408493620871e-03
2.786200184781057487e+02 5.578144559130206702e-03 1.652287032381818677e-01 0.000000000000000000e+00 1.963495408493620871e-03
2.787509178253839082e+02 5.488137363019068501e-03 1.857396550351164966e-01 0.000000000000000000e+00 1.963495408493620871e-03
2.790127164366542729e+02 5.280084473497224061e-03 2.159919415047457658e-01 0.000000000000000000e+00 1.963495408493620871e-03
2.791436156999536706e+02 5.162793113617815399e-03 2.255289142855861351e-01 0.000000000000000000e+00 1.963495408493620871e-03
2.794054141675180176e+02 4.910175807789337286e-03 2.326076063041799813e-01 0.000000000000000000e+00 1.963495408493620871e-03
2.795363133886827995e+02 4.780757397362259478e-03 2.302500885550421150e-01 0.000000000000000000e+00 1.963495408493620871e-03
2.797981118427735510e+02 4.527106863321146701e-03 2.141443830155226602e-01 0.000000000000000000e+00 1.963495408493620871e-03
2.799290110996200838e+02 4.410339218911266818e-03 2.007724527226875666e-01 0.000000000000000000e+00 1.963495408493620871e-03
2.801908097006543130e+02 4.204873491475614143e-03 1.648950586969159526e-01 0.000000000000000000e+00 1.963495408493620871e-03
2.803217090609625757e+02 4.120647198418106449e-03 1.429743564513848431e-01 0.000000000000000000e+00 1.963495408493620871e-03
2.805835079043739029e+02 3.989389993304316706e-03 9.350730279433804026e-02 0.000000000000000000e+00 1.963495408493620871e-03
2.807144073855977808e+02 3.941079200876809220e-03 6.665944391881416242e-02 0.000000000000000000e+00 1.963495408493620871e-03
2.809762064448558476e+02 3.871700709133375773e-03 1.152819030201772399e-02 0.000000000000000000e+00 1.963495408493620871e-03
2.811071060034306583e+02 3.844191990801977196e-03 -1.605143058497704445e-02 0.000000000000000000e+00 1.963495408493620871e-03
2.813689051444526399e+02 3.792974265030564073e-03 -6.842445092416041263e-02 0.000000000000000000e+00 1.963495408493620871e-03
2.814998047003873012e+02 3.761112854462796140e-03 -9.261497809412136406e-02 0.000000000000000000e+00 1.963495408493620871e-03
2.817616037628545769e+02 3.678837961287575054e-03 -1.345933763472372813e-01 0.000000000000000000e+00 1.963495408493620871e-03
2.818925032544868259e+02 3.624152111795979868e-03 -1.519654980563840130e-01 0.000000000000000000e+00 1.963495408493620871e-03
2.821543021228783346e+02 3.481328704648805564e-03 -1.778131644863981398e-01 0.000000000000000000e+00 1.963495408493620871e-03
2.822852014715243740e+02 3.388343706985716755e-03 -1.861128140982942492e-01 0.000000000000000000e+00 1.963495408493620871e-03
2.825469992211248496e+02 2.928336278601902532e-03 -1.927604649588660346e-01 0.000000000000000000e+00 1.963495408493620871e-03
2.826778970192479505e+02 2.381891802051799671e-03 -1.911827059741982304e-01 0.000000000000000000e+00 1.963495408493620871e-03
