0.000000e+00 0.000000e+00
3.848451e-01 0.000000e+00
7.696902e-01 0.000000e+00
1.154535e+00 0.000000e+00
1.539380e+00 0.000000e+00
1.924226e+00 0.000000e+00
2.309071e+00 0.000000e+00
2.693916e+00 0.000000e+00
3.078761e+00 0.000000e+00
3.463606e+00 0.000000e+00
3.848451e+00 0.000000e+00
4.233296e+00 0.000000e+00
4.618141e+00 0.000000e+00
5.002986e+00 0.000000e+00
5.387831e+00 0.000000e+00
5.772677e+00 0.000000e+00
6.157522e+00 0.000000e+00
6.542367e+00 0.000000e+00
6.927212e+00 0.000000e+00
7.312057e+00 0.000000e+00
7.696902e+00 0.000000e+00
8.081747e+00 0.000000e+00
8.466592e+00 0.000000e+00
8.851437e+00 0.000000e+00
9.236282e+00 0.000000e+00
9.621128e+00 0.000000e+00
1.000597e+01 0.000000e+00
1.039082e+01 0.000000e+00
1.077566e+01 0.000000e+00
1.116051e+01 0.000000e+00
1.154535e+01 0.000000e+00
1.193020e+01 0.000000e+00
1.231504e+01 0.000000e+00
1.269989e+01 0.000000e+00
1.308473e+01 0.000000e+00
1.346958e+01 0.000000e+00
1.385442e+01 0.000000e+00
1.423927e+01 0.000000e+00
1.462411e+01 0.000000e+00
1.500896e+01 0.000000e+00
1.539380e+01 0.000000e+00
1.577865e+01 0.000000e+00
1.616349e+01 0.000000e+00
1.654834e+01 0.000000e+00
1.693318e+01 0.000000e+00
1.731803e+01 0.000000e+00
1.770287e+01 0.000000e+00
1.808772e+01 0.000000e+00
1.847256e+01 0.000000e+00
1.885741e+01 0.000000e+00
1.924226e+01 0.000000e+00
1.962710e+01 0.000000e+00
2.001195e+01 0.000000e+00
2.039679e+01 0.000000e+00
2.078164e+01 0.000000e+00
2.116648e+01 0.000000e+00
2.155133e+01 0.000000e+00
2.193617e+01 0.000000e+00
2.232102e+01 0.000000e+00
2.270586e+01 0.000000e+00
2.309071e+01 0.000000e+00
2.347555e+01 0.000000e+00
2.386040e+01 0.000000e+00
2.424524e+01 0.000000e+00
2.463009e+01 0.000000e+00
2.501493e+01 0.000000e+00
2.539978e+01 0.000000e+00
2.578462e+01 0.000000e+00
2.616947e+01 0.000000e+00
2.655431e+01 0.000000e+00
2.693916e+01 0.000000e+00
2.732400e+01 0.000000e+00
2.770885e+01 0.000000e+00
2.809369e+01 0.000000e+00
2.847854e+01 0.000000e+00
2.886338e+01 0.000000e+00
2.924823e+01 0.000000e+00
2.963307e+01 0.000000e+00
3.001792e+01 0.000000e+00
3.040276e+01 0.000000e+00
3.078761e+01 0.000000e+00
3.117245e+01 0.000000e+00
3.155730e+01 0.000000e+00
3.194214e+01 0.000000e+00
3.232699e+01 0.000000e+00
3.271183e+01 0.000000e+00
3.309668e+01 0.000000e+00
3.348152e+01 0.000000e+00
3.386637e+01 0.000000e+00
3.425121e+01 0.000000e+00
3.463606e+01 0.000000e+00
3.502090e+01 0.000000e+00
3.540575e+01 0.000000e+00
3.579059e+01 0.000000e+00
3.617544e+01 0.000000e+00
3.656028e+01 0.000000e+00
3.694513e+01 0.000000e+00
3.732997e+01 0.000000e+00
3.771482e+01 0.000000e+00
3.809966e+01 0.000000e+00
3.848451e+01 0.000000e+00
3.886936e+01 0.000000e+00
3.925420e+01 0.000000e+00
3.963905e+01 0.000000e+00
4.002389e+01 0.000000e+00
4.040874e+01 0.000000e+00
4.079358e+01 0.000000e+00
4.117843e+01 0.000000e+00
4.156327e+01 0.000000e+00
4.194812e+01 0.000000e+00
4.233296e+01 0.000000e+00
4.271781e+01 0.000000e+00
4.310265e+01 0.000000e+00
4.348750e+01 0.000000e+00
4.387234e+01 0.000000e+00
4.425719e+01 0.000000e+00
4.464203e+01 0.000000e+00
4.502688e+01 0.000000e+00
4.541172e+01 0.000000e+00
4.579657e+01 0.000000e+00
4.618141e+01 0.000000e+00
4.656626e+01 0.000000e+00
4.695110e+01 0.000000e+00
4.733595e+01 0.000000e+00
4.772079e+01 0.000000e+00
4.810564e+01 0.000000e+00
4.849048e+01 0.000000e+00
4.887533e+01 0.000000e+00
4.926017e+01 0.000000e+00
4.964502e+01 0.000000e+00
5.002986e+01 0.000000e+00
5.041471e+01 0.000000e+00
5.079955e+01 0.000000e+00
5.118440e+01 0.000000e+00
5.156924e+01 0.000000e+00
5.195409e+01 0.000000e+00
5.233893e+01 0.000000e+00
5.272378e+01 0.000000e+00
5.310862e+01 0.000000e+00
5.349347e+01 0.000000e+00
5.387831e+01 0.000000e+00
5.426316e+01 0.000000e+00
5.464800e+01 0.000000e+00
5.503285e+01 0.000000e+00
5.541769e+01 0.000000e+00
5.580254e+01 0.000000e+00
5.618738e+01 0.000000e+00
5.657223e+01 0.000000e+00
5.695707e+01 0.000000e+00
5.734192e+01 0.000000e+00
5.772677e+01 0.000000e+00
5.811161e+01 0.000000e+00
5.849646e+01 0.000000e+00
5.888130e+01 0.000000e+00
5.926615e+01 0.000000e+00
5.965099e+01 0.000000e+00
6.003584e+01 0.000000e+00
6.042068e+01 0.000000e+00
6.080553e+01 0.000000e+00
6.119037e+01 0.000000e+00
6.157522e+01 0.000000e+00
6.196006e+01 0.000000e+00
6.234491e+01 0.000000e+00
6.272975e+01 0.000000e+00
6.311460e+01 0.000000e+00
6.349944e+01 0.000000e+00
6.388429e+01 0.000000e+00
6.426913e+01 0.000000e+00
6.465398e+01 0.000000e+00
6.503882e+01 0.000000e+00
6.542367e+01 0.000000e+00
6.580851e+01 0.000000e+00
6.619336e+01 0.000000e+00
6.657820e+01 0.000000e+00
6.696305e+01 0.000000e+00
6.734789e+01 0.000000e+00
6.773274e+01 0.000000e+00
6.811758e+01 0.000000e+00
6.850243e+01 0.000000e+00
6.888727e+01 0.000000e+00
6.927212e+01 0.000000e+00
6.965696e+01 0.000000e+00
7.004181e+01 0.000000e+00
7.042665e+01 0.000000e+00
7.081150e+01 0.000000e+00
7.119634e+01 0.000000e+00
7.158119e+01 0.000000e+00
7.196603e+01 0.000000e+00
7.235088e+01 0.000000e+00
7.273572e+01 0.000000e+00
7.312057e+01 0.000000e+00
7.350541e+01 0.000000e+00
7.389026e+01 0.000000e+00
7.427510e+01 0.000000e+00
7.465995e+01 0.000000e+00
7.504479e+01 0.000000e+00
7.542964e+01 0.000000e+00
7.581448e+01 0.000000e+00
7.619933e+01 0.000000e+00
7.658417e+01 0.000000e+00
7.696902e+01 0.000000e+00
7.735387e+01 0.000000e+00
7.773871e+01 0.000000e+00
7.812356e+01 0.000000e+00
7.850840e+01 0.000000e+00
7.889325e+01 0.000000e+00
7.927809e+01 0.000000e+00
7.966294e+01 0.000000e+00
8.004778e+01 0.000000e+00
8.043263e+01 0.000000e+00
8.081747e+01 0.000000e+00
8.120232e+01 0.000000e+00
8.158716e+01 0.000000e+00
8.197201e+01 0.000000e+00
8.235685e+01 0.000000e+00
8.274170e+01 0.000000e+00
8.312654e+01 0.000000e+00
8.351139e+01 0.000000e+00
8.389623e+01 0.000000e+00
8.428108e+01 0.000000e+00
8.466592e+01 0.000000e+00
8.505077e+01 0.000000e+00
8.543561e+01 0.000000e+00
8.582046e+01 0.000000e+00
8.620530e+01 0.000000e+00
8.659015e+01 0.000000e+00
8.697499e+01 0.000000e+00
8.735984e+01 0.000000e+00
8.774468e+01 0.000000e+00
8.812953e+01 0.000000e+00
8.851437e+01 0.000000e+00
8.889922e+01 0.000000e+00
8.928406e+01 0.000000e+00
8.966891e+01 0.000000e+00
9.005375e+01 0.000000e+00
9.043860e+01 0.000000e+00
9.082344e+01 0.000000e+00
9.120829e+01 0.000000e+00
9.159313e+01 0.000000e+00
9.197798e+01 0.000000e+00
9.236282e+01 0.000000e+00
9.274767e+01 0.000000e+00
9.313251e+01 0.000000e+00
9.351736e+01 0.000000e+00
9.390220e+01 0.000000e+00
9.428705e+01 0.000000e+00
9.467189e+01 0.000000e+00
9.505674e+01 0.000000e+00
9.544158e+01 0.000000e+00
9.582643e+01 0.000000e+00
9.621128e+01 0.000000e+00
9.659612e+01 0.000000e+00
9.698097e+01 0.000000e+00
9.736581e+01 0.000000e+00
9.775066e+01 0.000000e+00
9.813550e+01 0.000000e+00
9.852035e+01 0.000000e+00
9.890519e+01 0.000000e+00
9.929004e+01 0.000000e+00
9.967488e+01 0.000000e+00
1.000597e+02 0.000000e+00
1.004446e+02 0.000000e+00
1.008294e+02 0.000000e+00
1.012143e+02 0.000000e+00
1.015991e+02 0.000000e+00
1.019840e+02 0.000000e+00
1.023688e+02 0.000000e+00
1.027536e+02 0.000000e+00
1.031385e+02 0.000000e+00
1.035233e+02 0.000000e+00
1.039082e+02 0.000000e+00
1.042930e+02 0.000000e+00
1.046779e+02 0.000000e+00
1.050627e+02 0.000000e+00
1.054476e+02 0.000000e+00
1.058324e+02 0.000000e+00
1.062172e+02 0.000000e+00
1.066021e+02 0.000000e+00
1.069869e+02 0.000000e+00
1.073718e+02 0.000000e+00
1.077566e+02 0.000000e+00
1.081415e+02 0.000000e+00
1.085263e+02 0.000000e+00
1.089112e+02 0.000000e+00
1.092960e+02 0.000000e+00
1.096809e+02 0.000000e+00
1.100657e+02 0.000000e+00
1.104505e+02 0.000000e+00
1.108354e+02 0.000000e+00
1.112202e+02 0.000000e+00
1.116051e+02 0.000000e+00
1.119899e+02 0.000000e+00
1.123748e+02 0.000000e+00
1.127596e+02 0.000000e+00
1.131445e+02 0.000000e+00
1.135293e+02 0.000000e+00
1.139141e+02 0.000000e+00
1.142990e+02 0.000000e+00
1.146838e+02 0.000000e+00
1.150687e+02 0.000000e+00
1.154535e+02 0.000000e+00
1.158384e+02 0.000000e+00
1.162232e+02 0.000000e+00
1.166081e+02 0.000000e+00
1.169929e+02 0.000000e+00
1.173778e+02 0.000000e+00
1.177626e+02 0.000000e+00
1.181474e+02 0.000000e+00
1.185323e+02 0.000000e+00
1.189171e+02 0.000000e+00
1.193020e+02 0.000000e+00
1.196868e+02 0.000000e+00
1.200717e+02 0.000000e+00
1.204565e+02 0.000000e+00
1.208414e+02 0.000000e+00
1.212262e+02 0.000000e+00
1.216111e+02 0.000000e+00
1.219959e+02 0.000000e+00
1.223807e+02 0.000000e+00
1.227656e+02 0.000000e+00
1.231504e+02 0.000000e+00
1.235353e+02 0.000000e+00
1.239201e+02 0.000000e+00
1.243050e+02 0.000000e+00
1.246898e+02 0.000000e+00
1.250747e+02 0.000000e+00
1.254595e+02 0.000000e+00
1.258443e+02 0.000000e+00
1.262292e+02 0.000000e+00
1.266140e+02 0.000000e+00
1.269989e+02 0.000000e+00
1.273837e+02 0.000000e+00
1.277686e+02 0.000000e+00
1.281534e+02 0.000000e+00
1.285383e+02 0.000000e+00
1.289231e+02 0.000000e+00
1.293080e+02 0.000000e+00
1.296928e+02 0.000000e+00
1.300776e+02 0.000000e+00
1.304625e+02 0.000000e+00
1.308473e+02 0.000000e+00
1.312322e+02 0.000000e+00
1.316170e+02 0.000000e+00
1.320019e+02 0.000000e+00
1.323867e+02 0.000000e+00
1.327716e+02 0.000000e+00
1.331564e+02 0.000000e+00
1.335412e+02 0.000000e+00
1.339261e+02 0.000000e+00
1.343109e+02 0.000000e+00
1.346958e+02 0.000000e+00
1.350806e+02 0.000000e+00
1.354655e+02 0.000000e+00
1.358503e+02 0.000000e+00
1.362352e+02 0.000000e+00
1.366200e+02 0.000000e+00
1.370049e+02 0.000000e+00
1.373897e+02 0.000000e+00
1.377745e+02 0.000000e+00
1.381594e+02 0.000000e+00
1.385442e+02 0.000000e+00
1.389291e+02 0.000000e+00
1.393139e+02 0.000000e+00
1.396988e+02 0.000000e+00
1.400836e+02 0.000000e+00
1.404685e+02 0.000000e+00
1.408533e+02 0.000000e+00
1.412382e+02 0.000000e+00
1.416230e+02 0.000000e+00
1.420078e+02 0.000000e+00
1.423927e+02 0.000000e+00
1.427775e+02 0.000000e+00
1.431624e+02 0.000000e+00
1.435472e+02 0.000000e+00
1.439321e+02 0.000000e+00
1.443169e+02 0.000000e+00
1.447018e+02 0.000000e+00
1.450866e+02 0.000000e+00
1.454714e+02 0.000000e+00
1.458563e+02 0.000000e+00
1.462411e+02 0.000000e+00
1.466260e+02 0.000000e+00
1.470108e+02 0.000000e+00
1.473957e+02 0.000000e+00
1.477805e+02 0.000000e+00
1.481654e+02 0.000000e+00
1.485502e+02 0.000000e+00
1.489351e+02 0.000000e+00
1.493199e+02 0.000000e+00
1.497047e+02 0.000000e+00
1.500896e+02 0.000000e+00
1.504744e+02 0.000000e+00
1.508593e+02 0.000000e+00
1.512441e+02 0.000000e+00
1.516290e+02 0.000000e+00
1.520138e+02 0.000000e+00
1.523987e+02 0.000000e+00
1.527835e+02 0.000000e+00
1.531683e+02 0.000000e+00
1.535532e+02 0.000000e+00
1.539380e+02 0.000000e+00
1.543229e+02 0.000000e+00
1.547077e+02 0.000000e+00
1.550926e+02 0.000000e+00
1.554774e+02 0.000000e+00
1.558623e+02 0.000000e+00
1.562471e+02 0.000000e+00
1.566320e+02 0.000000e+00
1.570168e+02 0.000000e+00
1.574016e+02 0.000000e+00
1.577865e+02 0.000000e+00
1.581713e+02 0.000000e+00
1.585562e+02 0.000000e+00
1.589410e+02 0.000000e+00
1.593259e+02 0.000000e+00
1.597107e+02 0.000000e+00
1.600956e+02 0.000000e+00
1.604804e+02 0.000000e+00
1.608653e+02 0.000000e+00
1.612501e+02 0.000000e+00
1.616349e+02 0.000000e+00
1.620198e+02 0.000000e+00
1.624046e+02 0.000000e+00
1.627895e+02 0.000000e+00
1.631743e+02 0.000000e+00
1.635592e+02 0.000000e+00
1.639440e+02 0.000000e+00
1.643289e+02 0.000000e+00
1.647137e+02 0.000000e+00
1.650985e+02 0.000000e+00
1.654834e+02 0.000000e+00
1.658682e+02 0.000000e+00
1.662531e+02 0.000000e+00
1.666379e+02 0.000000e+00
1.670228e+02 0.000000e+00
1.674076e+02 0.000000e+00
1.677925e+02 0.000000e+00
1.681773e+02 0.000000e+00
1.685622e+02 0.000000e+00
1.689470e+02 0.000000e+00
1.693318e+02 0.000000e+00
1.697167e+02 0.000000e+00
1.701015e+02 0.000000e+00
1.704864e+02 0.000000e+00
1.708712e+02 0.000000e+00
1.712561e+02 0.000000e+00
1.716409e+02 0.000000e+00
1.720258e+02 0.000000e+00
1.724106e+02 0.000000e+00
1.727954e+02 0.000000e+00
1.731803e+02 0.000000e+00
1.735651e+02 0.000000e+00
1.739500e+02 0.000000e+00
1.743348e+02 0.000000e+00
1.747197e+02 0.000000e+00
1.751045e+02 0.000000e+00
1.754894e+02 0.000000e+00
1.758742e+02 0.000000e+00
1.762591e+02 0.000000e+00
1.766439e+02 0.000000e+00
1.770287e+02 0.000000e+00
1.774136e+02 0.000000e+00
1.777984e+02 0.000000e+00
1.781833e+02 0.000000e+00
1.785681e+02 0.000000e+00
1.789530e+02 0.000000e+00
1.793378e+02 0.000000e+00
1.797227e+02 0.000000e+00
1.801075e+02 0.000000e+00
1.804924e+02 0.000000e+00
1.808772e+02 0.000000e+00
1.812620e+02 0.000000e+00
1.816469e+02 0.000000e+00
1.820317e+02 0.000000e+00
1.824166e+02 0.000000e+00
1.828014e+02 0.000000e+00
1.831863e+02 0.000000e+00
1.835711e+02 0.000000e+00
1.839560e+02 0.000000e+00
1.843408e+02 0.000000e+00
1.847256e+02 0.000000e+00
1.851105e+02 0.000000e+00
1.854953e+02 0.000000e+00
1.858802e+02 0.000000e+00
1.862650e+02 0.000000e+00
1.866499e+02 0.000000e+00
1.870347e+02 0.000000e+00
1.874196e+02 0.000000e+00
1.878044e+02 5.231803e-18
1.881893e+02 1.002762e-16
1.885741e+02 1.271328e-15
1.889589e+02 1.110886e-14
1.893438e+02 6.841934e-14
1.897286e+02 3.014033e-13
1.901135e+02 9.650583e-13
1.904983e+02 2.297501e-12
1.908832e+02 4.212928e-12
1.912680e+02 6.255670e-12
1.916529e+02 7.958450e-12
1.920377e+02 9.078404e-12
1.924226e+02 9.547444e-12
1.928074e+02 9.548738e-12
1.931922e+02 9.604629e-12
1.935771e+02 1.020752e-11
1.939619e+02 1.146627e-11
1.943468e+02 1.313957e-11
1.947316e+02 1.465496e-11
1.951165e+02 1.542249e-11
1.955013e+02 1.550564e-11
1.958862e+02 1.573491e-11
1.962710e+02 1.742565e-11
1.966558e+02 2.182202e-11
1.970407e+02 2.906012e-11
1.974255e+02 3.792004e-11
1.978104e+02 4.634422e-11
1.981952e+02 5.208606e-11
1.985801e+02 5.422930e-11
1.989649e+02 5.413595e-11
1.993498e+02 5.484191e-11
1.997346e+02 5.972160e-11
2.001195e+02 7.028223e-11
2.005043e+02 8.495748e-11
2.008891e+02 9.971357e-11
2.012740e+02 1.098539e-10
2.016588e+02 1.134723e-10
2.020437e+02 1.135908e-10
2.024285e+02 1.174729e-10
2.028134e+02 1.333570e-10
2.031982e+02 1.652099e-10
2.035831e+02 2.095975e-10
2.039679e+02 2.557582e-10
2.043527e+02 2.904617e-10
2.047376e+02 3.064219e-10
2.051224e+02 3.077533e-10
2.055073e+02 3.103035e-10
2.058921e+02 3.343961e-10
2.062770e+02 3.931555e-10
2.066618e+02 4.829973e-10
2.070467e+02 5.819051e-10
2.074315e+02 6.606508e-10
2.078164e+02 6.999442e-10
2.082012e+02 7.056362e-10
2.085860e+02 7.119503e-10
2.089709e+02 7.664048e-10
2.093557e+02 9.035108e-10
2.097406e+02 1.119540e-09
2.101254e+02 1.367447e-09
2.105103e+02 1.576795e-09
2.108951e+02 1.693234e-09
2.112800e+02 1.718243e-09
2.116648e+02 1.720439e-09
2.120497e+02 1.808521e-09
2.124345e+02 2.071871e-09
2.128193e+02 2.521705e-09
2.132042e+02 3.067691e-09
2.135890e+02 3.554453e-09
2.139739e+02 3.849206e-09
2.143587e+02 3.931353e-09
2.147436e+02 3.933551e-09
2.151284e+02 4.092987e-09
2.155133e+02 4.626775e-09
2.158981e+02 5.592020e-09
2.162829e+02 6.818095e-09
2.166678e+02 7.969150e-09
2.170526e+02 8.721625e-09
2.174375e+02 8.976925e-09
2.178223e+02 8.973736e-09
2.182072e+02 9.213622e-09
2.185920e+02 1.020484e-08
2.189769e+02 1.214974e-08
2.193617e+02 1.475920e-08
2.197466e+02 1.733790e-08
2.201314e+02 1.914811e-08
2.205162e+02 1.986954e-08
2.209011e+02 1.989749e-08
2.212859e+02 2.024950e-08
2.216708e+02 2.206328e-08
2.220556e+02 2.591596e-08
2.224405e+02 3.136057e-08
2.228253e+02 3.701248e-08
2.232102e+02 4.123941e-08
2.235950e+02 4.315476e-08
2.239798e+02 4.333430e-08
2.243647e+02 4.376614e-08
2.247495e+02 4.690418e-08
2.251344e+02 5.424711e-08
2.255192e+02 6.523364e-08
2.259041e+02 7.721676e-08
2.262889e+02 8.674042e-08
2.266738e+02 9.156533e-08
2.270586e+02 9.233979e-08
2.274435e+02 9.278027e-08
2.278283e+02 9.797928e-08
2.282131e+02 1.115289e-07
2.285980e+02 1.330434e-07
2.289828e+02 1.576873e-07
2.293677e+02 1.784023e-07
2.297525e+02 1.899408e-07
2.301374e+02 1.925251e-07
2.305222e+02 1.927984e-07
2.309071e+02 2.009506e-07
2.312919e+02 2.251170e-07
2.316768e+02 2.660219e-07
2.320616e+02 3.152659e-07
2.324464e+02 3.589592e-07
2.328313e+02 3.854483e-07
2.332161e+02 3.930555e-07
2.336010e+02 3.930258e-07
2.339858e+02 4.050037e-07
2.343707e+02 4.464956e-07
2.347555e+02 5.217974e-07
2.351404e+02 6.171497e-07
2.355252e+02 7.062529e-07
2.359100e+02 7.644974e-07
2.362949e+02 7.846796e-07
2.366797e+02 7.846856e-07
2.370646e+02 8.010125e-07
2.374494e+02 8.696825e-07
2.378343e+02 1.004195e-06
2.382191e+02 1.183624e-06
2.386040e+02 1.359969e-06
2.389888e+02 1.483475e-06
2.393737e+02 1.533309e-06
2.397585e+02 1.535621e-06
2.401433e+02 1.555665e-06
2.405282e+02 1.664569e-06
2.409130e+02 1.896994e-06
2.412979e+02 2.224325e-06
2.416827e+02 2.562390e-06
2.420676e+02 2.814659e-06
2.424524e+02 2.930083e-06
2.428373e+02 2.942392e-06
2.432221e+02 2.963723e-06
2.436069e+02 3.129097e-06
2.439918e+02 3.518038e-06
2.443766e+02 4.097870e-06
2.447615e+02 4.726933e-06
2.451463e+02 5.225065e-06
2.455312e+02 5.478792e-06
2.459160e+02 5.522132e-06
2.463009e+02 5.539757e-06
2.466857e+02 5.778461e-06
2.470706e+02 6.407109e-06
2.474554e+02 7.402984e-06
2.478402e+02 8.538132e-06
2.482251e+02 9.488953e-06
2.486099e+02 1.002063e-05
2.489948e+02 1.014530e-05
2.493796e+02 1.015321e-05
2.497645e+02 1.047897e-05
2.501493e+02 1.145998e-05
2.505342e+02 1.311902e-05
2.509190e+02 1.510715e-05
2.513039e+02 1.686444e-05
2.516887e+02 1.793206e-05
2.520735e+02 1.824806e-05
2.524584e+02 1.824491e-05
2.528432e+02 1.866006e-05
2.532281e+02 2.013412e-05
2.536129e+02 2.281201e-05
2.539978e+02 2.619026e-05
2.543826e+02 2.933615e-05
2.547675e+02 3.139624e-05
2.551523e+02 3.212761e-05
2.555371e+02 3.213374e-05
2.559220e+02 3.261948e-05
2.563068e+02 3.474714e-05
2.566917e+02 3.893260e-05
2.570765e+02 4.450198e-05
2.574614e+02 4.996072e-05
2.578462e+02 5.379078e-05
2.582311e+02 5.536744e-05
2.586159e+02 5.546183e-05
2.590008e+02 5.596662e-05
2.593856e+02 5.890422e-05
2.597704e+02 6.523010e-05
2.601553e+02 7.413425e-05
2.605401e+02 8.331800e-05
2.609250e+02 9.019193e-05
2.613098e+02 9.339809e-05
2.616947e+02 9.379368e-05
2.620795e+02 9.422893e-05
2.624644e+02 9.808558e-05
2.628492e+02 1.073139e-04
2.632340e+02 1.211097e-04
2.636189e+02 1.360907e-04
2.640037e+02 1.480164e-04
2.643886e+02 1.542171e-04
2.647734e+02 1.553980e-04
2.651583e+02 1.556538e-04
2.655431e+02 1.604232e-04
2.659280e+02 1.733822e-04
2.663128e+02 1.940740e-04
2.666977e+02 2.177650e-04
2.670825e+02 2.377877e-04
2.674673e+02 2.492616e-04
2.678522e+02 2.522233e-04
2.682370e+02 2.522342e-04
2.686219e+02 2.577028e-04
2.690067e+02 2.751459e-04
2.693916e+02 3.051342e-04
2.697764e+02 3.414274e-04
2.701613e+02 3.739740e-04
2.705461e+02 3.943697e-04
2.709310e+02 4.010102e-04
2.713158e+02 4.009211e-04
2.717006e+02 4.065722e-04
2.720855e+02 4.289350e-04
2.724703e+02 4.708209e-04
2.728552e+02 5.246184e-04
2.732400e+02 5.758395e-04
2.736249e+02 6.107651e-04
2.740097e+02 6.244989e-04
2.743946e+02 6.250194e-04
2.747794e+02 6.299788e-04
2.751642e+02 6.570060e-04
2.755491e+02 7.131558e-04
2.759339e+02 7.901547e-04
2.763188e+02 8.681357e-04
2.767036e+02 9.258266e-04
2.770885e+02 9.524754e-04
2.774733e+02 9.555577e-04
2.778582e+02 9.587024e-04
2.782430e+02 9.889791e-04
2.786279e+02 1.060783e-03
2.790127e+02 1.166871e-03
2.793975e+02 1.281533e-03
2.797824e+02 1.373465e-03
2.801672e+02 1.422447e-03
2.805521e+02 1.432470e-03
2.809369e+02 1.432916e-03
2.813218e+02 1.463404e-03
2.817066e+02 1.550167e-03
2.820915e+02 1.690223e-03
2.824763e+02 1.852600e-03
2.828611e+02 1.993723e-03
2.832460e+02 2.079380e-03
2.836308e+02 2.105016e-03
2.840157e+02 2.103371e-03
2.844005e+02 2.129271e-03
2.847854e+02 2.226847e-03
2.851702e+02 2.402842e-03
2.855551e+02 2.623415e-03
2.859399e+02 2.831499e-03
2.863248e+02 2.974110e-03
2.867096e+02 3.030831e-03
2.870944e+02 3.031721e-03
2.874793e+02 3.047264e-03
2.878641e+02 3.146768e-03
2.882490e+02 3.355195e-03
2.886338e+02 3.641007e-03
2.890187e+02 3.934455e-03
2.894035e+02 4.159983e-03
2.897884e+02 4.272605e-03
2.901732e+02 4.288848e-03
2.905581e+02 4.290073e-03
2.909429e+02 4.377538e-03
2.913277e+02 4.606623e-03
2.917126e+02 4.957261e-03
2.920974e+02 5.350941e-03
2.924823e+02 5.688234e-03
2.928671e+02 5.891717e-03
2.932520e+02 5.949546e-03
2.936368e+02 5.940364e-03
2.940217e+02 5.999121e-03
2.944065e+02 6.227095e-03
2.947913e+02 6.630346e-03
2.951762e+02 7.129593e-03
2.955610e+02 7.603941e-03
2.959459e+02 7.939373e-03
2.963307e+02 8.081101e-03
2.967156e+02 8.082202e-03
2.971004e+02 8.100405e-03
2.974853e+02 8.297516e-03
2.978701e+02 8.727194e-03
2.982550e+02 9.322534e-03
2.986398e+02 9.947483e-03
2.990246e+02 1.045280e-02
2.994095e+02 1.073233e-02
2.997943e+02 1.078805e-02
3.001792e+02 1.077121e-02
3.005640e+02 1.090690e-02
3.009489e+02 1.132407e-02
3.013337e+02 1.198864e-02
3.017186e+02 1.275964e-02
3.021034e+02 1.345854e-02
3.024882e+02 1.392805e-02
3.028731e+02 1.410189e-02
3.032579e+02 1.408375e-02
3.036428e+02 1.413883e-02
3.040276e+02 1.449782e-02
3.044125e+02 1.518973e-02
3.047973e+02 1.608293e-02
3.051822e+02 1.697827e-02
3.055670e+02 1.767441e-02
3.059519e+02 1.803415e-02
3.063367e+02 1.807935e-02
3.067215e+02 1.806252e-02
3.071064e+02 1.832123e-02
3.074912e+02 1.898858e-02
3.078761e+02 1.996249e-02
3.082609e+02 2.103276e-02
3.086458e+02 2.196364e-02
3.090306e+02 2.255648e-02
3.094155e+02 2.274122e-02
3.098003e+02 2.270047e-02
3.101852e+02 2.284069e-02
3.105700e+02 2.343644e-02
3.109548e+02 2.444393e-02
3.113397e+02 2.565129e-02
3.117245e+02 2.679770e-02
3.121094e+02 2.763672e-02
3.124942e+02 2.801690e-02
3.128791e+02 2.802129e-02
3.132639e+02 2.805908e-02
3.136488e+02 2.855382e-02
3.140336e+02 2.955424e-02
3.144184e+02 3.085615e-02
3.148033e+02 3.218073e-02
3.151881e+02 3.324570e-02
3.155730e+02 3.383620e-02
3.159578e+02 3.393967e-02
3.163427e+02 3.391660e-02
3.167275e+02 3.430932e-02
3.171124e+02 3.528312e-02
3.174972e+02 3.664781e-02
3.178821e+02 3.811029e-02
3.182669e+02 3.936103e-02
3.186517e+02 4.013920e-02
3.190366e+02 4.035840e-02
3.194214e+02 4.031709e-02
3.198063e+02 4.063256e-02
3.201911e+02 4.158398e-02
3.205760e+02 4.299433e-02
3.209608e+02 4.455654e-02
3.213457e+02 4.593986e-02
3.217305e+02 4.685191e-02
3.221153e+02 4.716031e-02
3.225002e+02 4.712394e-02
3.228850e+02 4.740808e-02
3.232699e+02 4.836845e-02
3.236547e+02 4.982619e-02
3.240396e+02 5.145814e-02
3.244244e+02 5.291624e-02
3.248093e+02 5.388946e-02
3.251941e+02 5.422935e-02
3.255790e+02 5.420051e-02
3.259638e+02 5.451221e-02
3.263486e+02 5.552978e-02
3.267335e+02 5.704452e-02
3.271183e+02 5.871583e-02
3.275032e+02 6.018268e-02
3.278880e+02 6.112862e-02
3.282729e+02 6.142538e-02
3.286577e+02 6.140554e-02
3.290426e+02 6.181830e-02
3.294274e+02 6.294486e-02
3.298123e+02 6.452079e-02
3.301971e+02 6.619099e-02
3.305819e+02 6.758823e-02
3.309668e+02 6.841158e-02
3.313516e+02 6.860358e-02
3.317365e+02 6.863234e-02
3.321213e+02 6.923083e-02
3.325062e+02 7.049656e-02
3.328910e+02 7.211374e-02
3.332759e+02 7.371905e-02
3.336607e+02 7.495179e-02
3.340455e+02 7.556136e-02
3.344304e+02 7.563275e-02
3.348152e+02 7.580109e-02
3.352001e+02 7.664149e-02
3.355849e+02 7.803303e-02
3.359698e+02 7.963583e-02
3.363546e+02 8.108532e-02
3.367395e+02 8.205092e-02
3.371243e+02 8.238869e-02
3.375092e+02 8.240846e-02
3.378940e+02 8.282800e-02
3.382788e+02 8.390242e-02
3.386637e+02 8.536250e-02
3.390485e+02 8.686425e-02
3.394334e+02 8.805666e-02
3.398182e+02 8.868562e-02
3.402031e+02 8.880006e-02
3.405879e+02 8.894791e-02
3.409728e+02 8.967285e-02
3.413576e+02 9.089659e-02
3.417424e+02 9.231324e-02
3.421273e+02 9.358820e-02
3.425121e+02 9.442254e-02
3.428970e+02 9.470897e-02
3.432818e+02 9.475704e-02
3.436667e+02 9.517112e-02
3.440515e+02 9.612473e-02
3.444364e+02 9.738029e-02
3.448212e+02 9.863658e-02
3.452061e+02 9.959016e-02
3.455909e+02 1.000525e-01
3.459757e+02 1.001405e-01
3.463606e+02 1.003470e-01
3.467454e+02 1.010236e-01
3.471303e+02 1.020551e-01
3.475151e+02 1.031904e-01
3.479000e+02 1.041555e-01
3.482848e+02 1.047336e-01
3.486697e+02 1.049199e-01
3.490545e+02 1.050473e-01
3.494394e+02 1.055064e-01
3.498242e+02 1.063043e-01
3.502090e+02 1.072515e-01
3.505939e+02 1.081329e-01
3.509787e+02 1.087473e-01
3.513636e+02 1.090306e-01
3.517484e+02 1.091807e-01
3.521333e+02 1.095258e-01
3.525181e+02 1.101347e-01
3.529030e+02 1.108663e-01
3.532878e+02 1.115763e-01
3.536726e+02 1.121234e-01
3.540575e+02 1.124390e-01
3.544423e+02 1.126374e-01
3.548272e+02 1.129572e-01
3.552120e+02 1.134669e-01
3.555969e+02 1.140355e-01
3.559817e+02 1.145531e-01
3.563666e+02 1.149559e-01
3.567514e+02 1.152216e-01
3.571363e+02 1.154374e-01
3.575211e+02 1.157698e-01
3.579059e+02 1.162556e-01
3.582908e+02 1.167514e-01
3.586756e+02 1.171323e-01
3.590605e+02 1.173731e-01
3.594453e+02 1.175140e-01
3.598302e+02 1.176639e-01
3.602150e+02 1.179612e-01
3.605999e+02 1.184242e-01
3.609847e+02 1.189062e-01
3.613695e+02 1.192508e-01
3.617544e+02 1.194120e-01
3.621392e+02 1.194497e-01
3.625241e+02 1.194962e-01
3.629089e+02 1.196948e-01
3.632938e+02 1.200764e-01
3.636786e+02 1.205209e-01
3.640635e+02 1.208705e-01
3.644483e+02 1.210450e-01
3.648332e+02 1.210751e-01
3.652180e+02 1.210719e-01
3.656028e+02 1.211629e-01
3.659877e+02 1.213995e-01
3.663725e+02 1.217195e-01
3.667574e+02 1.220101e-01
3.671422e+02 1.221932e-01
3.675271e+02 1.222709e-01
3.679119e+02 1.223129e-01
3.682968e+02 1.223989e-01
3.686816e+02 1.225570e-01
3.690665e+02 1.227505e-01
3.694513e+02 1.229198e-01
3.698361e+02 1.230284e-01
3.702210e+02 1.230863e-01
3.706058e+02 1.231459e-01
3.709907e+02 1.232600e-01
3.713755e+02 1.234322e-01
3.717604e+02 1.236130e-01
3.721452e+02 1.237404e-01
3.725301e+02 1.237854e-01
3.729149e+02 1.237679e-01
3.732997e+02 1.237448e-01
3.736846e+02 1.237779e-01
3.740694e+02 1.238948e-01
3.744543e+02 1.240711e-01
3.748391e+02 1.242478e-01
3.752240e+02 1.243671e-01
3.756088e+02 1.244004e-01
3.759937e+02 1.243573e-01
3.763785e+02 1.242785e-01
3.767634e+02 1.242171e-01
3.771482e+02 1.242167e-01
3.775330e+02 1.242945e-01
3.779179e+02 1.244339e-01
3.783027e+02 1.245897e-01
3.786876e+02 1.247018e-01
3.790724e+02 1.247177e-01
3.794573e+02 1.246185e-01
3.798421e+02 1.244367e-01
3.802270e+02 1.242513e-01
3.806118e+02 1.241543e-01
3.809966e+02 1.242011e-01
3.813815e+02 1.243723e-01
3.817663e+02 1.245760e-01
3.821512e+02 1.246879e-01
3.825360e+02 1.246120e-01
3.829209e+02 1.243372e-01
3.833057e+02 1.239582e-01
3.836906e+02 1.236391e-01
3.840754e+02 1.235251e-01
3.844603e+02 1.236546e-01
3.848451e+02 1.239292e-01
3.852299e+02 1.241591e-01
3.856148e+02 1.241553e-01
3.859996e+02 1.238301e-01
3.863845e+02 1.232607e-01
3.867693e+02 1.226694e-01
3.871542e+02 1.223130e-01
3.875390e+02 1.223329e-01
3.879239e+02 1.226618e-01
3.883087e+02 1.230499e-01
3.886936e+02 1.231887e-01
3.890784e+02 1.228699e-01
3.894632e+02 1.221118e-01
3.898481e+02 1.211805e-01
3.902329e+02 1.204702e-01
3.906178e+02 1.202847e-01
3.910026e+02 1.206440e-01
3.913875e+02 1.212521e-01
3.917723e+02 1.216477e-01
3.921572e+02 1.214436e-01
3.925420e+02 1.205414e-01
3.929268e+02 1.192174e-01
3.933117e+02 1.180148e-01
3.936965e+02 1.174633e-01
3.940814e+02 1.177612e-01
3.944662e+02 1.186202e-01
3.948511e+02 1.194076e-01
3.952359e+02 1.194893e-01
3.956208e+02 1.185693e-01
3.960056e+02 1.168697e-01
3.963905e+02 1.150620e-01
3.967753e+02 1.139440e-01
3.971601e+02 1.139956e-01
3.975450e+02 1.150508e-01
3.979298e+02 1.163357e-01
3.983147e+02 1.169070e-01
3.986995e+02 1.161732e-01
3.990844e+02 1.142117e-01
3.994692e+02 1.117667e-01
3.998541e+02 1.099083e-01
4.002389e+02 1.094691e-01
4.006237e+02 1.105391e-01
4.010086e+02 1.123214e-01
4.013934e+02 1.135521e-01
4.017783e+02 1.132446e-01
4.021631e+02 1.112221e-01
4.025480e+02 1.082165e-01
4.029328e+02 1.055388e-01
4.033177e+02 1.044090e-01
4.037025e+02 1.052495e-01
4.040874e+02 1.073779e-01
4.044722e+02 1.093146e-01
4.048570e+02 1.096321e-01
4.052419e+02 1.077836e-01
4.056267e+02 1.043852e-01
4.060116e+02 1.009210e-01
4.063964e+02 9.900425e-02
4.067813e+02 9.944755e-02
4.071661e+02 1.017175e-01
4.075510e+02 1.042254e-01
4.079358e+02 1.052071e-01
4.083207e+02 1.037008e-01
4.087055e+02 1.000966e-01
4.090903e+02 9.596692e-02
4.094752e+02 9.327930e-02
4.098600e+02 9.328976e-02
4.102449e+02 9.565104e-02
4.106297e+02 9.859725e-02
4.110146e+02 1.000765e-01
4.113994e+02 9.886164e-02
4.117843e+02 9.513637e-02
4.121691e+02 9.047331e-02
4.125539e+02 8.711427e-02
4.129388e+02 8.673490e-02
4.133236e+02 8.926253e-02
4.137085e+02 9.271571e-02
4.140933e+02 9.460985e-02
4.144782e+02 9.345382e-02
4.148630e+02 8.942429e-02
4.152479e+02 8.421814e-02
4.156327e+02 8.028973e-02
4.160176e+02 7.962917e-02
4.164024e+02 8.241528e-02
4.167872e+02 8.654246e-02
4.171721e+02 8.898730e-02
4.175569e+02 8.787880e-02
4.179418e+02 8.333730e-02
4.183266e+02 7.731400e-02
4.187115e+02 7.272138e-02
4.190963e+02 7.184999e-02
4.194812e+02 7.497554e-02
4.198660e+02 7.985974e-02
4.202508e+02 8.304152e-02
4.206357e+02 8.215269e-02
4.210205e+02 7.721152e-02
4.214054e+02 7.034622e-02
4.217902e+02 6.482612e-02
4.221751e+02 6.352591e-02
4.225599e+02 6.692447e-02
4.229448e+02 7.252502e-02
4.233296e+02 7.650397e-02
4.237145e+02 7.609792e-02
4.240993e+02 7.104575e-02
4.244841e+02 6.357271e-02
4.248690e+02 5.728308e-02
4.252538e+02 5.534967e-02
4.256387e+02 5.859976e-02
4.260235e+02 6.458016e-02
4.264084e+02 6.920528e-02
4.267932e+02 6.944604e-02
4.271781e+02 6.474097e-02
4.275629e+02 5.706433e-02
4.279478e+02 5.019196e-02
4.283326e+02 4.774947e-02
4.287174e+02 5.069104e-02
4.291023e+02 5.647367e-02
4.294871e+02 6.123616e-02
4.298720e+02 6.208205e-02
4.302568e+02 5.814881e-02
4.306417e+02 5.093634e-02
4.310265e+02 4.387995e-02
4.314114e+02 4.089594e-02
4.317962e+02 4.337527e-02
4.321810e+02 4.873731e-02
4.325659e+02 5.321582e-02
4.329507e+02 5.431629e-02
4.333356e+02 5.126049e-02
4.337204e+02 4.500575e-02
4.341053e+02 3.834118e-02
4.344901e+02 3.501570e-02
4.348750e+02 3.669906e-02
4.352598e+02 4.128431e-02
4.356447e+02 4.544017e-02
4.360295e+02 4.679667e-02
4.364143e+02 4.448487e-02
4.367992e+02 3.924991e-02
4.371840e+02 3.343045e-02
4.375689e+02 3.019414e-02
4.379537e+02 3.102097e-02
4.383386e+02 3.453306e-02
4.387234e+02 3.816586e-02
4.391083e+02 3.972031e-02
4.394931e+02 3.810581e-02
4.398779e+02 3.379552e-02
4.402628e+02 2.889732e-02
4.406476e+02 2.596182e-02
4.410325e+02 2.618236e-02
4.414173e+02 2.880874e-02
4.418022e+02 3.188841e-02
4.421870e+02 3.339624e-02
4.425719e+02 3.230529e-02
4.429567e+02 2.900768e-02
4.433416e+02 2.500576e-02
4.437264e+02 2.225180e-02
4.441112e+02 2.201987e-02
4.444961e+02 2.399164e-02
4.448809e+02 2.655295e-02
4.452658e+02 2.794555e-02
4.456506e+02 2.734249e-02
4.460355e+02 2.494377e-02
4.464203e+02 2.171854e-02
4.468052e+02 1.918124e-02
4.471900e+02 1.857794e-02
4.475749e+02 1.989579e-02
4.479597e+02 2.190839e-02
4.483445e+02 2.323572e-02
4.487294e+02 2.311574e-02
4.491142e+02 2.150225e-02
4.494991e+02 1.904479e-02
4.498839e+02 1.685936e-02
4.502688e+02 1.592491e-02
4.506536e+02 1.648495e-02
4.510385e+02 1.787566e-02
4.514233e+02 1.904825e-02
4.518081e+02 1.927048e-02
4.521930e+02 1.839053e-02
4.525778e+02 1.674925e-02
4.529627e+02 1.499261e-02
4.533475e+02 1.386184e-02
4.537324e+02 1.377945e-02
4.541172e+02 1.452305e-02
4.545021e+02 1.544147e-02
4.548869e+02 1.594010e-02
4.552718e+02 1.571070e-02
4.556566e+02 1.474095e-02
4.560414e+02 1.336352e-02
4.564263e+02 1.216337e-02
4.568111e+02 1.160707e-02
4.571960e+02 1.177716e-02
4.575808e+02 1.241672e-02
4.579657e+02 1.307294e-02
4.583505e+02 1.330560e-02
4.587354e+02 1.290420e-02
4.591202e+02 1.199116e-02
4.595050e+02 1.093460e-02
4.598899e+02 1.012740e-02
4.602747e+02 9.817476e-03
4.606596e+02 1.001660e-02
4.610444e+02 1.048651e-02
4.614293e+02 1.088801e-02
4.618141e+02 1.096909e-02
4.621990e+02 1.064959e-02
4.625838e+02 1.001629e-02
4.629687e+02 9.287061e-03
4.633535e+02 8.716270e-03
4.637383e+02 8.454671e-03
4.641232e+02 8.491046e-03
4.645080e+02 8.708761e-03
4.648929e+02 8.950122e-03
4.652777e+02 9.051076e-03
4.656626e+02 8.908437e-03
4.660474e+02 8.538656e-03
4.664323e+02 8.065153e-03
4.668171e+02 7.643048e-03
4.672020e+02 7.376669e-03
4.675868e+02 7.293085e-03
4.679716e+02 7.351309e-03
4.683565e+02 7.465155e-03
4.687413e+02 7.539121e-03
4.691262e+02 7.506713e-03
4.695110e+02 7.357234e-03
4.698959e+02 7.129403e-03
4.702807e+02 6.874116e-03
4.706656e+02 6.632284e-03
4.710504e+02 6.440353e-03
4.714352e+02 6.331622e-03
4.718201e+02 6.321114e-03
4.722049e+02 6.391455e-03
4.725898e+02 6.492941e-03
4.729746e+02 6.552224e-03
4.733595e+02 6.499685e-03
4.737443e+02 6.314189e-03
4.741292e+02 6.044260e-03
4.745140e+02 5.785539e-03
4.748989e+02 5.633868e-03
4.752837e+02 5.637893e-03
4.756685e+02 5.770446e-03
4.760534e+02 5.937629e-03
4.764382e+02 6.029810e-03
4.768231e+02 5.982938e-03
4.772079e+02 5.808025e-03
4.775928e+02 5.578518e-03
4.779776e+02 5.388180e-03
4.783625e+02 5.304538e-03
4.787473e+02 5.338596e-03
4.791321e+02 5.444874e-03
4.795170e+02 5.550704e-03
4.799018e+02 5.595769e-03
4.802867e+02 5.557702e-03
4.806715e+02 5.454725e-03
4.810564e+02 5.330804e-03
4.814412e+02 5.234284e-03
4.818261e+02 5.196338e-03
4.822109e+02 5.218237e-03
4.825958e+02 5.274379e-03
4.829806e+02 5.327086e-03
4.833654e+02 5.344947e-03
4.837503e+02 5.316745e-03
4.841351e+02 5.255662e-03
4.845200e+02 5.190195e-03
4.849048e+02 5.147701e-03
4.852897e+02 5.140118e-03
4.856745e+02 5.159767e-03
4.860594e+02 5.186207e-03
4.864442e+02 5.199407e-03
4.868291e+02 5.191174e-03
4.872139e+02 5.167650e-03
4.875987e+02 5.142180e-03
4.879836e+02 5.124796e-03
4.883684e+02 5.116721e-03
4.887533e+02 5.112202e-03
4.891381e+02 5.104551e-03
4.895230e+02 5.091599e-03
4.899078e+02 5.076666e-03
4.902927e+02 5.064537e-03
4.906775e+02 5.056521e-03
4.910623e+02 5.049266e-03
4.914472e+02 5.037505e-03
4.918320e+02 5.018337e-03
4.922169e+02 4.993748e-03
4.926017e+02 4.969223e-03
4.929866e+02 4.949860e-03
4.933714e+02 4.937212e-03
4.937563e+02 4.928463e-03
4.941411e+02 4.918518e-03
4.945260e+02 4.903336e-03
4.949108e+02 4.882021e-03
4.952956e+02 4.857048e-03
4.956805e+02 4.832549e-03
4.960653e+02 4.811733e-03
4.964502e+02 4.795301e-03
4.968350e+02 4.781472e-03
4.972199e+02 4.767371e-03
4.976047e+02 4.750876e-03
4.979896e+02 4.731578e-03
4.983744e+02 4.710815e-03
4.987592e+02 4.690769e-03
4.991441e+02 4.673102e-03
4.995289e+02 4.658166e-03
4.999138e+02 4.645131e-03
5.002986e+02 4.632627e-03
5.006835e+02 4.619861e-03
5.010683e+02 4.607037e-03
5.014532e+02 4.594841e-03
5.018380e+02 4.584020e-03
5.022229e+02 4.574873e-03
5.026077e+02 4.567146e-03
5.029925e+02 4.560485e-03
5.033774e+02 4.554741e-03
5.037622e+02 4.550190e-03
5.041471e+02 4.547358e-03
5.045319e+02 4.546519e-03
5.049168e+02 4.547513e-03
5.053016e+02 4.549961e-03
5.056865e+02 4.553555e-03
5.060713e+02 4.558241e-03
5.064562e+02 4.564317e-03
5.068410e+02 4.572019e-03
5.072258e+02 4.581402e-03
5.076107e+02 4.592318e-03
5.079955e+02 4.604531e-03
5.083804e+02 4.617810e-03
5.087652e+02 4.632067e-03
5.091501e+02 4.647402e-03
5.095349e+02 4.663962e-03
5.099198e+02 4.681830e-03
5.103046e+02 4.700975e-03
5.106894e+02 4.721179e-03
5.110743e+02 4.742086e-03
5.114591e+02 4.763352e-03
5.118440e+02 4.784773e-03
5.122288e+02 4.806350e-03
5.126137e+02 4.828128e-03
5.129985e+02 4.850050e-03
5.133834e+02 4.871933e-03
5.137682e+02 4.893722e-03
5.141531e+02 4.915392e-03
5.145379e+02 4.936728e-03
5.149227e+02 4.957360e-03
5.153076e+02 4.977029e-03
5.156924e+02 4.995592e-03
5.160773e+02 5.012920e-03
5.164621e+02 5.028887e-03
5.168470e+02 5.043316e-03
5.172318e+02 5.055980e-03
5.176167e+02 5.066795e-03
5.180015e+02 5.075890e-03
5.183863e+02 5.083509e-03
5.187712e+02 5.089813e-03
5.191560e+02 5.094934e-03
5.195409e+02 5.098883e-03
5.199257e+02 5.101469e-03
5.203106e+02 5.102519e-03
5.206954e+02 5.101970e-03
5.210803e+02 5.099836e-03
5.214651e+02 5.096190e-03
5.218500e+02 5.091209e-03
5.222348e+02 5.084973e-03
5.226196e+02 5.077288e-03
5.230045e+02 5.067853e-03
5.233893e+02 5.056603e-03
5.237742e+02 5.043743e-03
5.241590e+02 5.029557e-03
5.245439e+02 5.014273e-03
5.249287e+02 4.998041e-03
5.253136e+02 4.980847e-03
5.256984e+02 4.962615e-03
5.260833e+02 4.943333e-03
5.264681e+02 4.923033e-03
5.268529e+02 4.901784e-03
5.272378e+02 4.879819e-03
5.276226e+02 4.857521e-03
5.280075e+02 4.835134e-03
5.283923e+02 4.812735e-03
5.287772e+02 4.790287e-03
5.291620e+02 4.767792e-03
5.295469e+02 4.745424e-03
5.299317e+02 4.723348e-03
5.303165e+02 4.701545e-03
5.307014e+02 4.680011e-03
5.310862e+02 4.658969e-03
5.314711e+02 4.638631e-03
5.318559e+02 4.619034e-03
5.322408e+02 4.600128e-03
5.326256e+02 4.581911e-03
5.330105e+02 4.564628e-03
5.333953e+02 4.548561e-03
5.337802e+02 4.533906e-03
5.341650e+02 4.520768e-03
5.345498e+02 4.509208e-03
5.349347e+02 4.499266e-03
5.353195e+02 4.491058e-03
5.357044e+02 4.484704e-03
5.360892e+02 4.480139e-03
5.364741e+02 4.477349e-03
5.368589e+02 4.476362e-03
5.372438e+02 4.477171e-03
5.376286e+02 4.479768e-03
5.380134e+02 4.484062e-03
5.383983e+02 4.489968e-03
5.387831e+02 4.497489e-03
5.391680e+02 4.506694e-03
5.395528e+02 4.517635e-03
5.399377e+02 4.530371e-03
5.403225e+02 4.544920e-03
5.407074e+02 4.561228e-03
5.410922e+02 4.579324e-03
5.414771e+02 4.599176e-03
5.418619e+02 4.620633e-03
5.422467e+02 4.643544e-03
5.426316e+02 4.667717e-03
5.430164e+02 4.692968e-03
5.434013e+02 4.719205e-03
5.437861e+02 4.746264e-03
5.441710e+02 4.773810e-03
5.445558e+02 4.801594e-03
5.449407e+02 4.829463e-03
5.453255e+02 4.857218e-03
5.457104e+02 4.884670e-03
5.460952e+02 4.911664e-03
5.464800e+02 4.937961e-03
5.468649e+02 4.963407e-03
5.472497e+02 4.987959e-03
5.476346e+02 5.011541e-03
5.480194e+02 5.034110e-03
5.484043e+02 5.055683e-03
5.487891e+02 5.076179e-03
5.491740e+02 5.095384e-03
5.495588e+02 5.113033e-03
5.499436e+02 5.128886e-03
5.503285e+02 5.142736e-03
5.507133e+02 5.154464e-03
5.510982e+02 5.164001e-03
5.514830e+02 5.171244e-03
5.518679e+02 5.176065e-03
5.522527e+02 5.178404e-03
5.526376e+02 5.178305e-03
5.530224e+02 5.175915e-03
5.534073e+02 5.171379e-03
5.537921e+02 5.164744e-03
5.541769e+02 5.155953e-03
5.545618e+02 5.145018e-03
5.549466e+02 5.131992e-03
5.553315e+02 5.116957e-03
5.557163e+02 5.100084e-03
5.561012e+02 5.081550e-03
5.564860e+02 5.061438e-03
5.568709e+02 5.039793e-03
5.572557e+02 5.016750e-03
5.576405e+02 4.992548e-03
5.580254e+02 4.967484e-03
5.584102e+02 4.941773e-03
5.587951e+02 4.915556e-03
5.591799e+02 4.888967e-03
5.595648e+02 4.862152e-03
5.599496e+02 4.835306e-03
5.603345e+02 4.808632e-03
5.607193e+02 4.782308e-03
5.611042e+02 4.756468e-03
5.614890e+02 4.731225e-03
5.618738e+02 4.706703e-03
5.622587e+02 4.683016e-03
5.626435e+02 4.660230e-03
5.630284e+02 4.638467e-03
5.634132e+02 4.617912e-03
5.637981e+02 4.598680e-03
5.641829e+02 4.580876e-03
5.645678e+02 4.564666e-03
5.649526e+02 4.550166e-03
5.653375e+02 4.537462e-03
5.657223e+02 4.526559e-03
5.661071e+02 4.517411e-03
5.664920e+02 4.510127e-03
5.668768e+02 4.504892e-03
5.672617e+02 4.501646e-03
5.676465e+02 4.500341e-03
5.680314e+02 4.501033e-03
5.684162e+02 4.503662e-03
5.688011e+02 4.508185e-03
5.691859e+02 4.514564e-03
5.695707e+02 4.522774e-03
5.699556e+02 4.532844e-03
5.703404e+02 4.544721e-03
5.707253e+02 4.558360e-03
5.711101e+02 4.573694e-03
5.714950e+02 4.590716e-03
5.718798e+02 4.609415e-03
5.722647e+02 4.629684e-03
5.726495e+02 4.651522e-03
5.730344e+02 4.674761e-03
5.734192e+02 4.699328e-03
5.738040e+02 4.725154e-03
5.741889e+02 4.752020e-03
5.745737e+02 4.779797e-03
5.749586e+02 4.808353e-03
5.753434e+02 4.837589e-03
5.757283e+02 4.867275e-03
5.761131e+02 4.897336e-03
5.764980e+02 4.927630e-03
5.768828e+02 4.958103e-03
5.772677e+02 4.988647e-03
5.776525e+02 5.018950e-03
5.780373e+02 5.048689e-03
5.784222e+02 5.077587e-03
5.788070e+02 5.105475e-03
5.791919e+02 5.132169e-03
5.795767e+02 5.157593e-03
5.799616e+02 5.181461e-03
5.803464e+02 5.203658e-03
5.807313e+02 5.223990e-03
5.811161e+02 5.242391e-03
5.815009e+02 5.258757e-03
5.818858e+02 5.273047e-03
5.822706e+02 5.285033e-03
5.826555e+02 5.294731e-03
5.830403e+02 5.302006e-03
5.834252e+02 5.306886e-03
5.838100e+02 5.309379e-03
5.841949e+02 5.309572e-03
5.845797e+02 5.307454e-03
5.849646e+02 5.303041e-03
5.853494e+02 5.296073e-03
5.857342e+02 5.286724e-03
5.861191e+02 5.275167e-03
5.865039e+02 5.261620e-03
5.868888e+02 5.246059e-03
5.872736e+02 5.228512e-03
5.876585e+02 5.209055e-03
5.880433e+02 5.187957e-03
5.884282e+02 5.165313e-03
5.888130e+02 5.141378e-03
5.891978e+02 5.116186e-03
5.895827e+02 5.089882e-03
5.899675e+02 5.062639e-03
5.903524e+02 5.034588e-03
5.907372e+02 5.005885e-03
5.911221e+02 4.976705e-03
5.915069e+02 4.947234e-03
5.918918e+02 4.917670e-03
5.922766e+02 4.888207e-03
5.926615e+02 4.858939e-03
5.930463e+02 4.830131e-03
5.934311e+02 4.801875e-03
5.938160e+02 4.774455e-03
5.942008e+02 4.747901e-03
5.945857e+02 4.722252e-03
5.949705e+02 4.697600e-03
5.953554e+02 4.674228e-03
5.957402e+02 4.652278e-03
5.961251e+02 4.631922e-03
5.965099e+02 4.613231e-03
5.968948e+02 4.596243e-03
5.972796e+02 4.581120e-03
5.976644e+02 4.567968e-03
5.980493e+02 4.556970e-03
5.984341e+02 4.548136e-03
5.988190e+02 4.541528e-03
5.992038e+02 4.537125e-03
5.995887e+02 4.535125e-03
5.999735e+02 4.535496e-03
6.003584e+02 4.538310e-03
6.007432e+02 4.543546e-03
6.011280e+02 4.551160e-03
6.015129e+02 4.561102e-03
6.018977e+02 4.573484e-03
6.022826e+02 4.588414e-03
6.026674e+02 4.605731e-03
6.030523e+02 4.625284e-03
6.034371e+02 4.646895e-03
6.038220e+02 4.670455e-03
6.042068e+02 4.695712e-03
6.045917e+02 4.722536e-03
6.049765e+02 4.750715e-03
6.053613e+02 4.780159e-03
6.057462e+02 4.810643e-03
6.061310e+02 4.842024e-03
6.065159e+02 4.874010e-03
6.069007e+02 4.906447e-03
6.072856e+02 4.939064e-03
6.076704e+02 4.971745e-03
6.080553e+02 5.004225e-03
6.084401e+02 5.036385e-03
6.088249e+02 5.068002e-03
6.092098e+02 5.098980e-03
6.095946e+02 5.128993e-03
6.099795e+02 5.157805e-03
6.103643e+02 5.185084e-03
6.107492e+02 5.210732e-03
6.111340e+02 5.234725e-03
6.115189e+02 5.257048e-03
6.119037e+02 5.277422e-03
6.122886e+02 5.295719e-03
6.126734e+02 5.311812e-03
6.130582e+02 5.325715e-03
6.134431e+02 5.337346e-03
6.138279e+02 5.346544e-03
6.142128e+02 5.353312e-03
6.145976e+02 5.357636e-03
6.149825e+02 5.359546e-03
6.153673e+02 5.358956e-03
6.157522e+02 5.355840e-03
6.161370e+02 5.350111e-03
6.165219e+02 5.341832e-03
6.169067e+02 5.331057e-03
6.172915e+02 5.317700e-03
6.176764e+02 5.301861e-03
6.180612e+02 5.283702e-03
6.184461e+02 5.263512e-03
6.188309e+02 5.241402e-03
6.192158e+02 5.217382e-03
6.196006e+02 5.191616e-03
6.199855e+02 5.164294e-03
6.203703e+02 5.135655e-03
6.207551e+02 5.105928e-03
6.211400e+02 5.075305e-03
6.215248e+02 5.044021e-03
6.219097e+02 5.012184e-03
6.222945e+02 4.979934e-03
6.226794e+02 4.947448e-03
6.230642e+02 4.914837e-03
6.234491e+02 4.882280e-03
6.238339e+02 4.849923e-03
6.242188e+02 4.817760e-03
6.246036e+02 4.786015e-03
6.249884e+02 4.755061e-03
6.253733e+02 4.725119e-03
6.257581e+02 4.696308e-03
6.261430e+02 4.668753e-03
6.265278e+02 4.642624e-03
6.269127e+02 4.618155e-03
6.272975e+02 4.595616e-03
6.276824e+02 4.575222e-03
6.280672e+02 4.557108e-03
6.284520e+02 4.541389e-03
6.288369e+02 4.528175e-03
6.292217e+02 4.517487e-03
6.296066e+02 4.509335e-03
6.299914e+02 4.503748e-03
6.303763e+02 4.500773e-03
6.307611e+02 4.500409e-03
6.311460e+02 4.502564e-03
6.315308e+02 4.507105e-03
6.319157e+02 4.513853e-03
6.323005e+02 4.522665e-03
6.326853e+02 4.533472e-03
6.330702e+02 4.546133e-03
6.334550e+02 4.560531e-03
6.338399e+02 4.576650e-03
6.342247e+02 4.594472e-03
6.346096e+02 4.613872e-03
6.349944e+02 4.634705e-03
6.353793e+02 4.656813e-03
6.357641e+02 4.680063e-03
6.361490e+02 4.704428e-03
6.365338e+02 4.729843e-03
6.369186e+02 4.756155e-03
6.373035e+02 4.783315e-03
6.376883e+02 4.811280e-03
6.380732e+02 4.839917e-03
6.384580e+02 4.869061e-03
6.388429e+02 4.898440e-03
6.392277e+02 4.927873e-03
6.396126e+02 4.957246e-03
6.399974e+02 4.986381e-03
6.403822e+02 5.015124e-03
6.407671e+02 5.043311e-03
6.411519e+02 5.070784e-03
6.415368e+02 5.097474e-03
6.419216e+02 5.123316e-03
6.423065e+02 5.148321e-03
6.426913e+02 5.172352e-03
6.430762e+02 5.195140e-03
6.434610e+02 5.216545e-03
6.438459e+02 5.236288e-03
6.442307e+02 5.254157e-03
6.446155e+02 5.270046e-03
6.450004e+02 5.283861e-03
6.453852e+02 5.295562e-03
6.457701e+02 5.305096e-03
6.461549e+02 5.312406e-03
6.465398e+02 5.317385e-03
6.469246e+02 5.319864e-03
6.473095e+02 5.319864e-03
6.476943e+02 5.317301e-03
6.480791e+02 5.312164e-03
6.484640e+02 5.304643e-03
6.488488e+02 5.294911e-03
6.492337e+02 5.283083e-03
6.496185e+02 5.269116e-03
6.500034e+02 5.253051e-03
6.503882e+02 5.235105e-03
6.507731e+02 5.215474e-03
6.511579e+02 5.194375e-03
6.515428e+02 5.171825e-03
6.519276e+02 5.147799e-03
6.523124e+02 5.122339e-03
6.526973e+02 5.095502e-03
6.530821e+02 5.067518e-03
6.534670e+02 5.038607e-03
6.538518e+02 5.009063e-03
6.542367e+02 4.979158e-03
6.546215e+02 4.948919e-03
6.550064e+02 4.918445e-03
6.553912e+02 4.887788e-03
6.557761e+02 4.856868e-03
6.561609e+02 4.825795e-03
6.565457e+02 4.794867e-03
6.569306e+02 4.764545e-03
6.573154e+02 4.735362e-03
6.577003e+02 4.707547e-03
6.580851e+02 4.681206e-03
6.584700e+02 4.656515e-03
6.588548e+02 4.633536e-03
6.592397e+02 4.612450e-03
6.596245e+02 4.593518e-03
6.600093e+02 4.576835e-03
6.603942e+02 4.562603e-03
6.607790e+02 4.550843e-03
6.611639e+02 4.541402e-03
6.615487e+02 4.534243e-03
6.619336e+02 4.529376e-03
6.623184e+02 4.526826e-03
6.627033e+02 4.526547e-03
6.630881e+02 4.528570e-03
6.634730e+02 4.532848e-03
6.638578e+02 4.539342e-03
6.642426e+02 4.548173e-03
6.646275e+02 4.559290e-03
6.650123e+02 4.572668e-03
6.653972e+02 4.588350e-03
6.657820e+02 4.606429e-03
6.661669e+02 4.626774e-03
6.665517e+02 4.649271e-03
6.669366e+02 4.673843e-03
6.673214e+02 4.700128e-03
6.677062e+02 4.727759e-03
6.680911e+02 4.756341e-03
6.684759e+02 4.785732e-03
6.688608e+02 4.815593e-03
6.692456e+02 4.845605e-03
6.696305e+02 4.875520e-03
6.700153e+02 4.905242e-03
6.704002e+02 4.934624e-03
6.707850e+02 4.963534e-03
6.711699e+02 4.991914e-03
6.715547e+02 5.019744e-03
6.719395e+02 5.047133e-03
6.723244e+02 5.073816e-03
6.727092e+02 5.099670e-03
6.730941e+02 5.124501e-03
6.734789e+02 5.148102e-03
6.738638e+02 5.170343e-03
6.742486e+02 5.191318e-03
6.746335e+02 5.211078e-03
6.750183e+02 5.229727e-03
6.754032e+02 5.247189e-03
6.757880e+02 5.263165e-03
6.761728e+02 5.277486e-03
6.765577e+02 5.289744e-03
6.769425e+02 5.299676e-03
6.773274e+02 5.307284e-03
6.777122e+02 5.312512e-03
6.780971e+02 5.315098e-03
6.784819e+02 5.315213e-03
6.788668e+02 5.313125e-03
6.792516e+02 5.309276e-03
6.796364e+02 5.303836e-03
6.800213e+02 5.296708e-03
6.804061e+02 5.288357e-03
6.807910e+02 5.278972e-03
6.811758e+02 5.268267e-03
6.815607e+02 5.256176e-03
6.819455e+02 5.242958e-03
6.823304e+02 5.228475e-03
6.827152e+02 5.212462e-03
6.831001e+02 5.194905e-03
6.834849e+02 5.176169e-03
6.838697e+02 5.156415e-03
6.842546e+02 5.135882e-03
6.846394e+02 5.114864e-03
6.850243e+02 5.093174e-03
6.854091e+02 5.070822e-03
6.857940e+02 5.047872e-03
6.861788e+02 5.024452e-03
6.865637e+02 5.000589e-03
6.869485e+02 4.976473e-03
6.873333e+02 4.952250e-03
6.877182e+02 4.927990e-03
6.881030e+02 4.903996e-03
6.884879e+02 4.880244e-03
6.888727e+02 4.856910e-03
6.892576e+02 4.834237e-03
6.896424e+02 4.812358e-03
6.900273e+02 4.791407e-03
6.904121e+02 4.771519e-03
6.907970e+02 4.753027e-03
6.911818e+02 4.735918e-03
6.915666e+02 4.720467e-03
6.919515e+02 4.706837e-03
6.923363e+02 4.695036e-03
6.927212e+02 4.685350e-03
6.931060e+02 4.677811e-03
6.934909e+02 4.672475e-03
6.938757e+02 4.669425e-03
6.942606e+02 4.668596e-03
6.946454e+02 4.670013e-03
6.950303e+02 4.673705e-03
6.954151e+02 4.679768e-03
6.957999e+02 4.688100e-03
6.961848e+02 4.698568e-03
6.965696e+02 4.711040e-03
6.969545e+02 4.725319e-03
6.973393e+02 4.741387e-03
6.977242e+02 4.759180e-03
6.981090e+02 4.778623e-03
6.984939e+02 4.799788e-03
6.988787e+02 4.822826e-03
6.992635e+02 4.847541e-03
6.996484e+02 4.873501e-03
7.000332e+02 4.900387e-03
7.004181e+02 4.927981e-03
7.008029e+02 4.956133e-03
7.011878e+02 4.984858e-03
7.015726e+02 5.013992e-03
7.019575e+02 5.043307e-03
7.023423e+02 5.072631e-03
7.027272e+02 5.101836e-03
7.031120e+02 5.130824e-03
7.034968e+02 5.159364e-03
7.038817e+02 5.187210e-03
7.042665e+02 5.214158e-03
7.046514e+02 5.239965e-03
7.050362e+02 5.264500e-03
7.054211e+02 5.287658e-03
7.058059e+02 5.309333e-03