0.000000e+00 0.000000e+00
3.848451e-01 0.000000e+00
7.696902e-01 0.000000e+00
1.154535e+00 0.000000e+00
1.539380e+00 0.000000e+00
1.924226e+00 0.000000e+00
2.309071e+00 0.000000e+00
2.693916e+00 0.000000e+00
3.078761e+00 0.000000e+00
3.463606e+00 0.000000e+00
3.848451e+00 0.000000e+00
4.233296e+00 0.000000e+00
4.618141e+00 0.000000e+00
5.002986e+00 0.000000e+00
5.387831e+00 0.000000e+00
5.772677e+00 0.000000e+00
6.157522e+00 0.000000e+00
6.542367e+00 0.000000e+00
6.927212e+00 0.000000e+00
7.312057e+00 0.000000e+00
7.696902e+00 0.000000e+00
8.081747e+00 0.000000e+00
8.466592e+00 0.000000e+00
8.851437e+00 0.000000e+00
9.236282e+00 0.000000e+00
9.621128e+00 0.000000e+00
1.000597e+01 0.000000e+00
1.039082e+01 0.000000e+00
1.077566e+01 0.000000e+00
1.116051e+01 0.000000e+00
1.154535e+01 0.000000e+00
1.193020e+01 0.000000e+00
1.231504e+01 0.000000e+00
1.269989e+01 0.000000e+00
1.308473e+01 0.000000e+00
1.346958e+01 0.000000e+00
1.385442e+01 0.000000e+00
1.423927e+01 0.000000e+00
1.462411e+01 0.000000e+00
1.500896e+01 0.000000e+00
1.539380e+01 0.000000e+00
1.577865e+01 0.000000e+00
1.616349e+01 0.000000e+00
1.654834e+01 0.000000e+00
1.693318e+01 0.000000e+00
1.731803e+01 0.000000e+00
1.770287e+01 0.000000e+00
1.808772e+01 0.000000e+00
1.847256e+01 0.000000e+00
1.885741e+01 0.000000e+00
1.924226e+01 0.000000e+00
1.962710e+01 0.000000e+00
2.001195e+01 0.000000e+00
2.039679e+01 0.000000e+00
2.078164e+01 0.000000e+00
2.116648e+01 0.000000e+00
2.155133e+01 0.000000e+00
2.193617e+01 0.000000e+00
2.232102e+01 0.000000e+00
2.270586e+01 0.000000e+00
2.309071e+01 0.000000e+00
2.347555e+01 0.000000e+00
2.386040e+01 0.000000e+00
2.424524e+01 0.000000e+00
2.463009e+01 0.000000e+00
2.501493e+01 0.000000e+00
2.539978e+01 0.000000e+00
2.578462e+01 0.000000e+00
2.616947e+01 0.000000e+00
2.655431e+01 0.000000e+00
2.693916e+01 0.000000e+00
2.732400e+01 0.000000e+00
2.770885e+01 0.000000e+00
2.809369e+01 0.000000e+00
2.847854e+01 0.000000e+00
2.886338e+01 0.000000e+00
2.924823e+01 0.000000e+00
2.963307e+01 0.000000e+00
3.001792e+01 0.000000e+00
3.040276e+01 0.000000e+00
3.078761e+01 0.000000e+00
3.117245e+01 0.000000e+00
3.155730e+01 0.000000e+00
3.194214e+01 0.000000e+00
3.232699e+01 0.000000e+00
3.271183e+01 0.000000e+00
3.309668e+01 0.000000e+00
3.348152e+01 0.000000e+00
3.386637e+01 0.000000e+00
3.425121e+01 0.000000e+00
3.463606e+01 0.000000e+00
3.502090e+01 0.000000e+00
3.540575e+01 0.000000e+00
3.579059e+01 0.000000e+00
3.617544e+01 0.000000e+00
3.656028e+01 0.000000e+00
3.694513e+01 0.000000e+00
3.732997e+01 0.000000e+00
3.771482e+01 0.000000e+00
3.809966e+01 0.000000e+00
3.848451e+01 0.000000e+00
3.886936e+01 0.000000e+00
3.925420e+01 0.000000e+00
3.963905e+01 0.000000e+00
4.002389e+01 0.000000e+00
4.040874e+01 0.000000e+00
4.079358e+01 0.000000e+00
4.117843e+01 0.000000e+00
4.156327e+01 0.000000e+00
4.194812e+01 0.000000e+00
4.233296e+01 0.000000e+00
4.271781e+01 0.000000e+00
4.310265e+01 0.000000e+00
4.348750e+01 0.000000e+00
4.387234e+01 0.000000e+00
4.425719e+01 0.000000e+00
4.464203e+01 0.000000e+00
4.502688e+01 0.000000e+00
4.541172e+01 0.000000e+00
4.579657e+01 0.000000e+00
4.618141e+01 0.000000e+00
4.656626e+01 0.000000e+00
4.695110e+01 0.000000e+00
4.733595e+01 0.000000e+00
4.772079e+01 0.000000e+00
4.810564e+01 0.000000e+00
4.849048e+01 0.000000e+00
4.887533e+01 0.000000e+00
4.926017e+01 0.000000e+00
4.964502e+01 0.000000e+00
5.002986e+01 0.000000e+00
5.041471e+01 0.000000e+00
5.079955e+01 0.000000e+00
5.118440e+01 0.000000e+00
5.156924e+01 0.000000e+00
5.195409e+01 0.000000e+00
5.233893e+01 0.000000e+00
5.272378e+01 0.000000e+00
5.310862e+01 0.000000e+00
5.349347e+01 0.000000e+00
5.387831e+01 0.000000e+00
5.426316e+01 0.000000e+00
5.464800e+01 0.000000e+00
5.503285e+01 0.000000e+00
5.541769e+01 0.000000e+00
5.580254e+01 0.000000e+00
5.618738e+01 0.000000e+00
5.657223e+01 0.000000e+00
5.695707e+01 0.000000e+00
5.734192e+01 0.000000e+00
5.772677e+01 0.000000e+00
5.811161e+01 0.000000e+00
5.849646e+01 0.000000e+00
5.888130e+01 0.000000e+00
5.926615e+01 0.000000e+00
5.965099e+01 0.000000e+00
6.003584e+01 0.000000e+00
6.042068e+01 0.000000e+00
6.080553e+01 0.000000e+00
6.119037e+01 0.000000e+00
6.157522e+01 0.000000e+00
6.196006e+01 0.000000e+00
6.234491e+01 0.000000e+00
6.272975e+01 0.000000e+00
6.311460e+01 0.000000e+00
6.349944e+01 0.000000e+00
6.388429e+01 0.000000e+00
6.426913e+01 0.000000e+00
6.465398e+01 0.000000e+00
6.503882e+01 0.000000e+00
6.542367e+01 0.000000e+00
6.580851e+01 0.000000e+00
6.619336e+01 0.000000e+00
6.657820e+01 0.000000e+00
6.696305e+01 0.000000e+00
6.734789e+01 0.000000e+00
6.773274e+01 0.000000e+00
6.811758e+01 0.000000e+00
6.850243e+01 0.000000e+00
6.888727e+01 0.000000e+00
6.927212e+01 0.000000e+00
6.965696e+01 0.000000e+00
7.004181e+01 0.000000e+00
7.042665e+01 0.000000e+00
7.081150e+01 0.000000e+00
7.119634e+01 0.000000e+00
7.158119e+01 0.000000e+00
7.196603e+01 0.000000e+00
7.235088e+01 0.000000e+00
7.273572e+01 0.000000e+00
7.312057e+01 0.000000e+00
7.350541e+01 0.000000e+00
7.389026e+01 0.000000e+00
7.427510e+01 0.000000e+00
7.465995e+01 0.000000e+00
7.504479e+01 0.000000e+00
7.542964e+01 0.000000e+00
7.581448e+01 0.000000e+00
7.619933e+01 0.000000e+00
7.658417e+01 0.000000e+00
7.696902e+01 0.000000e+00
7.735387e+01 0.000000e+00
7.773871e+01 0.000000e+00
7.812356e+01 0.000000e+00
7.850840e+01 0.000000e+00
7.889325e+01 0.000000e+00
7.927809e+01 0.000000e+00
7.966294e+01 0.000000e+00
8.004778e+01 0.000000e+00
8.043263e+01 0.000000e+00
8.081747e+01 0.000000e+00
8.120232e+01 0.000000e+00
8.158716e+01 0.000000e+00
8.197201e+01 0.000000e+00
8.235685e+01 0.000000e+00
8.274170e+01 0.000000e+00
8.312654e+01 0.000000e+00
8.351139e+01 0.000000e+00
8.389623e+01 0.000000e+00
8.428108e+01 0.000000e+00
8.466592e+01 0.000000e+00
8.505077e+01 0.000000e+00
8.543561e+01 0.000000e+00
8.582046e+01 0.000000e+00
8.620530e+01 0.000000e+00
8.659015e+01 0.000000e+00
8.697499e+01 0.000000e+00
8.735984e+01 0.000000e+00
8.774468e+01 0.000000e+00
8.812953e+01 0.000000e+00
8.851437e+01 0.000000e+00
8.889922e+01 0.000000e+00
8.928406e+01 0.000000e+00
8.966891e+01 0.000000e+00
9.005375e+01 0.000000e+00
9.043860e+01 0.000000e+00
9.082344e+01 0.000000e+00
9.120829e+01 0.000000e+00
9.159313e+01 0.000000e+00
9.197798e+01 0.000000e+00
9.236282e+01 0.000000e+00
9.274767e+01 0.000000e+00
9.313251e+01 0.000000e+00
9.351736e+01 0.000000e+00
9.390220e+01 0.000000e+00
9.428705e+01 0.000000e+00
9.467189e+01 0.000000e+00
9.505674e+01 0.000000e+00
9.544158e+01 0.000000e+00
9.582643e+01 0.000000e+00
9.621128e+01 0.000000e+00
9.659612e+01 0.000000e+00
9.698097e+01 0.000000e+00
9.736581e+01 0.000000e+00
9.775066e+01 0.000000e+00
9.813550e+01 0.000000e+00
9.852035e+01 0.000000e+00
9.890519e+01 0.000000e+00
9.929004e+01 0.000000e+00
9.967488e+01 0.000000e+00
1.000597e+02 0.000000e+00
1.004446e+02 0.000000e+00
1.008294e+02 0.000000e+00
1.012143e+02 0.000000e+00
1.015991e+02 0.000000e+00
1.019840e+02 0.000000e+00
1.023688e+02 0.000000e+00
1.027536e+02 0.000000e+00
1.031385e+02 0.000000e+00
1.035233e+02 0.000000e+00
1.039082e+02 0.000000e+00
1.042930e+02 0.000000e+00
1.046779e+02 0.000000e+00
1.050627e+02 0.000000e+00
1.054476e+02 0.000000e+00
1.058324e+02 0.000000e+00
1.062172e+02 0.000000e+00
1.066021e+02 0.000000e+00
1.069869e+02 0.000000e+00
1.073718e+02 0.000000e+00
1.077566e+02 0.000000e+00
1.081415e+02 0.000000e+00
1.085263e+02 0.000000e+00
1.089112e+02 0.000000e+00
1.092960e+02 0.000000e+00
1.096809e+02 0.000000e+00
1.100657e+02 0.000000e+00
1.104505e+02 0.000000e+00
1.108354e+02 0.000000e+00
1.112202e+02 0.000000e+00
1.116051e+02 0.000000e+00
1.119899e+02 0.000000e+00
1.123748e+02 0.000000e+00
1.127596e+02 0.000000e+00
1.131445e+02 0.000000e+00
1.135293e+02 0.000000e+00
1.139141e+02 0.000000e+00
1.142990e+02 0.000000e+00
1.146838e+02 0.000000e+00
1.150687e+02 0.000000e+00
1.154535e+02 0.000000e+00
1.158384e+02 0.000000e+00
1.162232e+02 0.000000e+00
1.166081e+02 0.000000e+00
1.169929e+02 0.000000e+00
1.173778e+02 0.000000e+00
1.177626e+02 0.000000e+00
1.181474e+02 0.000000e+00
1.185323e+02 0.000000e+00
1.189171e+02 0.000000e+00
1.193020e+02 0.000000e+00
1.196868e+02 0.000000e+00
1.200717e+02 0.000000e+00
1.204565e+02 0.000000e+00
1.208414e+02 0.000000e+00
1.212262e+02 0.000000e+00
1.216111e+02 0.000000e+00
1.219959e+02 0.000000e+00
1.223807e+02 0.000000e+00
1.227656e+02 0.000000e+00
1.231504e+02 0.000000e+00
1.235353e+02 0.000000e+00
1.239201e+02 0.000000e+00
1.243050e+02 0.000000e+00
1.246898e+02 0.000000e+00
1.250747e+02 0.000000e+00
1.254595e+02 0.000000e+00
1.258443e+02 0.000000e+00
1.262292e+02 0.000000e+00
1.266140e+02 0.000000e+00
1.269989e+02 0.000000e+00
1.273837e+02 0.000000e+00
1.277686e+02 0.000000e+00
1.281534e+02 0.000000e+00
1.285383e+02 0.000000e+00
1.289231e+02 0.000000e+00
1.293080e+02 0.000000e+00
1.296928e+02 0.000000e+00
1.300776e+02 0.000000e+00
1.304625e+02 0.000000e+00
1.308473e+02 0.000000e+00
1.312322e+02 0.000000e+00
1.316170e+02 0.000000e+00
1.320019e+02 0.000000e+00
1.323867e+02 0.000000e+00
1.327716e+02 0.000000e+00
1.331564e+02 0.000000e+00
1.335412e+02 0.000000e+00
1.339261e+02 0.000000e+00
1.343109e+02 0.000000e+00
1.346958e+02 0.000000e+00
1.350806e+02 0.000000e+00
1.354655e+02 0.000000e+00
1.358503e+02 0.000000e+00
1.362352e+02 0.000000e+00
1.366200e+02 0.000000e+00
1.370049e+02 0.000000e+00
1.373897e+02 0.000000e+00
1.377745e+02 0.000000e+00
1.381594e+02 0.000000e+00
1.385442e+02 0.000000e+00
1.389291e+02 0.000000e+00
1.393139e+02 0.000000e+00
1.396988e+02 0.000000e+00
1.400836e+02 0.000000e+00
1.404685e+02 0.000000e+00
1.408533e+02 0.000000e+00
1.412382e+02 0.000000e+00
1.416230e+02 0.000000e+00
1.420078e+02 0.000000e+00
1.423927e+02 0.000000e+00
1.427775e+02 0.000000e+00
1.431624e+02 0.000000e+00
1.435472e+02 0.000000e+00
1.439321e+02 0.000000e+00
1.443169e+02 0.000000e+00
1.447018e+02 0.000000e+00
1.450866e+02 0.000000e+00
1.454714e+02 0.000000e+00
1.458563e+02 0.000000e+00
1.462411e+02 0.000000e+00
1.466260e+02 0.000000e+00
1.470108e+02 0.000000e+00
1.473957e+02 0.000000e+00
1.477805e+02 0.000000e+00
1.481654e+02 0.000000e+00
1.485502e+02 0.000000e+00
1.489351e+02 0.000000e+00
1.493199e+02 0.000000e+00
1.497047e+02 0.000000e+00
1.500896e+02 0.000000e+00
1.504744e+02 0.000000e+00
1.508593e+02 0.000000e+00
1.512441e+02 0.000000e+00
1.516290e+02 0.000000e+00
1.520138e+02 0.000000e+00
1.523987e+02 0.000000e+00
1.527835e+02 0.000000e+00
1.531683e+02 0.000000e+00
1.535532e+02 0.000000e+00
1.539380e+02 0.000000e+00
1.543229e+02 0.000000e+00
1.547077e+02 0.000000e+00
1.550926e+02 0.000000e+00
1.554774e+02 0.000000e+00
1.558623e+02 0.000000e+00
1.562471e+02 0.000000e+00
1.566320e+02 0.000000e+00
1.570168e+02 0.000000e+00
1.574016e+02 0.000000e+00
1.577865e+02 0.000000e+00
1.581713e+02 0.000000e+00
1.585562e+02 0.000000e+00
1.589410e+02 0.000000e+00
1.593259e+02 0.000000e+00
1.597107e+02 0.000000e+00
1.600956e+02 0.000000e+00
1.604804e+02 0.000000e+00
1.608653e+02 0.000000e+00
1.612501e+02 0.000000e+00
1.616349e+02 0.000000e+00
1.620198e+02 0.000000e+00
1.624046e+02 0.000000e+00
1.627895e+02 0.000000e+00
1.631743e+02 0.000000e+00
1.635592e+02 0.000000e+00
1.639440e+02 0.000000e+00
1.643289e+02 0.000000e+00
1.647137e+02 0.000000e+00
1.650985e+02 0.000000e+00
1.654834e+02 0.000000e+00
1.658682e+02 0.000000e+00
1.662531e+02 0.000000e+00
1.666379e+02 0.000000e+00
1.670228e+02 0.000000e+00
1.674076e+02 0.000000e+00
1.677925e+02 0.000000e+00
1.681773e+02 0.000000e+00
1.685622e+02 0.000000e+00
1.689470e+02 0.000000e+00
1.693318e+02 0.000000e+00
1.697167e+02 0.000000e+00
1.701015e+02 0.000000e+00
1.704864e+02 0.000000e+00
1.708712e+02 0.000000e+00
1.712561e+02 0.000000e+00
1.716409e+02 0.000000e+00
1.720258e+02 0.000000e+00
1.724106e+02 0.000000e+00
1.727954e+02 0.000000e+00
1.731803e+02 0.000000e+00
1.735651e+02 0.000000e+00
1.739500e+02 0.000000e+00
1.743348e+02 0.000000e+00
1.747197e+02 0.000000e+00
1.751045e+02 0.000000e+00
1.754894e+02 0.000000e+00
1.758742e+02 0.000000e+00
1.762591e+02 0.000000e+00
1.766439e+02 0.000000e+00
1.770287e+02 0.000000e+00
1.774136e+02 0.000000e+00
1.777984e+02 0.000000e+00
1.781833e+02 0.000000e+00
1.785681e+02 0.000000e+00
1.789530e+02 0.000000e+00
1.793378e+02 0.000000e+00
1.797227e+02 0.000000e+00
1.801075e+02 0.000000e+00
1.804924e+02 0.000000e+00
1.808772e+02 0.000000e+00
1.812620e+02 0.000000e+00
1.816469e+02 0.000000e+00
1.820317e+02 0.000000e+00
1.824166e+02 0.000000e+00
1.828014e+02 0.000000e+00
1.831863e+02 0.000000e+00
1.835711e+02 0.000000e+00
1.839560e+02 0.000000e+00
1.843408e+02 0.000000e+00
1.847256e+02 0.000000e+00
1.851105e+02 0.000000e+00
1.854953e+02 0.000000e+00
1.858802e+02 0.000000e+00
1.862650e+02 0.000000e+00
1.866499e+02 0.000000e+00
1.870347e+02 0.000000e+00
1.874196e+02 0.000000e+00
1.878044e+02 0.000000e+00
1.881893e+02 0.000000e+00
1.885741e+02 0.000000e+00
1.889589e+02 0.000000e+00
1.893438e+02 0.000000e+00
1.897286e+02 0.000000e+00
1.901135e+02 0.000000e+00
1.904983e+02 0.000000e+00
1.908832e+02 0.000000e+00
1.912680e+02 0.000000e+00
1.916529e+02 0.000000e+00
1.920377e+02 0.000000e+00
1.924226e+02 0.000000e+00
1.928074e+02 0.000000e+00
1.931922e+02 0.000000e+00
1.935771e+02 0.000000e+00
1.939619e+02 0.000000e+00
1.943468e+02 0.000000e+00
1.947316e+02 0.000000e+00
1.951165e+02 0.000000e+00
1.955013e+02 0.000000e+00
1.958862e+02 0.000000e+00
1.962710e+02 0.000000e+00
1.966558e+02 1.600932e-15
1.970407e+02 4.802795e-15
1.974255e+02 9.605590e-15
1.978104e+02 1.440838e-14
1.981952e+02 1.761025e-14
1.985801e+02 1.841071e-14
1.989649e+02 1.841071e-14
1.993498e+02 1.841071e-14
1.997346e+02 2.081211e-14
2.001195e+02 2.641537e-14
2.005043e+02 3.442003e-14
2.008891e+02 4.242469e-14
2.012740e+02 4.802795e-14
2.016588e+02 4.962888e-14
2.020437e+02 4.962888e-14
2.024285e+02 5.122981e-14
2.028134e+02 5.923447e-14
2.031982e+02 7.684472e-14
2.035831e+02 1.016592e-13
2.039679e+02 1.256731e-13
2.043527e+02 1.424829e-13
2.047376e+02 1.512880e-13
2.051224e+02 1.512880e-13
2.055073e+02 1.520885e-13
2.058921e+02 1.648960e-13
2.062770e+02 1.945132e-13
2.066618e+02 2.433416e-13
2.070467e+02 2.953719e-13
2.074315e+02 3.353952e-13
2.078164e+02 3.570078e-13
2.082012e+02 3.610101e-13
2.085860e+02 3.650124e-13
2.089709e+02 3.946296e-13
2.093557e+02 4.698734e-13
2.097406e+02 5.899433e-13
2.101254e+02 7.220202e-13
2.105103e+02 8.340854e-13
2.108951e+02 8.965217e-13
2.112800e+02 9.125310e-13
2.116648e+02 9.157329e-13
2.120497e+02 9.597585e-13
2.124345e+02 1.102241e-12
2.128193e+02 1.342381e-12
2.132042e+02 1.644957e-12
2.135890e+02 1.908311e-12
2.139739e+02 2.072406e-12
2.143587e+02 2.112429e-12
2.147436e+02 2.113230e-12
2.151284e+02 2.198880e-12
2.155133e+02 2.491050e-12
2.158981e+02 3.016956e-12
2.162829e+02 3.686946e-12
2.166678e+02 4.312109e-12
2.170526e+02 4.724349e-12
2.174375e+02 4.859628e-12
2.178223e+02 4.858027e-12
2.182072e+02 4.986902e-12
2.185920e+02 5.526416e-12
2.189769e+02 6.585432e-12
2.193617e+02 8.008661e-12
2.197466e+02 9.416680e-12
2.201314e+02 1.039965e-11
2.205162e+02 1.079428e-11
2.209011e+02 1.081029e-11
2.212859e+02 1.100160e-11
2.216708e+02 1.198618e-11
2.220556e+02 1.408179e-11
2.224405e+02 1.705072e-11
2.228253e+02 2.012931e-11
2.232102e+02 2.243145e-11
2.235950e+02 2.346646e-11
2.239798e+02 2.357212e-11
2.243647e+02 2.380585e-11
2.247495e+02 2.551165e-11
2.251344e+02 2.951077e-11
2.255192e+02 3.549506e-11
2.259041e+02 4.201805e-11
2.262889e+02 4.720427e-11
2.266738e+02 4.983780e-11
2.270586e+02 5.025324e-11
2.274435e+02 5.049338e-11
2.278283e+02 5.332463e-11
2.282131e+02 6.070813e-11
2.285980e+02 7.242455e-11
2.289828e+02 8.584596e-11
2.293677e+02 9.712772e-11
2.297525e+02 1.034098e-10
2.301374e+02 1.048170e-10
2.305222e+02 1.049675e-10
2.309071e+02 1.094149e-10
2.312919e+02 1.225737e-10
2.316768e+02 1.448579e-10
2.320616e+02 1.716735e-10
2.324464e+02 1.954698e-10
2.328313e+02 2.098989e-10
2.332161e+02 2.140414e-10
2.336010e+02 2.140229e-10
2.339858e+02 2.205491e-10
2.343707e+02 2.431479e-10
2.347555e+02 2.841646e-10
2.351404e+02 3.360964e-10
2.355252e+02 3.846262e-10
2.359100e+02 4.163479e-10
2.362949e+02 4.273343e-10
2.366797e+02 4.273431e-10
2.370646e+02 4.362371e-10
2.374494e+02 4.736452e-10
2.378343e+02 5.469111e-10
2.382191e+02 6.446503e-10
2.386040e+02 7.406966e-10
2.389888e+02 8.079478e-10
2.393737e+02 8.350748e-10
2.397585e+02 8.363315e-10
2.401433e+02 8.472667e-10
2.405282e+02 9.065988e-10
2.409130e+02 1.033218e-09
2.412979e+02 1.211515e-09
2.416827e+02 1.395638e-09
2.420676e+02 1.533009e-09
2.424524e+02 1.595821e-09
2.428373e+02 1.602509e-09
2.432221e+02 1.614155e-09
2.436069e+02 1.704293e-09
2.439918e+02 1.916225e-09
2.443766e+02 2.232107e-09
2.447615e+02 2.574714e-09
2.451463e+02 2.845912e-09
2.455312e+02 2.983958e-09
2.459160e+02 3.007479e-09
2.463009e+02 3.017149e-09
2.466857e+02 3.147376e-09
2.470706e+02 3.490056e-09
2.474554e+02 4.032698e-09
2.478402e+02 4.650975e-09
2.482251e+02 5.168526e-09
2.486099e+02 5.457618e-09
2.489948e+02 5.525199e-09
2.493796e+02 5.529631e-09
2.497645e+02 5.707677e-09
2.501493e+02 6.242888e-09
2.505342e+02 7.147293e-09
2.509190e+02 8.230290e-09
2.513039e+02 9.186576e-09
2.516887e+02 9.766560e-09
2.520735e+02 9.937510e-09
2.524584e+02 9.935927e-09
2.528432e+02 1.016370e-08
2.532281e+02 1.096920e-08
2.536129e+02 1.243027e-08
2.539978e+02 1.427114e-08
2.543826e+02 1.598253e-08
2.547675e+02 1.710025e-08
2.551523e+02 1.749474e-08
2.555371e+02 1.749770e-08
2.559220e+02 1.776639e-08
2.563068e+02 1.893263e-08
2.566917e+02 2.121996e-08
2.570765e+02 2.425698e-08
2.574614e+02 2.722572e-08
2.578462e+02 2.930010e-08
2.582311e+02 3.014697e-08
2.586159e+02 3.019521e-08
2.590008e+02 3.047967e-08
2.593856e+02 3.209921e-08
2.597704e+02 3.556657e-08
2.601553e+02 4.042897e-08
2.605401e+02 4.542286e-08
2.609250e+02 4.913725e-08
2.613098e+02 5.084945e-08
2.616947e+02 5.105097e-08
2.620795e+02 5.130784e-08
2.624644e+02 5.345719e-08
2.628492e+02 5.854248e-08
2.632340e+02 6.609630e-08
2.636189e+02 7.424495e-08
2.640037e+02 8.067069e-08
2.643886e+02 8.395661e-08
2.647734e+02 8.455076e-08
2.651583e+02 8.472557e-08
2.655431e+02 8.743795e-08
2.659280e+02 9.464636e-08
2.663128e+02 1.060311e-07
2.666977e+02 1.189329e-07
2.670825e+02 1.296859e-07
2.674673e+02 1.357061e-07
2.678522e+02 1.371683e-07
2.682370e+02 1.372223e-07
2.686219e+02 1.404534e-07
2.690067e+02 1.503152e-07
2.693916e+02 1.669550e-07
2.697764e+02 1.867781e-07
2.701613e+02 2.041987e-07
2.705461e+02 2.147691e-07
2.709310e+02 2.179666e-07
2.713158e+02 2.179367e-07
2.717006e+02 2.215320e-07
2.720855e+02 2.345324e-07
2.724703e+02 2.581096e-07
2.728552e+02 2.876708e-07
2.732400e+02 3.150150e-07
2.736249e+02 3.328574e-07
2.740097e+02 3.392684e-07
2.743946e+02 3.393774e-07
2.747794e+02 3.430513e-07
2.751642e+02 3.595278e-07
2.755491e+02 3.918939e-07
2.759339e+02 4.346775e-07
2.763188e+02 4.762838e-07
2.767036e+02 5.052999e-07
2.770885e+02 5.172950e-07
2.774733e+02 5.181298e-07
2.778582e+02 5.214807e-07
2.782430e+02 5.415012e-07
2.786279e+02 5.845216e-07
2.790127e+02 6.446157e-07
2.793975e+02 7.060147e-07
2.797824e+02 7.515600e-07
2.801672e+02 7.727389e-07
2.805521e+02 7.755090e-07
2.809369e+02 7.780913e-07
2.813218e+02 8.013263e-07
2.817066e+02 8.566434e-07
2.820915e+02 9.385488e-07
2.824763e+02 1.026452e-06
2.828611e+02 1.095548e-06
2.832460e+02 1.131098e-06
2.836308e+02 1.137977e-06
2.840157e+02 1.139462e-06
2.844005e+02 1.165090e-06
2.847854e+02 1.233831e-06
2.851702e+02 1.342134e-06
2.855551e+02 1.464262e-06
2.859399e+02 1.565691e-06
2.863248e+02 1.622717e-06
2.867096e+02 1.637247e-06
2.870944e+02 1.637693e-06
2.874793e+02 1.664375e-06
2.878641e+02 1.746825e-06
2.882490e+02 1.885722e-06
2.886338e+02 2.050411e-06
2.890187e+02 2.194603e-06
2.894035e+02 2.282355e-06
2.897884e+02 2.309882e-06
2.901732e+02 2.310116e-06
2.905581e+02 2.336094e-06
2.909429e+02 2.431404e-06
2.913277e+02 2.604115e-06
2.917126e+02 2.819697e-06
2.920974e+02 3.018356e-06
2.924823e+02 3.148257e-06
2.928671e+02 3.196313e-06
2.932520e+02 3.198416e-06
2.936368e+02 3.221764e-06
2.940217e+02 3.327757e-06
2.944065e+02 3.535892e-06
2.947913e+02 3.809852e-06
2.951762e+02 4.075263e-06
2.955610e+02 4.260650e-06
2.959459e+02 4.339192e-06
2.963307e+02 4.347033e-06
2.967156e+02 4.366103e-06
2.971004e+02 4.479263e-06
2.974853e+02 4.722236e-06
2.978701e+02 5.060220e-06
2.982550e+02 5.404223e-06
2.986398e+02 5.659709e-06
2.990246e+02 5.781084e-06
2.994095e+02 5.800794e-06
2.997943e+02 5.814813e-06
3.001792e+02 5.930528e-06
3.005640e+02 6.205148e-06
3.009489e+02 6.609958e-06
3.013337e+02 7.042703e-06
3.017186e+02 7.383166e-06
3.021034e+02 7.561725e-06
3.024882e+02 7.602001e-06
3.028731e+02 7.611767e-06
3.032579e+02 7.724865e-06
3.036428e+02 8.025202e-06
3.040276e+02 8.495873e-06
3.044125e+02 9.024397e-06
3.047973e+02 9.463576e-06
3.051822e+02 9.714816e-06
3.055670e+02 9.786875e-06
3.059519e+02 9.795383e-06
3.063367e+02 9.900926e-06
3.067215e+02 1.021861e-05
3.071064e+02 1.074983e-05
3.074912e+02 1.137675e-05
3.078761e+02 1.192569e-05
3.082609e+02 1.226505e-05
3.086458e+02 1.238223e-05
3.090306e+02 1.239513e-05
3.094155e+02 1.248934e-05
3.098003e+02 1.281428e-05
3.101852e+02 1.339621e-05
3.105700e+02 1.411847e-05
3.109548e+02 1.478371e-05
3.113397e+02 1.522483e-05
3.117245e+02 1.540158e-05
3.121094e+02 1.542716e-05
3.124942e+02 1.550824e-05
3.128791e+02 1.582975e-05
3.132639e+02 1.644865e-05
3.136488e+02 1.725715e-05
3.140336e+02 1.803942e-05
3.144184e+02 1.859258e-05
3.148033e+02 1.884321e-05
3.151881e+02 1.889208e-05
3.155730e+02 1.896076e-05
3.159578e+02 1.926856e-05
3.163427e+02 1.990762e-05
3.167275e+02 2.078702e-05
3.171124e+02 2.167979e-05
3.174972e+02 2.234976e-05
3.178821e+02 2.268658e-05
3.182669e+02 2.277060e-05
3.186517e+02 2.283041e-05
3.190366e+02 2.311586e-05
3.194214e+02 2.375679e-05
3.198063e+02 2.468673e-05
3.201911e+02 2.567637e-05
3.205760e+02 2.646143e-05
3.209608e+02 2.689324e-05
3.213457e+02 2.702449e-05
3.217305e+02 2.708150e-05
3.221153e+02 2.733831e-05
3.225002e+02 2.796243e-05
3.228850e+02 2.891824e-05
3.232699e+02 2.998367e-05
3.236547e+02 3.087404e-05
3.240396e+02 3.140389e-05
3.244244e+02 3.159272e-05
3.248093e+02 3.165481e-05
3.251941e+02 3.187986e-05
3.255790e+02 3.247020e-05
3.259638e+02 3.342545e-05
3.263486e+02 3.454015e-05
3.267335e+02 3.551877e-05
3.271183e+02 3.614352e-05
3.275032e+02 3.639733e-05
3.278880e+02 3.647318e-05
3.282729e+02 3.666630e-05
3.286577e+02 3.720821e-05
3.290426e+02 3.813565e-05
3.294274e+02 3.926814e-05
3.298123e+02 4.031016e-05
3.301971e+02 4.101889e-05
3.305819e+02 4.134006e-05
3.309668e+02 4.143759e-05
3.313516e+02 4.160147e-05
3.317365e+02 4.208446e-05
3.321213e+02 4.295915e-05
3.325062e+02 4.407672e-05
3.328910e+02 4.515279e-05
3.332759e+02 4.592841e-05
3.336607e+02 4.631418e-05
3.340455e+02 4.643941e-05
3.344304e+02 4.657851e-05
3.348152e+02 4.699559e-05
3.352001e+02 4.779526e-05
3.355849e+02 4.886511e-05
3.359698e+02 4.994213e-05
3.363546e+02 5.076089e-05
3.367395e+02 5.120192e-05
3.371243e+02 5.135741e-05
3.375092e+02 5.147708e-05
3.378940e+02 5.182579e-05
3.382788e+02 5.253427e-05
3.386637e+02 5.352851e-05
3.390485e+02 5.457408e-05
3.394334e+02 5.540908e-05
3.398182e+02 5.589137e-05
3.402031e+02 5.607603e-05
3.405879e+02 5.618103e-05
3.409728e+02 5.646204e-05
3.413576e+02 5.706893e-05
3.417424e+02 5.796413e-05
3.421273e+02 5.894698e-05
3.425121e+02 5.976918e-05
3.428970e+02 6.027439e-05
3.432818e+02 6.048320e-05
3.436667e+02 6.057763e-05
3.440515e+02 6.079576e-05
3.444364e+02 6.129770e-05
3.448212e+02 6.207792e-05
3.452061e+02 6.297265e-05
3.455909e+02 6.375508e-05
3.459757e+02 6.426317e-05
3.463606e+02 6.448792e-05
3.467454e+02 6.457420e-05
3.471303e+02 6.473574e-05
3.475151e+02 6.513417e-05
3.479000e+02 6.579067e-05
3.482848e+02 6.657852e-05
3.486697e+02 6.729799e-05
3.490545e+02 6.778946e-05
3.494394e+02 6.802063e-05
3.498242e+02 6.810026e-05
3.502090e+02 6.821309e-05
3.505939e+02 6.851469e-05
3.509787e+02 6.904625e-05
3.513636e+02 6.971586e-05
3.517484e+02 7.035422e-05
3.521333e+02 7.081120e-05
3.525181e+02 7.103813e-05
3.529030e+02 7.111098e-05
3.532878e+02 7.118346e-05
3.536726e+02 7.139902e-05
3.540575e+02 7.181198e-05
3.544423e+02 7.236123e-05
3.548272e+02 7.290877e-05
3.552120e+02 7.331910e-05
3.555969e+02 7.353376e-05
3.559817e+02 7.360030e-05
3.563666e+02 7.364136e-05
3.567514e+02 7.378380e-05
3.571363e+02 7.408871e-05
3.575211e+02 7.452088e-05
3.579059e+02 7.497285e-05
3.582908e+02 7.532738e-05
3.586756e+02 7.552241e-05
3.590605e+02 7.558244e-05
3.594453e+02 7.560088e-05
3.598302e+02 7.568545e-05
3.602150e+02 7.589848e-05
3.605999e+02 7.622529e-05
3.609847e+02 7.658634e-05
3.613695e+02 7.688422e-05
3.617544e+02 7.705777e-05
3.621392e+02 7.711349e-05
3.625241e+02 7.711820e-05
3.629089e+02 7.715935e-05
3.632938e+02 7.729634e-05
3.636786e+02 7.753005e-05
3.640635e+02 7.780597e-05
3.644483e+02 7.804718e-05
3.648332e+02 7.819735e-05
3.652180e+02 7.824994e-05
3.656028e+02 7.824866e-05
3.659877e+02 7.826081e-05
3.663725e+02 7.833973e-05
3.667574e+02 7.849728e-05
3.671422e+02 7.870036e-05
3.675271e+02 7.889169e-05
3.679119e+02 7.902193e-05
3.682968e+02 7.907520e-05
3.686816e+02 7.907509e-05
3.690665e+02 7.906938e-05
3.694513e+02 7.910333e-05
3.698361e+02 7.919633e-05
3.702210e+02 7.933390e-05
3.706058e+02 7.947791e-05
3.709907e+02 7.958805e-05
3.713755e+02 7.964256e-05
3.717604e+02 7.964787e-05
3.721452e+02 7.963312e-05
3.725301e+02 7.963392e-05
3.729149e+02 7.967417e-05
3.732997e+02 7.975531e-05
3.736846e+02 7.985729e-05
3.740694e+02 7.994984e-05
3.744543e+02 8.000754e-05
3.748391e+02 8.002151e-05
3.752240e+02 8.000259e-05
3.756088e+02 7.997535e-05
3.759937e+02 7.996606e-05
3.763785e+02 7.999054e-05
3.767634e+02 8.004712e-05
3.771482e+02 8.011749e-05
3.775330e+02 8.017509e-05
3.779179e+02 8.019742e-05
3.783027e+02 8.017687e-05
3.786876e+02 8.012510e-05
3.790724e+02 8.006833e-05
3.794573e+02 8.003530e-05
3.798421e+02 8.004302e-05
3.802270e+02 8.008708e-05
3.806118e+02 8.014203e-05
3.809966e+02 8.017264e-05
3.813815e+02 8.015167e-05
3.817663e+02 8.007518e-05
3.821512e+02 7.996673e-05
3.825360e+02 7.986715e-05
3.829209e+02 7.981384e-05
3.833057e+02 7.981992e-05
3.836906e+02 7.986457e-05
3.840754e+02 7.990134e-05
3.844603e+02 7.988174e-05
3.848451e+02 7.978227e-05
3.852299e+02 7.961983e-05
3.856148e+02 7.944560e-05
3.859996e+02 7.931914e-05
3.863845e+02 7.927542e-05
3.867693e+02 7.930273e-05
3.871542e+02 7.934534e-05
3.875390e+02 7.933150e-05
3.879239e+02 7.921296e-05
3.883087e+02 7.899424e-05
3.886936e+02 7.873414e-05
3.890784e+02 7.851640e-05
3.894632e+02 7.840392e-05
3.898481e+02 7.840135e-05
3.902329e+02 7.844794e-05
3.906178e+02 7.844744e-05
3.910026e+02 7.832060e-05
3.913875e+02 7.805143e-05
3.917723e+02 7.770068e-05
3.921572e+02 7.737646e-05
3.925420e+02 7.717593e-05
3.929268e+02 7.712912e-05
3.933117e+02 7.717728e-05
3.936965e+02 7.720037e-05
3.940814e+02 7.708186e-05
3.944662e+02 7.677518e-05
3.948511e+02 7.633417e-05
3.952359e+02 7.588855e-05
3.956208e+02 7.557537e-05
3.960056e+02 7.546168e-05
3.963905e+02 7.550177e-05
3.967753e+02 7.555647e-05
3.971601e+02 7.546740e-05
3.975450e+02 7.514591e-05
3.979298e+02 7.462639e-05
3.983147e+02 7.405324e-05
3.986995e+02 7.360591e-05
3.990844e+02 7.339932e-05
3.994692e+02 7.341478e-05
3.998541e+02 7.350365e-05
4.002389e+02 7.346541e-05
4.006237e+02 7.315830e-05
4.010086e+02 7.258185e-05
4.013934e+02 7.188368e-05
4.017783e+02 7.128335e-05
4.021631e+02 7.095235e-05
4.025480e+02 7.091535e-05
4.029328e+02 7.102934e-05
4.033177e+02 7.105708e-05
4.037025e+02 7.079694e-05
4.040874e+02 7.019712e-05
4.044722e+02 6.939069e-05
4.048570e+02 6.862858e-05
4.052419e+02 6.814368e-05
4.056267e+02 6.801918e-05
4.060116e+02 6.813592e-05
4.063964e+02 6.823208e-05
4.067813e+02 6.804533e-05
4.071661e+02 6.745912e-05
4.075510e+02 6.657243e-05
4.079358e+02 6.565226e-05
4.083207e+02 6.499020e-05
4.087055e+02 6.473974e-05
4.090903e+02 6.482524e-05
4.094752e+02 6.497726e-05
4.098600e+02 6.487910e-05
4.102449e+02 6.434203e-05
4.106297e+02 6.341257e-05
4.110146e+02 6.235381e-05
4.113994e+02 6.150610e-05
4.117843e+02 6.109823e-05
4.121691e+02 6.111471e-05
4.125539e+02 6.129837e-05
4.129388e+02 6.129011e-05
4.133236e+02 6.082760e-05
4.137085e+02 5.989204e-05
4.140933e+02 5.872402e-05
4.144782e+02 5.769741e-05
4.148630e+02 5.711327e-05
4.152479e+02 5.702753e-05
4.156327e+02 5.721407e-05
4.160176e+02 5.728757e-05
4.164024e+02 5.691694e-05
4.167872e+02 5.600969e-05
4.171721e+02 5.476807e-05
4.175569e+02 5.358378e-05
4.179418e+02 5.282168e-05
4.183266e+02 5.261296e-05
4.187115e+02 5.277708e-05
4.190963e+02 5.291915e-05
4.194812e+02 5.264866e-05
4.198660e+02 5.179794e-05
4.202508e+02 5.051966e-05
4.206357e+02 4.920753e-05
4.210205e+02 4.827919e-05
4.214054e+02 4.794033e-05
4.217902e+02 4.806567e-05
4.221751e+02 4.826562e-05
4.225599e+02 4.810204e-05
4.229448e+02 4.733453e-05
4.233296e+02 4.605840e-05
4.237145e+02 4.465585e-05
4.240993e+02 4.358435e-05
4.244841e+02 4.311853e-05
4.248690e+02 4.319360e-05
4.252538e+02 4.343849e-05
4.256387e+02 4.338259e-05
4.260235e+02 4.272032e-05
4.264084e+02 4.148436e-05
4.267932e+02 4.003113e-05
4.271781e+02 3.884389e-05
4.275629e+02 3.825924e-05
4.279478e+02 3.827466e-05
4.283326e+02 3.854965e-05
4.287174e+02 3.859715e-05
4.291023e+02 3.805630e-05
4.294871e+02 3.689714e-05
4.298720e+02 3.544061e-05
4.302568e+02 3.417689e-05
4.306417e+02 3.348805e-05
4.310265e+02 3.343382e-05
4.314114e+02 3.371817e-05
4.317962e+02 3.385643e-05
4.321810e+02 3.344917e-05
4.325659e+02 3.240861e-05
4.329507e+02 3.100619e-05
4.333356e+02 2.971783e-05
4.337204e+02 2.895385e-05
4.341053e+02 2.882692e-05
4.344901e+02 2.909426e-05
4.348750e+02 2.929647e-05
4.352598e+02 2.901664e-05
4.356447e+02 2.811761e-05
4.360295e+02 2.681626e-05
4.364143e+02 2.555421e-05
4.367992e+02 2.474588e-05
4.371840e+02 2.454817e-05
4.375689e+02 2.477620e-05
4.379537e+02 2.501292e-05
4.383386e+02 2.484846e-05
4.387234e+02 2.411080e-05
4.391083e+02 2.295724e-05
4.394931e+02 2.177793e-05
4.398779e+02 2.097100e-05
4.402628e+02 2.071915e-05
4.406476e+02 2.089355e-05
4.410325e+02 2.113325e-05
4.414173e+02 2.105467e-05
4.418022e+02 2.046844e-05
4.421870e+02 1.947841e-05
4.425719e+02 1.841471e-05
4.429567e+02 1.764274e-05
4.433416e+02 1.735667e-05
4.437264e+02 1.747587e-05
4.441112e+02 1.770031e-05
4.444961e+02 1.768611e-05
4.448809e+02 1.723958e-05
4.452658e+02 1.641970e-05
4.456506e+02 1.549551e-05
4.460355e+02 1.478832e-05
4.464203e+02 1.449010e-05
4.468052e+02 1.456070e-05
4.471900e+02 1.475949e-05
4.475749e+02 1.478852e-05
4.479597e+02 1.446095e-05
4.483445e+02 1.380047e-05
4.487294e+02 1.301926e-05
4.491142e+02 1.239105e-05
4.494991e+02 1.209607e-05
4.498839e+02 1.212508e-05
4.502688e+02 1.229288e-05
4.506536e+02 1.234960e-05
4.510385e+02 1.212323e-05
4.514233e+02 1.161114e-05
4.518081e+02 1.097256e-05
4.521930e+02 1.043237e-05
4.525778e+02 1.015329e-05
4.529627e+02 1.014828e-05
4.533475e+02 1.028161e-05
4.537324e+02 1.035235e-05
4.541172e+02 1.020868e-05
4.545021e+02 9.828749e-06
4.548869e+02 9.325449e-06
4.552718e+02 8.876160e-06
4.556566e+02 8.621317e-06
4.560414e+02 8.589069e-06
4.564263e+02 8.686856e-06
4.568111e+02 8.759873e-06
4.571960e+02 8.679830e-06
4.575808e+02 8.413102e-06
4.579657e+02 8.033030e-06
4.583505e+02 7.672752e-06
4.587354e+02 7.448493e-06
4.591202e+02 7.397148e-06
4.595050e+02 7.461464e-06
4.598899e+02 7.527958e-06
4.602747e+02 7.492642e-06
4.606596e+02 7.316887e-06
4.610444e+02 7.043424e-06
4.614293e+02 6.767038e-06
4.618141e+02 6.579248e-06
4.621990e+02 6.518631e-06
4.625838e+02 6.553906e-06
4.629687e+02 6.606482e-06
4.633535e+02 6.597087e-06
4.637383e+02 6.488797e-06
4.641232e+02 6.303597e-06
4.645080e+02 6.105336e-06
4.648929e+02 5.961361e-06
4.652777e+02 5.905462e-06
4.656626e+02 5.922247e-06
4.660474e+02 5.960071e-06
4.664323e+02 5.962662e-06
4.668171e+02 5.900275e-06
4.672020e+02 5.783530e-06
4.675868e+02 5.653682e-06
4.679716e+02 5.556936e-06
4.683565e+02 5.518673e-06
4.687413e+02 5.531399e-06
4.691262e+02 5.561972e-06
4.695110e+02 5.572531e-06
4.698959e+02 5.541822e-06
4.702807e+02 5.475274e-06
4.706656e+02 5.399387e-06
4.710504e+02 5.344951e-06
4.714352e+02 5.329547e-06
4.718201e+02 5.348998e-06
4.722049e+02 5.381596e-06
4.725898e+02 5.401688e-06
4.729746e+02 5.394194e-06
4.733595e+02 5.362036e-06
4.737443e+02 5.322968e-06
4.741292e+02 5.298397e-06
4.745140e+02 5.301270e-06
4.748989e+02 5.329529e-06
4.752837e+02 5.368318e-06
4.756685e+02 5.399126e-06
4.760534e+02 5.410220e-06
4.764382e+02 5.402568e-06
4.768231e+02 5.388304e-06
4.772079e+02 5.383174e-06
4.775928e+02 5.397591e-06
4.779776e+02 5.431262e-06
4.783625e+02 5.474096e-06
4.787473e+02 5.512361e-06
4.791321e+02 5.536386e-06
4.795170e+02 5.545441e-06
4.799018e+02 5.547379e-06
4.802867e+02 5.553717e-06
4.806715e+02 5.573129e-06
4.810564e+02 5.607049e-06
4.814412e+02 5.649491e-06
4.818261e+02 5.690865e-06
4.822109e+02 5.723377e-06
4.825958e+02 5.744980e-06
4.829806e+02 5.759922e-06
4.833654e+02 5.775879e-06
4.837503e+02 5.799632e-06
4.841351e+02 5.833542e-06
4.845200e+02 5.874710e-06
4.849048e+02 5.916981e-06
4.852897e+02 5.954451e-06
4.856745e+02 5.984500e-06
4.860594e+02 6.008818e-06
4.864442e+02 6.032060e-06
4.868291e+02 6.059080e-06
4.872139e+02 6.092298e-06
4.875987e+02 6.130623e-06
4.879836e+02 6.170309e-06
4.883684e+02 6.207150e-06
4.887533e+02 6.238702e-06
4.891381e+02 6.265367e-06
4.895230e+02 6.289857e-06
4.899078e+02 6.315472e-06
4.902927e+02 6.344263e-06
4.906775e+02 6.376031e-06
4.910623e+02 6.408658e-06
4.914472e+02 6.439434e-06
4.918320e+02 6.466567e-06
4.922169e+02 6.490033e-06
4.926017e+02 6.511384e-06
4.929866e+02 6.532727e-06
4.933714e+02 6.555524e-06
4.937563e+02 6.579875e-06
4.941411e+02 6.604628e-06
4.945260e+02 6.628148e-06
4.949108e+02 6.649262e-06
4.952956e+02 6.667834e-06
4.956805e+02 6.684710e-06
4.960653e+02 6.701144e-06
4.964502e+02 6.718074e-06
4.968350e+02 6.735659e-06
4.972199e+02 6.753301e-06
4.976047e+02 6.770088e-06
4.979896e+02 6.785339e-06
4.983744e+02 6.798967e-06
4.987592e+02 6.811469e-06
4.991441e+02 6.823600e-06
4.995289e+02 6.835956e-06
4.999138e+02 6.848684e-06
5.002986e+02 6.861485e-06
5.006835e+02 6.873861e-06
5.010683e+02 6.885434e-06
5.014532e+02 6.896154e-06
5.018380e+02 6.906294e-06
5.022229e+02 6.916265e-06
5.026077e+02 6.926385e-06
5.029925e+02 6.936727e-06
5.033774e+02 6.947110e-06
5.037622e+02 6.957245e-06
5.041471e+02 6.966911e-06
5.045319e+02 6.976069e-06
5.049168e+02 6.984862e-06
5.053016e+02 6.993501e-06
5.056865e+02 7.002139e-06
5.060713e+02 7.010788e-06
5.064562e+02 7.019332e-06
5.068410e+02 7.027598e-06
5.072258e+02 7.035467e-06
5.076107e+02 7.042931e-06
5.079955e+02 7.050082e-06
5.083804e+02 7.057042e-06
5.087652e+02 7.063892e-06
5.091501e+02 7.070639e-06
5.095349e+02 7.077224e-06
5.099198e+02 7.083574e-06
5.103046e+02 7.089660e-06
5.106894e+02 7.095514e-06
5.110743e+02 7.101211e-06
5.114591e+02 7.106826e-06
5.118440e+02 7.112381e-06
5.122288e+02 7.117822e-06
5.126137e+02 7.123035e-06
5.129985e+02 7.127877e-06
5.133834e+02 7.132249e-06
5.137682e+02 7.136130e-06
5.141531e+02 7.139556e-06
5.145379e+02 7.142575e-06
5.149227e+02 7.145208e-06
5.153076e+02 7.147453e-06
5.156924e+02 7.149304e-06
5.160773e+02 7.150775e-06
5.164621e+02 7.151921e-06
5.168470e+02 7.152832e-06
5.172318e+02 7.153609e-06
5.176167e+02 7.154324e-06
5.180015e+02 7.155013e-06
5.183863e+02 7.155688e-06
5.187712e+02 7.156357e-06
5.191560e+02 7.157037e-06
5.195409e+02 7.157777e-06
5.199257e+02 7.158662e-06
5.203106e+02 7.159786e-06
5.206954e+02 7.161221e-06
5.210803e+02 7.163000e-06
5.214651e+02 7.165141e-06
5.218500e+02 7.167664e-06
5.222348e+02 7.170597e-06
5.226196e+02 7.174002e-06
5.230045e+02 7.177970e-06
5.233893e+02 7.182602e-06
5.237742e+02 7.187987e-06
5.241590e+02 7.194188e-06
5.245439e+02 7.201245e-06
5.249287e+02 7.209189e-06
5.253136e+02 7.218051e-06
5.256984e+02 7.227873e-06
5.260833e+02 7.238712e-06
5.264681e+02 7.250631e-06
5.268529e+02 7.263684e-06
5.272378e+02 7.277900e-06
5.276226e+02 7.293288e-06
5.280075e+02 7.309846e-06
5.283923e+02 7.327557e-06
5.287772e+02 7.346404e-06
5.291620e+02 7.366383e-06
5.295469e+02 7.387501e-06
5.299317e+02 7.409765e-06
5.303165e+02 7.433162e-06
5.307014e+02 7.457669e-06
5.310862e+02 7.483259e-06
5.314711e+02 7.509903e-06
5.318559e+02 7.537580e-06
5.322408e+02 7.566279e-06
5.326256e+02 7.596003e-06
5.330105e+02 7.626756e-06
5.333953e+02 7.658541e-06
5.337802e+02 7.691348e-06
5.341650e+02 7.725156e-06
5.345498e+02 7.759942e-06
5.349347e+02 7.795700e-06
5.353195e+02 7.832447e-06
5.357044e+02 7.870219e-06
5.360892e+02 7.909063e-06
5.364741e+02 7.949019e-06
5.368589e+02 7.990118e-06
5.372438e+02 8.032377e-06
5.376286e+02 8.075802e-06
5.380134e+02 8.120399e-06
5.383983e+02 8.166172e-06
5.387831e+02 8.213113e-06
5.391680e+02 8.261195e-06
5.395528e+02 8.310369e-06
5.399377e+02 8.360559e-06
5.403225e+02 8.411686e-06
5.407074e+02 8.463665e-06
5.410922e+02 8.516421e-06
5.414771e+02 8.569893e-06
5.418619e+02 8.624029e-06
5.422467e+02 8.678786e-06
5.426316e+02 8.734129e-06
5.430164e+02 8.790008e-06
5.434013e+02 8.846360e-06
5.437861e+02 8.903105e-06
5.441710e+02 8.960155e-06
5.445558e+02 9.017423e-06
5.449407e+02 9.074823e-06
5.453255e+02 9.132273e-06
5.457104e+02 9.189694e-06
5.460952e+02 9.247010e-06
5.464800e+02 9.304145e-06
5.468649e+02 9.361026e-06
5.472497e+02 9.417581e-06
5.476346e+02 9.473738e-06
5.480194e+02 9.529421e-06
5.484043e+02 9.584562e-06
5.487891e+02 9.639099e-06
5.491740e+02 9.692975e-06
5.495588e+02 9.746139e-06
5.499436e+02 9.798545e-06
5.503285e+02 9.850153e-06
5.507133e+02 9.900934e-06
5.510982e+02 9.950860e-06
5.514830e+02 9.999914e-06
5.518679e+02 1.004809e-05
5.522527e+02 1.009540e-05
5.526376e+02 1.014186e-05
5.530224e+02 1.018751e-05
5.534073e+02 1.023236e-05
5.537921e+02 1.027645e-05
5.541769e+02 1.031980e-05
5.545618e+02 1.036240e-05
5.549466e+02 1.040426e-05
5.553315e+02 1.044536e-05
5.557163e+02 1.048570e-05
5.561012e+02 1.052525e-05
5.564860e+02 1.056400e-05
5.568709e+02 1.060194e-05
5.572557e+02 1.063906e-05
5.576405e+02 1.067535e-05
5.580254e+02 1.071080e-05
5.584102e+02 1.074540e-05
5.587951e+02 1.077915e-05
5.591799e+02 1.081203e-05
5.595648e+02 1.084404e-05
5.599496e+02 1.087518e-05
5.603345e+02 1.090544e-05
5.607193e+02 1.093483e-05
5.611042e+02 1.096336e-05
5.614890e+02 1.099103e-05
5.618738e+02 1.101787e-05
5.622587e+02 1.104391e-05
5.626435e+02 1.106918e-05
5.630284e+02 1.109372e-05
5.634132e+02 1.111759e-05
5.637981e+02 1.114083e-05
5.641829e+02 1.116352e-05
5.645678e+02 1.118571e-05
5.649526e+02 1.120747e-05
5.653375e+02 1.122886e-05
5.657223e+02 1.124994e-05
5.661071e+02 1.127078e-05
5.664920e+02 1.129144e-05
5.668768e+02 1.131196e-05
5.672617e+02 1.133239e-05
5.676465e+02 1.135278e-05
5.680314e+02 1.137316e-05
5.684162e+02 1.139355e-05
5.688011e+02 1.141397e-05
5.691859e+02 1.143442e-05
5.695707e+02 1.145490e-05
5.699556e+02 1.147537e-05
5.703404e+02 1.149581e-05
5.707253e+02 1.151615e-05
5.711101e+02 1.153637e-05
5.714950e+02 1.155643e-05
5.718798e+02 1.157633e-05
5.722647e+02 1.159606e-05
5.726495e+02 1.161563e-05
5.730344e+02 1.163503e-05
5.734192e+02 1.165423e-05
5.738040e+02 1.167320e-05
5.741889e+02 1.169190e-05
5.745737e+02 1.171026e-05
5.749586e+02 1.172819e-05
5.753434e+02 1.174561e-05
5.757283e+02 1.176239e-05
5.761131e+02 1.177846e-05
5.764980e+02 1.179371e-05
5.768828e+02 1.180812e-05
5.772677e+02 1.182163e-05
5.776525e+02 1.183426e-05
5.780373e+02 1.184600e-05
5.784222e+02 1.185688e-05
5.788070e+02 1.186689e-05
5.791919e+02 1.187608e-05
5.795767e+02 1.188449e-05
5.799616e+02 1.189214e-05
5.803464e+02 1.189909e-05
5.807313e+02 1.190539e-05
5.811161e+02 1.191108e-05
5.815009e+02 1.191624e-05
5.818858e+02 1.192092e-05
5.822706e+02 1.192518e-05
5.826555e+02 1.192911e-05
5.830403e+02 1.193279e-05
5.834252e+02 1.193629e-05
5.838100e+02 1.193969e-05
5.841949e+02 1.194310e-05
5.845797e+02 1.194658e-05
5.849646e+02 1.195024e-05
5.853494e+02 1.195413e-05
5.857342e+02 1.195834e-05
5.861191e+02 1.196292e-05
5.865039e+02 1.196790e-05
5.868888e+02 1.197332e-05
5.872736e+02 1.197920e-05
5.876585e+02 1.198554e-05
5.880433e+02 1.199235e-05
5.884282e+02 1.199962e-05
5.888130e+02 1.200735e-05
5.891978e+02 1.201552e-05
5.895827e+02 1.202414e-05
5.899675e+02 1.203322e-05
5.903524e+02 1.204278e-05
5.907372e+02 1.205286e-05
5.911221e+02 1.206352e-05
5.915069e+02 1.207485e-05
5.918918e+02 1.208695e-05
5.922766e+02 1.209992e-05
5.926615e+02 1.211389e-05
5.930463e+02 1.212898e-05
5.934311e+02 1.214533e-05
5.938160e+02 1.216305e-05
5.942008e+02 1.218228e-05
5.945857e+02 1.220315e-05
5.949705e+02 1.222575e-05
5.953554e+02 1.225020e-05
5.957402e+02 1.227659e-05
5.961251e+02 1.230499e-05
5.965099e+02 1.233548e-05
5.968948e+02 1.236809e-05
5.972796e+02 1.240285e-05
5.976644e+02 1.243978e-05
5.980493e+02 1.247887e-05
5.984341e+02 1.252011e-05
5.988190e+02 1.256348e-05
5.992038e+02 1.260894e-05
5.995887e+02 1.265645e-05
5.999735e+02 1.270597e-05
6.003584e+02 1.275742e-05
6.007432e+02 1.281074e-05
6.011280e+02 1.286586e-05
6.015129e+02 1.292269e-05
6.018977e+02 1.298117e-05
6.022826e+02 1.304123e-05
6.026674e+02 1.310279e-05
6.030523e+02 1.316578e-05
6.034371e+02 1.323011e-05
6.038220e+02 1.329569e-05
6.042068e+02 1.336239e-05
6.045917e+02 1.343008e-05
6.049765e+02 1.349863e-05
6.053613e+02 1.356790e-05
6.057462e+02 1.363774e-05
6.061310e+02 1.370802e-05
6.065159e+02 1.377859e-05
6.069007e+02 1.384931e-05
6.072856e+02 1.392006e-05
6.076704e+02 1.399069e-05
6.080553e+02 1.406109e-05
6.084401e+02 1.413117e-05
6.088249e+02 1.420082e-05
6.092098e+02 1.426994e-05
6.095946e+02 1.433844e-05
6.099795e+02 1.440620e-05
6.103643e+02 1.447313e-05
6.107492e+02 1.453911e-05
6.111340e+02 1.460404e-05
6.115189e+02 1.466780e-05
6.119037e+02 1.473029e-05
6.122886e+02 1.479140e-05
6.126734e+02 1.485105e-05
6.130582e+02 1.490915e-05
6.134431e+02 1.496561e-05
6.138279e+02 1.502039e-05
6.142128e+02 1.507344e-05
6.145976e+02 1.512474e-05
6.149825e+02 1.517430e-05
6.153673e+02 1.522217e-05
6.157522e+02 1.526839e-05
6.161370e+02 1.531306e-05
6.165219e+02 1.535624e-05
6.169067e+02 1.539804e-05
6.172915e+02 1.543855e-05
6.176764e+02 1.547789e-05
6.180612e+02 1.551613e-05
6.184461e+02 1.555334e-05
6.188309e+02 1.558960e-05
6.192158e+02 1.562494e-05
6.196006e+02 1.565938e-05
6.199855e+02 1.569295e-05
6.203703e+02 1.572562e-05
6.207551e+02 1.575741e-05
6.211400e+02 1.578830e-05
6.215248e+02 1.581828e-05
6.219097e+02 1.584736e-05
6.222945e+02 1.587554e-05
6.226794e+02 1.590281e-05
6.230642e+02 1.592920e-05
6.234491e+02 1.595471e-05
6.238339e+02 1.597936e-05
6.242188e+02 1.600319e-05
6.246036e+02 1.602622e-05
6.249884e+02 1.604849e-05
6.253733e+02 1.607004e-05
6.257581e+02 1.609089e-05
6.261430e+02 1.611109e-05
6.265278e+02 1.613068e-05
6.269127e+02 1.614969e-05
6.272975e+02 1.616818e-05
6.276824e+02 1.618619e-05
6.280672e+02 1.620375e-05
6.284520e+02 1.622091e-05
6.288369e+02 1.623774e-05
6.292217e+02 1.625429e-05
6.296066e+02 1.627065e-05
6.299914e+02 1.628689e-05
6.303763e+02 1.630310e-05
6.307611e+02 1.631934e-05
6.311460e+02 1.633567e-05
6.315308e+02 1.635215e-05
6.319157e+02 1.636883e-05
6.323005e+02 1.638574e-05
6.326853e+02 1.640292e-05
6.330702e+02 1.642040e-05
6.334550e+02 1.643821e-05
6.338399e+02 1.645634e-05
6.342247e+02 1.647482e-05
6.346096e+02 1.649364e-05
6.349944e+02 1.651277e-05
6.353793e+02 1.653221e-05
6.357641e+02 1.655192e-05
6.361490e+02 1.657186e-05
6.365338e+02 1.659199e-05
6.369186e+02 1.661225e-05
6.373035e+02 1.663261e-05
6.376883e+02 1.665298e-05
6.380732e+02 1.667331e-05
6.384580e+02 1.669353e-05
6.388429e+02 1.671358e-05
6.392277e+02 1.673337e-05
6.396126e+02 1.675283e-05
6.399974e+02 1.677188e-05
6.403822e+02 1.679045e-05
6.407671e+02 1.680846e-05
6.411519e+02 1.682585e-05
6.415368e+02 1.684255e-05
6.419216e+02 1.685850e-05
6.423065e+02 1.687366e-05
6.426913e+02 1.688798e-05
6.430762e+02 1.690144e-05
6.434610e+02 1.691400e-05
6.438459e+02 1.692564e-05
6.442307e+02 1.693635e-05
6.446155e+02 1.694613e-05
6.450004e+02 1.695499e-05
6.453852e+02 1.696292e-05
6.457701e+02 1.696997e-05
6.461549e+02 1.697614e-05
6.465398e+02 1.698149e-05
6.469246e+02 1.698604e-05
6.473095e+02 1.698985e-05
6.476943e+02 1.699296e-05
6.480791e+02 1.699542e-05
6.484640e+02 1.699726e-05
6.488488e+02 1.699855e-05
6.492337e+02 1.699932e-05
6.496185e+02 1.699964e-05
6.500034e+02 1.699955e-05
6.503882e+02 1.699911e-05
6.507731e+02 1.699837e-05
6.511579e+02 1.699738e-05
6.515428e+02 1.699622e-05
6.519276e+02 1.699495e-05
6.523124e+02 1.699365e-05
6.526973e+02 1.699241e-05
6.530821e+02 1.699134e-05
6.534670e+02 1.699053e-05
6.538518e+02 1.699010e-05
6.542367e+02 1.699017e-05
6.546215e+02 1.699087e-05
6.550064e+02 1.699232e-05
6.553912e+02 1.699466e-05
6.557761e+02 1.699802e-05
6.561609e+02 1.700252e-05
6.565457e+02 1.700829e-05
6.569306e+02 1.701546e-05
6.573154e+02 1.702414e-05
6.577003e+02 1.703445e-05
6.580851e+02 1.704650e-05
6.584700e+02 1.706039e-05
6.588548e+02 1.707621e-05
6.592397e+02 1.709405e-05
6.596245e+02 1.711398e-05
6.600093e+02 1.713609e-05
6.603942e+02 1.716043e-05
6.607790e+02 1.718705e-05
6.611639e+02 1.721601e-05
6.615487e+02 1.724734e-05
6.619336e+02 1.728107e-05
6.623184e+02 1.731723e-05
6.627033e+02 1.735584e-05
6.630881e+02 1.739688e-05
6.634730e+02 1.744036e-05
6.638578e+02 1.748626e-05
6.642426e+02 1.753454e-05
6.646275e+02 1.758517e-05
6.650123e+02 1.763810e-05
6.653972e+02 1.769324e-05
6.657820e+02 1.775051e-05
6.661669e+02 1.780978e-05
6.665517e+02 1.787091e-05
6.669366e+02 1.793374e-05
6.673214e+02 1.799810e-05
6.677062e+02 1.806382e-05
6.680911e+02 1.813071e-05
6.684759e+02 1.819862e-05
6.688608e+02 1.826737e-05
6.692456e+02 1.833681e-05
6.696305e+02 1.840682e-05
6.700153e+02 1.847729e-05
6.704002e+02 1.854812e-05
6.707850e+02 1.861926e-05
6.711699e+02 1.869064e-05
6.715547e+02 1.876223e-05
6.719395e+02 1.883397e-05
6.723244e+02 1.890581e-05
6.727092e+02 1.897770e-05
6.730941e+02 1.904957e-05
6.734789e+02 1.912133e-05
6.738638e+02 1.919289e-05
6.742486e+02 1.926414e-05
6.746335e+02 1.933494e-05
6.750183e+02 1.940518e-05
6.754032e+02 1.947471e-05
6.757880e+02 1.954340e-05
6.761728e+02 1.961111e-05
6.765577e+02 1.967773e-05
6.769425e+02 1.974313e-05
6.773274e+02 1.980722e-05
6.777122e+02 1.986991e-05
6.780971e+02 1.993111e-05
6.784819e+02 1.999078e-05
6.788668e+02 2.004885e-05
6.792516e+02 2.010531e-05
6.796364e+02 2.016014e-05
6.800213e+02 2.021334e-05
6.804061e+02 2.026494e-05
6.807910e+02 2.031497e-05
6.811758e+02 2.036349e-05
6.815607e+02 2.041054e-05
6.819455e+02 2.045619e-05
6.823304e+02 2.050047e-05
6.827152e+02 2.054344e-05
6.831001e+02 2.058513e-05
6.834849e+02 2.062560e-05
6.838697e+02 2.066490e-05
6.842546e+02 2.070308e-05
6.846394e+02 2.074023e-05
6.850243e+02 2.077643e-05
6.854091e+02 2.081177e-05
6.857940e+02 2.084633e-05
6.861788e+02 2.088022e-05
6.865637e+02 2.091349e-05
6.869485e+02 2.094623e-05
6.873333e+02 2.097849e-05
6.877182e+02 2.101033e-05
6.881030e+02 2.104178e-05
6.884879e+02 2.107290e-05
6.888727e+02 2.110369e-05
6.892576e+02 2.113420e-05
6.896424e+02 2.116446e-05
6.900273e+02 2.119448e-05
6.904121e+02 2.122429e-05
6.907970e+02 2.125393e-05
6.911818e+02 2.128341e-05
6.915666e+02 2.131279e-05
6.919515e+02 2.134209e-05
6.923363e+02 2.137136e-05
6.927212e+02 2.140068e-05
6.931060e+02 2.143010e-05
6.934909e+02 2.145973e-05
6.938757e+02 2.148963e-05
6.942606e+02 2.151991e-05
6.946454e+02 2.155064e-05
6.950303e+02 2.158187e-05
6.954151e+02 2.161366e-05
6.957999e+02 2.164601e-05
6.961848e+02 2.167890e-05
6.965696e+02 2.171231e-05
6.969545e+02 2.174615e-05
6.973393e+02 2.178038e-05
6.977242e+02 2.181488e-05
6.981090e+02 2.184956e-05
6.984939e+02 2.188432e-05
6.988787e+02 2.191903e-05
6.992635e+02 2.195357e-05
6.996484e+02 2.198780e-05
7.000332e+02 2.202158e-05
7.004181e+02 2.205476e-05
7.008029e+02 2.208720e-05
7.011878e+02 2.211875e-05
7.015726e+02 2.214928e-05
7.019575e+02 2.217866e-05
7.023423e+02 2.220678e-05
7.027272e+02 2.223354e-05
7.031120e+02 2.225885e-05
7.034968e+02 2.228264e-05
7.038817e+02 2.230484e-05
7.042665e+02 2.232539e-05
7.046514e+02 2.234425e-05
7.050362e+02 2.236140e-05
7.054211e+02 2.237684e-05
7.058059e+02 2.239057e-05